2 4.99 0.131552
2 5 0.130438
2 5 0.129829
2 5.02 0.126639
2 5.03 0.124289
2 5.05 0.120593
2 5.05 0.115948
2 5.08 0.109755
2 5.08 0.0963818
2 5.09 0.0836237
2 5.11 0.0613833
2 5.13 0.05
2 5.14 0.05
2 5.15 0.05
2 5.16 0.05
2 5.17 0.05
2 5.17 0.05
2 5.19 0.05
2 5.2 0.05
2 5.21 0.05
2 5.22 0.05
2 5.24 0.05
2 5.25 0.05
2 5.26 0.05
2 5.27 0.05
2 5.29 0.05
2 5.3 0.05
2 5.32 0.05
2 5.33 0.05
2 5.34 0.05
2 5.36 0.05
2 5.37 0.05
2 5.37 0.05
2 5.4 0.05
2 5.41 0.05
2 5.41 0.05
2 5.43 0.05
2 5.45 0.05
2 5.45 0.05
2 5.46 0.05
2 5.48 0.05
2 5.49 0.05
2 5.5 0.05
2 5.51 0.05
2 5.52 0.05
2 5.54 0.05
2 5.55 0.05
2 5.56 0.05
2 5.58 0.05
2 5.59 0.05
2 5.6 0.05
2 5.62 0.05
2 5.62 0.05
2 5.64 0.05
2 5.65 0.05
2 5.67 0.05
2 5.68 0.05
2 5.69 0.05
2 5.7 0.05
2 5.71 0.05
2 5.72 0.05
2 5.73 0.05
2 5.75 0.05
2 5.76 0.05
2 5.77 0.05
2 5.78 0.05
2 5.79 0.466181
2 5.81 0.78357
2 5.82 0.781223
2 5.84 0.8
2 5.85 0.8
2 5.85 0.8
2 5.87 0.8
2 5.88 0.8
2 5.89 0.8
2 5.91 0.8
2 5.91 0.8
2 5.93 0.8
2 5.94 0.8
2 5.96 0.8
2 5.97 0.8
2 5.98 0.8
2 5.99 0.8
2 6 0.8
2 6.01 0.8
2 6.03 0.8
2 6.04 0.8
2 6.05 0.8
2 6.07 0.8
2 6.08 0.8
2 6.09 0.8
2 6.1 0.8
2 6.12 0.8
2 6.13 0.8
2 6.14 0.8
2 6.15 0.8
2 6.16 0.8
2 6.17 0.8
2 6.19 0.8
2 6.2 0.8
2 6.21 0.8
2 6.22 0.8
2 6.23 0.8
2 6.24 0.8
2 6.26 0.8
2 6.27 0.8
2 6.28 0.8
2 6.3 0.8
2 6.31 0.8
2 6.32 0.8
2 6.33 0.8
2 6.35 0.8
2 6.36 0.8
2 6.37 0.8
2 6.38 0.8
2 6.39 0.8
2 6.41 0.781526
2 6.42 0.8
2 6.43 0.616542
2 6.44 0.623018
2 6.45 0.373147
2 6.46 0.05
2 6.47 0.05
2 6.49 0.05
2 6.5 0.212137
2 6.52 0.3793
2 6.53 0.05
2 6.54 0.05
2 6.55 0.05
2 6.56 0.05
2 6.57 0.05
2 6.59 0.8
2 6.6 0.8
2 6.61 0.8
2 6.62 0.8
2 6.63 0.8
2 6.66 0.8
2 6.67 0.8
2 6.68 0.8
2 6.69 0.683953
2 6.71 0.647072
2 6.72 0.658095
2 6.73 0.668394
2 6.74 0.683393
2 6.75 0.701398
2 6.76 0.712544
2 6.78 0.740407
2 6.79 0.7176
2 6.8 0.676566
2 6.82 0.630208
2 6.83 0.628224
2 6.84 0.614927
2 6.85 0.60958
2 6.87 0.587207
2 6.88 0.583011
2 6.89 0.565172
2 6.91 0.554822
2 6.92 0.555653
2 6.93 0.565478
2 6.95 0.571227
2 6.96 0.583383
2 6.97 0.600128
2 6.99 0.607242
2 7 0.603032
2 7.01 0.606044
2 7.03 0.693851
2 7.04 0.708507
2 7.06 0.767954
2 7.07 0.769545
2 7.09 0.756611
2 7.1 0.534542
2 7.11 0.533261
2 7.12 0.507171
2 7.14 0.486659
2 7.15 0.483741
2 7.16 0.466067
2 7.17 0.471211
2 7.18 0.465936
2 7.2 0.689184
2 7.21 0.681403
2 7.22 0.62662
2 7.23 0.574867
2 7.24 0.462541
2 7.25 0.461702
2 7.26 0.607771
2 7.28 0.312961
2 7.29 0.304026
2 7.3 0.346324
2 7.32 0.0948266
2 7.33 0.081848
2 7.34 0.05
2 7.36 0.05
2 7.37 0.05
2 7.38 0.05
2 7.39 0.05
2 7.4 0.05
2 7.41 0.05
2 7.42 0.05
2 7.44 0.05
2 7.45 0.05
2 7.46 0.05
2 7.48 0.05
2 7.49 0.05
2 7.5 0.05
2 7.52 0.05
2 7.53 0.05
2 7.54 0.05
2 7.55 0.05
2 7.56 0.05
2 7.58 0.05
2 7.59 0.05
2 7.61 0.05
2 7.62 0.05
2 7.63 0.05
2 7.64 0.05
2 7.66 0.05
2 7.67 0.05
2 7.68 0.05
2 7.69 0.05
2 7.7 0.05
2 7.72 0.05
2 7.73 0.05
2 7.74 0.05
2 7.76 0.05
2 7.77 0.05
2 7.78 0.05
2 7.79 0.05
2 7.81 0.05
2 7.82 0.05
2 7.83 0.05
2 7.84 0.05
2 7.85 0.05
2 7.86 0.05
2 7.88 0.05
2 7.89 0.05
2 7.9 0.05
2 7.92 0.05
2 7.93 0.05
2 7.94 0.05
2 7.95 0.25577
2 7.96 0.05
2 7.97 0.05
2 7.99 0.720704
2 8 0.167571
2 8.01 0.248354
2 8.03 0.673109
2 8.04 0.718582
2 8.05 0.8
2 8.06 0.8
2 8.08 0.8
2 8.09 0.559802
2 8.1 0.474283
2 8.12 0.05
2 8.13 0.0935246
2 8.14 0.305994
2 8.15 0.05
2 8.16 0.05
2 8.18 0.05
2 8.19 0.05
2 8.2 0.05
2 8.22 0.05
2 8.23 0.05
2 8.24 0.05
2 8.25 0.05
2 8.27 0.05
2 8.28 0.05
2 8.29 0.05
2 8.3 0.05
2 8.31 0.05
2 8.32 0.05
2 8.33 0.05
2 8.35 0.05
2 8.36 0.05
2 8.37 0.05
2 8.38 0.05
2 8.39 0.05
2 8.4 0.05
2 8.41 0.05
2 8.42 0.05
2 8.44 0.05
2 8.45 0.05
2 8.46 0.05
2 8.47 0.05
2 8.48 0.05
2 8.5 0.05
2 8.51 0.05
2 8.52 0.05
2 8.54 0.05
2 8.55 0.05
2 8.56 0.05
2 8.57 0.05
2 8.58 0.05
2 8.6 0.05
2 8.61 0.05
2 8.62 0.05
2 8.63 0.05
2 8.65 0.05
2 8.66 0.05
2 8.67 0.05
2 8.68 0.05
2 8.69 0.05
