2 52.2 0.132
2 52.21 0.133873
2 52.23 0.129491
2 52.24 0.125075
2 52.26 0.11657
2 52.27 0.105975
2 52.28 0.0947346
2 52.29 0.0825475
2 52.31 0.0627332
2 52.32 0.05
2 52.33 0.05
2 52.34 0.05
2 52.36 0.05
2 52.37 0.05
2 52.38 0.05
2 52.4 0.05
2 52.41 0.05
2 52.43 0.05
2 52.44 0.05
2 52.45 0.05
2 52.46 0.05
2 52.48 0.05
2 52.49 0.05
2 52.5 0.05
2 52.51 0.05
2 52.52 0.05
2 52.54 0.05
2 52.55 0.05
2 52.56 0.05
2 52.57 0.05
2 52.59 0.05
2 52.6 0.05
2 52.61 0.05
2 52.63 0.05
2 52.64 0.05
2 52.66 0.05
2 52.67 0.05
2 52.68 0.05
2 52.69 0.05
2 52.7 0.05
2 52.71 0.05
2 52.73 0.05
2 52.74 0.05
2 52.75 0.05
2 52.76 0.05
2 52.77 0.05
2 52.78 0.05
2 52.79 0.05
2 52.8 0.05
2 52.81 0.05
2 52.83 0.05
2 52.84 0.05
2 52.85 0.05
2 52.86 0.05
2 52.87 0.05
2 52.89 0.05
2 52.9 0.05
2 52.91 0.05
2 52.92 0.05
2 52.93 0.05
2 52.94 0.05
2 52.95 0.05
2 52.97 0.05
2 52.98 0.05
2 53 0.05
2 53.01 0.05
2 53.02 0.05
2 53.03 0.05
2 53.04 0.05
2 53.05 0.05
2 53.06 0.05
2 53.07 0.05
2 53.09 0.05
2 53.1 0.05
2 53.11 0.05
