3 18.7 -10 0 0 0 0 0 0 0 0 0 0 0 0
0 18.7 0.832971 -0.0499485 1.75791 -0.0192413 0.0235521 1.56628 -0.0063171 0.0146855 0.0386838 0.00306973 0.00414754 -0.00122552
1 18.7 0.832718 -0.0493611 1.75946 -0.0191198 0.023717 1.56622 -0.0129777 0.0229121 -0.00576762 0.285459 -0.0542499 0.0153186
4 18.7 1.5 0 1.5 0 0 1.57075 0 0 0 0 0 0
5 18.7 50 0.00214529 3
6 18.7 21.3217 0.315967 -0.0670004 0.0528172
0 18.72 0.83284 -0.0498549 1.75798 -0.0191518 0.0235915 1.56626 -0.00677633 0.0145326 0.0392355 0.00398748 -0.00373885 0.00655213
1 18.72 0.832569 -0.0492736 1.75955 -0.018986 0.023447 1.56652 -0.0134042 0.0227714 -0.00528415 0.285727 -0.0549183 0.0200655
4 18.72 1.5 0 1.5 0 0 1.57075 0 0 0 0 0 0
5 18.72 50 0.00142479 3
6 18.72 21.3175 0.315238 -0.0587216 0.0431413
0 18.74 0.832729 -0.0498277 1.75784 -0.0191116 0.0235822 1.56639 -0.00691888 0.0144383 0.0369271 0.00731885 -0.000583591 0.0087141
1 18.74 0.832452 -0.0492502 1.75932 -0.0188107 0.0235655 1.56674 -0.0135397 0.0226801 -0.00728683 0.285568 -0.0542203 0.0217225
4 18.74 1.5 0 1.5 0 0 1.57075 0 0 0 0 0 0
5 18.74 50 0.00209045 3
6 18.74 21.3362 0.311334 -0.0615439 0.0415293
0 18.75 0.832603 -0.0497396 1.75781 -0.0187655 0.0235671 1.56666 -0.00676132 0.0140604 0.0258949 0.0545545 -0.00436694 0.0116094
1 18.75 0.832332 -0.0491772 1.75884 -0.0165723 0.0234012 1.56713 -0.0133097 0.0223527 -0.0158615 0.288777 -0.0542042 0.0237491
4 18.75 1.5 0 1.5 0 0 1.57075 0 0 0 0 0 0
5 18.75 50 0.00210309 3
6 18.75 21.4867 0.26207 -0.057232 0.0387556
0 18.76 0.8325 -0.0497279 1.75756 -0.0179517 0.0235074 1.56679 -0.00625729 0.0134958 0.0137358 0.110153 -0.00945402 0.0111433
1 18.76 0.83225 -0.0491881 1.75811 -0.013535 0.0231373 1.56724 -0.0125593 0.0218154 -0.0258911 0.290247 -0.0536571 0.0246206
4 18.76 1.5 0 1.5 0 0 1.57075 0 0 0 0 0 0
5 18.76 50 0.0010488 2
6 18.76 21.6168 0.2015 -0.050817 0.0430252
0 18.77 0.832398 -0.0496783 1.75718 -0.0167171 0.023431 1.56691 -0.0048697 0.0126328 -0.00822128 0.176569 -0.012904 0.0130909
1 18.77 0.832204 -0.049173 1.75685 -0.00964188 0.0229237 1.56744 -0.0108055 0.0210197 -0.0437308 0.292108 -0.0535871 0.0265181
4 18.77 1.5 0 1.5 0 0 1.57075 0 0 0 0 0 0
5 18.77 50 0.00190163 2
6 18.77 21.8686 0.129264 -0.0468683 0.0428639
0 18.79 0.832299 -0.0496609 1.75649 -0.0107829 0.0228129 1.56728 -0.00308409 0.0114109 -0.0391617 0.363837 -0.0424854 0.0211846
1 18.79 0.832176 -0.0492045 1.75493 0.00379039 0.0211227 1.56815 -0.00695732 0.0196794 -0.0697747 0.288535 -0.0527864 0.035562
4 18.79 1.5 0 1.5 0 0 1.57075 0 0 0 0 0 0
5 18.79 50 0.00102711 2
6 18.79 22.1665 -0.0843295 -0.0124579 0.0458822
0 18.8 0.832247 -0.0496322 1.75578 -0.0058528 0.0223634 1.5676 -0.00167743 0.0103984 -0.0662111 0.425683 -0.034333 0.0212207
1 18.8 0.83218 -0.0492162 1.75313 0.0111937 0.0209951 1.56845 -0.00380392 0.0186304 -0.0908798 0.283045 -0.0493768 0.0362486
4 18.8 1.5 0 1.5 0 0 1.57075 0 0 0 0 0 0
5 18.8 50 0.00124645 2
6 18.8 22.5296 -0.159658 -0.0180093 0.0479602
0 18.81 0.83218 -0.04962 1.75438 -0.00132269 0.0220276 1.56778 -0.000128658 0.00925343 -0.101664 0.453922 -0.0343551 0.0154162
1 18.81 0.832175 -0.0492499 1.75031 0.0168478 0.0206542 1.56839 -0.000597622 0.0174779 -0.120817 0.273959 -0.0480535 0.0330103
4 18.81 1.5 0 1.5 0 0 1.57075 0 0 0 0 0 0
5 18.81 50 0.00107026 1
6 18.81 22.8669 -0.201405 -0.0162969 0.0561515
0 18.82 0.832145 -0.0495873 1.75225 0.00319569 0.021686 1.56803 0.00174753 0.00795204 -0.149701 0.455663 -0.0352832 0.0258561
1 18.82 0.832215 -0.0492692 1.74626 0.0214445 0.0202714 1.56906 0.00298241 0.0161736 -0.162887 0.260964 -0.0462215 0.0408158
4 18.82 1.5 0 1.5 0 0 1.57075 0 0 0 0 0 0
5 18.82 50 0.000800133 1
6 18.82 23.2325 -0.217925 -0.0135269 0.0477404
0 18.84 0.83212 -0.0495749 1.74961 0.01082 0.0210747 1.56845 0.00412369 0.00663593 -0.210819 0.413633 -0.0347388 0.0335222
1 18.84 0.832285 -0.0493094 1.74118 0.0273932 0.0196708 1.56977 0.00832341 0.0147679 -0.216943 0.236463 -0.04405 0.0473242
4 18.84 1.5 0 1.5 0 0 1.57075 0 0 0 0 0 0
5 18.84 50 0.00123024 1
6 18.84 23.666 -0.198332 -0.0118331 0.0440465
0 18.85 0.832141 -0.0495567 1.74672 0.0149452 0.0207781 1.56886 0.00601514 0.00537658 -0.267845 0.393469 -0.0256868 0.0342937
1 18.85 0.832381 -0.0493417 1.736 0.0307121 0.0197303 1.57021 0.011903 0.0135278 -0.267454 0.222036 -0.0425962 0.049187
4 18.85 1.5 0 1.5 0 0 1.57075 0 0 0 0 0 0
5 18.85 50 0.000688791 1
6 18.85 24.0663 -0.19189 -0.0205197 0.0475353
0 18.86 0.83215 -0.0495472 1.74287 0.0193224 0.0205574 1.56928 0.00809932 0.00415354 -0.328857 0.348452 -0.0158249 0.0330236
1 18.86 0.832474 -0.0493811 1.72972 0.0332874 0.019899 1.57059 0.0158381 0.0123604 -0.321528 0.205131 -0.0410004 0.0497609
4 18.86 1.5 0 1.5 0 0 1.57075 0 0 0 0 0 0
5 18.86 50 0.000751019 1
6 18.86 24.4931 -0.160405 -0.0298389 0.0534276
0 18.88 0.832207 -0.0495414 1.73816 0.0250446 0.0205175 1.57012 0.01009 0.00252001 -0.398214 0.264389 0.00738078 0.0450334
1 18.88 0.832611 -0.0494406 1.72223 0.0356573 0.0207675 1.57192 0.020306 0.0108754 -0.383101 0.182176 -0.0386602 0.0593015
4 18.88 1.5 0 1.5 0 0 1.57075 0 0 0 0 0 0
5 18.88 50 0.000758171 1
6 18.88 24.9733 -0.091961 -0.0538114 0.0455532
0 18.89 0.832229 -0.0495434 1.73406 0.0269105 0.0206194 1.5705 0.0119615 0.000528949 -0.467875 0.228442 0.0157954 0.0489574
1 18.89 0.832707 -0.0495223 1.71534 0.0360888 0.0211983 1.57247 0.0231448 0.00908983 -0.444985 0.171579 -0.0375755 0.0633305
4 18.89 1.5 0 1.5 0 0 1.57075 0 0 0 0 0 0
5 18.89 50 0.000771284 1
6 18.89 25.4511 -0.0635609 -0.0621612 0.0458902
0 18.9 0.832324 -0.0495687 1.72768 0.0291263 0.0208613 1.57102 0.0144541 -0.00156279 -0.556966 0.190848 0.0273486 0.0441497
1 18.9 0.832903 -0.0496312 1.7054 0.0367978 0.0219034 1.57281 0.0268484 0.00731546 -0.523974 0.15937 -0.037601 0.0620999
4 18.9 1.5 0 1.5 0 0 1.57075 0 0 0 0 0 0
5 18.9 50 0.000840902 1
6 18.9 26.072 -0.0351231 -0.0752171 0.0573119
0 18.91 0.832367 -0.0495509 1.72107 0.0312004 0.0211426 1.57155 0.0164377 -0.00305955 -0.632049 0.169078 0.0249231 0.0485333
1 18.91 0.833025 -0.0496733 1.69579 0.0380052 0.0220785 1.57352 0.0299823 0.00612988 -0.590353 0.149192 -0.0382255 0.0660442
4 18.91 1.5 0 1.5 0 0 1.57075 0 0 0 0 0 0
5 18.91 50 0.00126076 1
6 18.91 26.6072 -0.0221519 -0.0731324 0.0559084
0 18.92 0.832467 -0.0495629 1.71364 0.0328574 0.0214112 1.57208 0.0186882 -0.00489915 -0.708975 0.157243 0.0279531 0.0543718
1 18.92 0.833214 -0.0497588 1.68528 0.0391945 0.0224573 1.57429 0.0333014 0.00464599 -0.656519 0.137519 -0.0400608 0.0796351
4 18.92 1.5 0 1.5 0 0 1.57075 0 0 0 0 0 0
5 18.92 50 0.00147748 2
6 18.92 27.2684 -0.0219451 -0.078743 0.0806581
0 18.94 0.832574 -0.0495511 1.70266 0.0354644 0.0218213 1.57314 0.0221493 -0.00705213 -0.813505 0.149823 0.02107 0.0660914
1 18.94 0.83346 -0.0498332 1.67012 0.0415156 0.0225698 1.57581 0.0385941 0.00311445 -0.741842 0.120372 -0.0456191 0.107892
4 18.94 1.5 0 1.5 0 0 1.57075 0 0 0 0 0 0
5 18.94 50 0.0029304 2
6 18.94 28.4485 -0.0328396 -0.0773352 0.133453
0 18.95 0.832711 -0.0495768 1.69404 0.0373328 0.0220233 1.57391 0.0248523 -0.00863759 -0.888785 0.150646 0.0159939 0.0646858
1 18.95 0.833705 -0.0499223 1.65848 0.0434161 0.022566 1.57652 0.0425901 0.001895 -0.80552 0.11249 -0.0463394 0.110468
4 18.95 1.5 0 1.5 0 0 1.57075 0 0 0 0 0 0
5 18.95 50 0.00111604 2
6 18.95 29.1618 -0.0426087 -0.0723247 0.146161
0 18.96 0.83286 -0.0495583 1.67868 0.0388621 0.0221777 1.57462 0.0277274 -0.0114298 -0.997936 0.15392 0.0177179 0.0700675
1 18.96 0.833969 -0.0500155 1.63876 0.0450816 0.022777 1.57745 0.0476075 9.75531e-06 -0.878042 0.0967628 -0.0546239 0.176482
4 18.96 1.5 0 1.5 0 0 1.57075 0 0 0 0 0 0
5 18.96 50 0.000915766 1
6 18.96 31.4094 -0.063852 -0.0838939 0.33973
0 18.98 0.833077 -0.0496128 1.66477 0.0420928 0.0224223 1.57614 0.0304408 -0.0138105 -1.08999 0.161971 0.00749607 0.0781291
1 18.98 0.834295 -0.0501652 1.62117 0.0486419 0.0225904 1.57928 0.0527457 -0.00178353 -0.951416 0.0863973 -0.0524902 0.189298
4 18.98 1.5 0 1.5 0 0 1.57075 0 0 0 0 0 0
5 18.98 50 0.000762224 1
6 18.98 32.559 -0.0845119 -0.0698732 0.354908
0 18.99 0.833175 -0.0495818 1.65267 0.0437199 0.0224258 1.57695 0.033477 -0.0160109 -1.17638 0.153787 0.00298486 0.0809296
1 18.99 0.834514 -0.0502222 1.60562 0.049944 0.0224036 1.58019 0.0576073 -0.00345418 -1.01558 0.0787084 -0.0559632 0.199659
4 18.99 1.5 0 1.5 0 0 1.57075 0 0 0 0 0 0
5 18.99 50 0.00129294 2
6 18.99 33.9241 -0.0839866 -0.0686648 0.379044
0 19 0.833398 -0.0496383 1.63886 0.0447859 0.0223937 1.57755 0.0366804 -0.0180315 -1.2576 0.149284 -0.00176086 0.0882798
1 19 0.834865 -0.0503596 1.58856 0.0508362 0.0221652 1.58108 0.0626685 -0.00482674 -1.06828 0.0708107 -0.0596077 0.214687
4 19 1.5 0 1.5 0 0 1.57075 0 0 0 0 0 0
5 19 50 0.00142264 2
6 19 35.6748 -0.0878169 -0.0674621 0.403556
0 19.02 0.833777 -0.0496589 1.61135 0.0479025 0.022071 1.57987 0.0434227 -0.0216531 -1.39958 0.126151 -0.0178418 0.116057
1 19.02 0.835514 -0.0505251 1.55536 0.0530502 0.0211359 1.58448 0.0749357 -0.00679765 -1.132 0.0521007 -0.0720472 0.254656
4 19.02 1.5 0 1.5 0 0 1.57075 0 0 0 0 0 0
5 19.02 50 0.00341105 2
6 19.02 40.48 -0.0830246 -0.0634053 0.442475
0 19.04 0.834001 -0.0496059 1.59293 0.0500196 0.021318 1.5826 0.0475714 -0.0231542 -1.46672 0.0962559 -0.0338574 0.154469
1 19.04 0.835904 -0.0505321 1.53426 0.054 0.0196565 1.58871 0.0815032 -0.00823016 -1.178 0.0440647 -0.0656292 0.268238
4 19.04 1.5 0 1.5 0 0 1.57075 0 0 0 0 0 0
5 19.04 50 0.00107265 2
6 19.04 41.7804 -0.058825 -0.0376858 0.363204
0 19.05 0.834469 -0.049694 1.57031 0.0508799 0.0209067 1.58426 0.0529317 -0.0249294 -1.54245 0.0792563 -0.0328255 0.175963
1 19.05 0.836586 -0.0506912 1.50861 0.0541957 0.0192374 1.59122 0.0887032 -0.0096788 -1.22859 0.0383213 -0.0629097 0.281586
4 19.05 1.5 0 1.5 0 0 1.57075 0 0 0 0 0 0
5 19.05 50 0.00157714 2
6 19.05 43.3242 -0.046275 -0.035673 0.337199
0 19.07 0.834828 -0.049627 1.54749 0.0519865 0.0201258 1.58745 0.0578987 -0.0263641 -1.61167 0.0525408 -0.0397943 0.192912
1 19.07 0.837144 -0.0506816 1.48302 0.0542416 0.0181352 1.59507 0.0965677 -0.0106634 -1.25614 0.0328742 -0.0617948 0.286615
4 19.07 1.5 0 1.5 0 0 1.57075 0 0 0 0 0 0
5 19.07 50 0.00191283 3
6 19.07 45.8819 -0.0226332 -0.0260824 0.299145
0 19.08 0.835396 -0.0497219 1.52318 0.0525872 0.0194238 1.58992 0.0630892 -0.0284945 -1.69414 0.0395547 -0.0512833 0.209855
1 19.08 0.837919 -0.0508617 1.45542 0.0543301 0.0169341 1.5982 0.104278 -0.0123943 -1.29846 0.0270137 -0.0571312 0.293268
4 19.08 1.5 0 1.5 0 0 1.57075 0 0 0 0 0 0
5 19.08 50 0.00312185 5
6 19.08 48.346 -0.0149127 -0.00739797 0.266292
0 19.09 0.835634 -0.049641 1.50776 0.0528802 0.0188751 1.59165 0.0674332 -0.0301007 -1.75298 0.0290471 -0.0588468 0.224066
1 19.09 0.838331 -0.0508451 1.43764 0.0542087 0.0160508 1.60048 0.111698 -0.0132678 -1.30278 0.0241627 -0.0586902 0.300347
4 19.09 1.5 0 1.5 0 0 1.57075 0 0 0 0 0 0
5 19.09 50 0.00141215 3
6 19.09 51.6908 -0.00654386 -0.000360178 0.243524
0 19.11 0.836245 -0.0497329 1.48412 0.0533282 0.0173232 1.59661 0.0733707 -0.0323409 -1.83331 0.0117777 -0.0663921 0.250734
1 19.11 0.83918 -0.0510266 1.41079 0.0539704 0.0141367 1.60649 0.127934 -0.0130637 -1.1947 0.0222575 -0.0116728 0.564904
4 19.11 1.5 0 1.5 0 0 1.57075 0 0 0 0 0 0
5 19.11 50 0.000765562 1
6 19.11 63.2489 0.0103641 0.0625358 1.00299
0 19.12 0.8367 -0.0496504 1.46138 0.0533681 0.016323 1.59958 0.0778459 -0.0336822 -1.90161 -0.00727278 -0.0775172 0.268804
1 19.12 0.839814 -0.0509977 1.38531 0.0532498 0.0126532 1.61015 0.134424 -0.0145977 -1.22516 0.0218152 0.00185717 0.550356
4 19.12 1.5 0 1.5 0 0 1.57075 0 0 0 0 0 0
5 19.12 50 0.0011003 1
6 19.12 65.5686 0.0308422 0.0912301 0.898855
0 19.13 0.837205 -0.0496893 1.44197 0.0532926 0.0153929 1.60231 0.0813242 -0.0348681 -1.95926 -0.0146328 -0.0783009 0.276734
1 19.13 0.840458 -0.051084 1.3636 0.0528749 0.0116756 1.6132 0.139518 -0.0160704 -1.2503 0.0201065 0.0122855 0.543278
4 19.13 1.5 0 1.5 0 0 1.57075 0 0 0 0 0 0
5 19.13 50 0.000730276 1
6 19.13 67.5626 0.0370975 0.104268 0.850944
0 19.15 0.83806 -0.0496404 1.4066 0.0530552 0.0141963 1.60581 0.0875953 -0.0363255 -2.02883 -0.0267297 -0.0864003 0.294067
1 19.15 0.841564 -0.0510934 1.32544 0.0521502 0.0101214 1.61738 0.147998 -0.0178904 -1.27248 0.0151312 0.0280065 0.527762
4 19.15 1.5 0 1.5 0 0 1.57075 0 0 0 0 0 0
5 19.15 50 0.00217676 1
6 19.15 70.4673 0.04476 0.131913 0.746076
0 19.16 0.838932 -0.0497512 1.3781 0.0523648 0.0122623 1.61105 0.0936005 -0.0375126 -2.06866 -0.0524061 -0.105042 0.321414
1 19.16 0.842676 -0.0512517 1.29535 0.0504233 0.00739348 1.62367 0.154859 -0.0205544 -1.28031 0.00916405 0.0537142 0.487426
4 19.16 1.5 0 1.5 0 0 1.57075 0 0 0 0 0 0
5 19.16 50 0.00135112 1
6 19.16 72.4256 0.0661293 0.183542 0.529999
0 19.18 0.839343 -0.0496552 1.35993 0.0517507 0.011141 1.61384 0.0986886 -0.0382928 -2.08869 -0.0809196 -0.120428 0.350677
1 19.18 0.843291 -0.0511869 1.27638 0.0486672 0.00560474 1.6276 0.160154 -0.0222767 -1.2823 0.0158458 0.0704764 0.461608
4 19.18 1.5 0 1.5 0 0 1.57075 0 0 0 0 0 0
5 19.18 50 0.000821352 1
6 19.18 73.5286 0.104817 0.221382 0.354158
0 19.18 0.839942 -0.0496849 1.34098 0.0507942 0.0096765 1.61745 0.103916 -0.0390184 -2.10344 -0.104094 -0.131113 0.376075
1 19.18 0.844099 -0.0512456 1.25684 0.0467733 0.00367499 1.63221 0.165118 -0.0243821 -1.27993 0.0121405 0.0898973 0.433953
4 19.18 1.5 0 1.5 0 0 1.57075 0 0 0 0 0 0
5 19.18 50 0.00104737 1
6 19.18 74.5744 0.126022 0.256817 0.184793
0 19.19 0.840862 -0.049653 1.31109 0.0491145 0.00752739 1.62269 0.111405 -0.0401246 -2.12535 -0.145841 -0.14748 0.424226
1 19.19 0.845318 -0.051258 1.22608 0.0434063 0.00080219 1.63935 0.171907 -0.0276173 -1.27537 0.012484 0.117323 0.39635
4 19.19 1.5 0 1.5 0 0 1.57075 0 0 0 0 0 0
5 19.19 50 0.00109363 1
6 19.19 76.1897 0.172032 0.308947 -0.0889704
0 19.21 0.842186 -0.0498566 1.27848 0.0457331 0.00429558 1.63133 0.118174 -0.0417694 -2.16006 -0.202158 -0.143003 0.473227
1 19.21 0.846913 -0.0515274 1.19208 0.0377269 -0.00228396 1.64998 0.176082 -0.0327734 -1.27758 0.0100835 0.150481 0.362472
4 19.21 1.5 0 1.5 0 0 1.57075 0 0 0 0 0 0
5 19.21 50 0.000688791 1
6 19.21 78.1688 0.231943 0.344656 -0.353553
0 19.22 0.842985 -0.0497907 1.25364 0.0442067 0.00316745 1.63495 0.123311 -0.0427781 -2.19498 -0.194962 -0.114764 0.479219
1 19.22 0.847917 -0.0515018 1.16584 0.0364683 -0.00226573 1.6539 0.180625 -0.0349563 -1.28306 -0.00524081 0.158176 0.370433
4 19.22 1.5 0 1.5 0 0 1.57075 0 0 0 0 0 0
5 19.22 50 0.000785351 1
6 19.22 79.9679 0.207781 0.320899 -0.347275
0 19.23 0.844086 -0.0499033 1.22658 0.0425503 0.00213594 1.63965 0.128811 -0.0438665 -2.23799 -0.159204 -0.0737436 0.483789
1 19.23 0.849238 -0.051658 1.13706 0.0362232 -0.00163429 1.65886 0.185494 -0.0370907 -1.29128 0.0161814 0.159199 0.388337
4 19.23 1.5 0 1.5 0 0 1.57075 0 0 0 0 0 0
5 19.23 50 0.000670433 1
6 19.23 82.0949 0.193321 0.273649 -0.304718
0 19.25 0.844749 -0.0498428 1.20698 0.041346 0.00159795 1.64447 0.133142 -0.0444011 -2.27228 -0.106784 -0.0183956 0.480615
1 19.25 0.850074 -0.0516188 1.11609 0.0371053 6.812e-05 1.66365 0.189356 -0.0380626 -1.29827 0.0167408 0.155977 0.42098
4 19.25 1.5 0 1.5 0 0 1.57075 0 0 0 0 0 0
5 19.25 50 0.000751019 1
6 19.25 83.7643 0.13749 0.204319 -0.190381
0 19.26 0.846145 -0.0500046 1.17544 0.0410944 0.00271746 1.65385 0.139742 -0.0451855 -2.32894 0.0442299 0.131386 0.450548
1 19.26 0.851735 -0.051812 1.08228 0.0429131 0.00722808 1.67207 0.197362 -0.0365335 -1.30737 0.0243391 0.119399 0.559416
4 19.26 1.5 0 1.5 0 0 1.57075 0 0 0 0 0 0
5 19.26 50 0.000855923 1
6 19.26 86.6788 -0.0174133 -0.0154058 0.347566
0 19.27 0.847634 -0.0500147 1.13847 0.042407 0.00483055 1.65942 0.146304 -0.0457877 -2.39911 0.140062 0.224859 0.431024
1 19.27 0.853486 -0.0518462 1.04251 0.0480945 0.0130859 1.67702 0.20773 -0.0332101 -1.32338 0.0297485 0.0849647 0.692108
4 19.27 1.5 0 1.5 0 0 1.57075 0 0 0 0 0 0
5 19.27 50 0.000687838 1
6 19.27 90.0052 -0.115502 -0.165511 0.833547
0 19.28 0.84867 -0.0501071 1.1155 0.0437226 0.00662315 1.66275 0.149952 -0.0453772 -2.45416 0.182411 0.268335 0.421174
1 19.28 0.854668 -0.0519222 1.01733 0.0511336 0.0166099 1.68006 0.214607 -0.0294041 -1.3415 0.0289816 0.0666845 0.775097
4 19.28 1.5 0 1.5 0 0 1.57075 0 0 0 0 0 0
5 19.28 50 0.00106049 1
6 19.28 92.2754 -0.162428 -0.23773 1.12995
0 19.3 0.850101 -0.0500579 1.08005 0.0464274 0.0103387 1.66838 0.154539 -0.0449042 -2.52261 0.20845 0.315495 0.416127
1 19.3 0.856283 -0.0518541 0.979142 0.0549433 0.0221724 1.6856 0.224857 -0.0218713 -1.36051 0.0337314 0.0235559 0.908116
4 19.3 1.5 0 1.5 0 0 1.57075 0 0 0 0 0 0
5 19.3 50 0.000830412 1
6 19.3 95.321 -0.184753 -0.342143 1.57075
0 19.31 0.851742 -0.0501803 1.04476 0.0499183 0.0155618 1.67563 0.160065 -0.0451293 -2.57223 0.199079 0.331511 0.428243
1 19.31 0.858145 -0.0519855 0.941874 0.0581581 0.0279511 1.69341 0.236742 -0.0120956 -1.36929 0.0429081 -0.0111283 1.04857
4 19.31 1.5 0 1.5 0 0 1.57075 0 0 0 0 0 0
5 19.31 50 0.000708342 1
6 19.31 97.8482 -0.163127 -0.40019 1.98048
0 19.33 0.85335 -0.0501564 1.00763 0.0525352 0.0195759 1.68192 0.167753 -0.0450891 -2.59587 0.179237 0.313959 0.46967
1 19.33 0.86006 -0.0519599 0.903793 0.0600849 0.0311305 1.70135 0.249303 -0.00392156 -1.36047 0.017326 -0.0355804 1.1273
4 19.33 1.5 0 1.5 0 0 1.57075 0 0 0 0 0 0
5 19.33 50 0.000801802 1
6 19.33 99.8599 -0.169101 -0.408017 2.09954
0 19.33 0.854971 -0.0502966 0.976255 0.0541237 0.0220647 1.68652 0.174806 -0.0445177 -2.59792 0.164225 0.29637 0.500728
1 19.33 0.861963 -0.0520773 0.872338 0.0611482 0.0328186 1.70716 0.259375 0.00195261 -1.34114 0.0113699 -0.0452972 1.16702
4 19.33 1.5 0 1.5 0 0 1.57075 0 0 0 0 0 0
5 19.33 50 0.000718355 1
6 19.33 101.186 -0.15889 -0.398823 2.12721
0 19.36 0.856517 -0.0502113 0.942495 0.0573411 0.0266766 1.69823 0.182246 -0.0431862 -2.58779 0.128404 0.226234 0.587492
1 19.36 0.863807 -0.0519388 0.838983 0.0631171 0.0343644 1.72221 0.271519 0.0130837 -1.31364 0.022888 -0.0315464 1.18924
4 19.36 1.5 0 1.5 0 0 1.57075 0 0 0 0 0 0
5 19.36 50 0.000936747 1
6 19.36 102.28 -0.107189 -0.302014 1.92112
0 19.36 0.858338 -0.0502862 0.90958 0.057906 0.0274128 1.70084 0.190175 -0.0416335 -2.56715 0.12063 0.213318 0.606502
1 19.36 0.865945 -0.0519515 0.806894 0.0634088 0.0345272 1.72556 0.280898 0.0167358 -1.27784 0.000396544 -0.0484345 1.18654
4 19.36 1.5 0 1.5 0 0 1.57075 0 0 0 0 0 0
5 19.36 50 0.000771284 1
6 19.36 103.216 -0.123946 -0.306383 1.85182
0 19.37 0.859839 -0.0501844 0.880345 0.0594293 0.0293284 1.70919 0.198461 -0.0396018 -2.53567 0.0880466 0.169341 0.667522
1 19.37 0.867777 -0.0517685 0.778918 0.0637449 0.0345042 1.73626 0.291198 0.0233418 -1.23913 0.00197867 -0.0408317 1.16464
4 19.37 1.5 0 1.5 0 0 1.57075 0 0 0 0 0 0
5 19.37 50 0.000927448 1
6 19.37 103.675 -0.0870547 -0.24601 1.58706
0 19.39 0.861866 -0.050239 0.848679 0.0611269 0.0308983 1.7236 0.207874 -0.0369953 -2.49674 0.0493967 0.0956791 0.758796
1 19.39 0.870181 -0.0517188 0.748809 0.0640463 0.0328642 1.75414 0.302473 0.0305764 -1.19426 -0.00890048 -0.0141908 1.09417
4 19.39 1.5 0 1.5 0 0 1.57075 0 0 0 0 0 0
5 19.39 50 0.000787258 1
6 19.39 104.055 -0.0592898 -0.129165 1.07068
0 19.41 0.863646 -0.0500928 0.81901 0.06173 0.0311849 1.73144 0.215908 -0.0344507 -2.46278 0.0344329 0.0707173 0.790195
1 19.41 0.872283 -0.0514708 0.720499 0.0640969 0.0320583 1.76318 0.311355 0.0348279 -1.15237 -0.0131787 -0.00430066 1.05275
4 19.41 1.5 0 1.5 0 0 1.57075 0 0 0 0 0 0
5 19.41 50 0.000695229 1
6 19.41 104.547 -0.0487015 -0.0883265 0.838216
0 19.41 0.865599 -0.0500611 0.791235 0.062201 0.0311623 1.73963 0.223823 -0.0318838 -2.42784 0.0178324 0.0385656 0.829077
1 19.41 0.874552 -0.0513365 0.694121 0.063949 0.0306404 1.77284 0.31985 0.0385278 -1.11119 -0.01314 0.0123698 0.997395
4 19.41 1.5 0 1.5 0 0 1.57075 0 0 0 0 0 0
5 19.41 50 0.000979662 1
6 19.41 104.933 -0.0320395 -0.0312813 0.537357
0 19.42 0.867454 -0.0498916 0.764105 0.0625464 0.030505 1.75043 0.231865 -0.0285455 -2.38899 -0.00537201 -0.0150627 0.888135
1 19.42 0.876728 -0.0510334 0.668546 0.0634123 0.0276832 1.78586 0.328143 0.0420698 -1.06819 -0.0171031 0.0445864 0.896471
4 19.42 1.5 0 1.5 0 0 1.57075 0 0 0 0 0 0
5 19.42 50 0.00120854 1
6 19.42 105.188 -0.0142204 0.0688326 0.0266133
0 19.43 0.869794 -0.0498248 0.735125 0.062641 0.0298294 1.75717 0.240239 -0.0254627 -2.35334 -0.0204228 -0.043229 0.919867
1 19.43 0.879403 -0.0508433 0.640991 0.0629165 0.0258003 1.7938 0.336805 0.04498 -1.02549 -0.00582109 0.0570209 0.833559
4 19.43 1.5 0 1.5 0 0 1.57075 0 0 0 0 0 0
5 19.43 50 0.000924826 1
6 19.43 105.619 0.0130849 0.116577 -0.275538
0 19.44 0.872444 -0.0495743 0.702291 0.0625834 0.0283081 1.76895 0.248301 -0.0226191 -2.3348 -0.0371958 -0.0739077 0.957971
1 19.44 0.882376 -0.0504791 0.608898 0.0621732 0.022961 1.80702 0.345312 0.0469893 -0.991444 -0.0289147 0.0968373 0.740661
4 19.44 1.5 0 1.5 0 0 1.57075 0 0 0 0 0 0
5 19.44 50 0.000871897 1
6 19.44 106.567 0.00347378 0.198855 -0.693759
0 19.46 0.875319 -0.0494465 0.670451 0.062324 0.0256291 1.78845 0.255893 -0.0202747 -2.33248 -0.0323787 -0.0617792 0.987301
1 19.46 0.885554 -0.0502575 0.577152 0.0620353 0.0207031 1.82773 0.353284 0.047404 -0.967456 -0.0156549 0.135017 0.676865
4 19.46 1.5 0 1.5 0 0 1.57075 0 0 0 0 0 0
5 19.46 50 0.000770092 1
6 19.46 107.887 0.0137227 0.22844 -0.991066
0 19.47 0.877709 -0.0491795 0.643032 0.0624306 0.0245698 1.79824 0.26289 -0.0176306 -2.33175 -0.00907667 -0.0379744 0.981695
1 19.47 0.888224 -0.0498847 0.549762 0.0630283 0.0206039 1.83735 0.361319 0.0499838 -0.946783 -0.039219 0.146424 0.660385
4 19.47 1.5 0 1.5 0 0 1.57075 0 0 0 0 0 0
5 19.47 50 0.000804663 1
6 19.47 109.109 -0.0367762 0.212303 -1.02578
0 19.48 0.880432 -0.0489893 0.614884 0.062703 0.0239745 1.80548 0.269846 -0.0137299 -2.33883 0.0212214 -0.0124721 0.962982
1 19.48 0.891226 -0.0495385 0.52133 0.064473 0.0210629 1.8439 0.369802 0.0545676 -0.930413 -0.0119819 0.150742 0.657945
4 19.48 1.5 0 1.5 0 0 1.57075 0 0 0 0 0 0
5 19.48 50 0.00121212 1
6 19.48 110.549 -0.038134 0.185564 -0.973831
0 19.49 0.883441 -0.0486074 0.583269 0.0636866 0.0234276 1.81737 0.27736 -0.00961888 -2.34189 0.0824523 0.0348115 0.920564
1 19.49 0.894535 -0.0489922 0.489593 0.0678478 0.0224738 1.85422 0.379936 0.0603468 -0.907195 -0.0198263 0.156582 0.674356
4 19.49 1.5 0 1.5 0 0 1.57075 0 0 0 0 0 0
5 19.49 50 0.000754833 1
6 19.49 112.168 -0.111819 0.133415 -0.786017
0 19.51 0.886824 -0.048314 0.550893 0.0665703 0.0236204 1.83467 0.285866 -0.00529376 -2.34063 0.152662 0.0839405 0.83067
1 19.51 0.898259 -0.0485258 0.457268 0.0734653 0.0247603 1.86806 0.393732 0.0691914 -0.8802 -0.0182254 0.159984 0.710657
4 19.51 1.5 0 1.5 0 0 1.57075 0 0 0 0 0 0
5 19.51 50 0.000880957 1
6 19.51 113.77 -0.185503 0.0767279 -0.383127
0 19.52 0.889878 -0.0478879 0.520907 0.0679757 0.023875 1.84079 0.294241 -0.000979195 -2.33898 0.17247 0.0871759 0.798414
1 19.52 0.901648 -0.0479271 0.427348 0.0756411 0.0251847 1.8729 0.405297 0.0761863 -0.857463 0.0102006 0.15351 0.706499
4 19.52 1.5 0 1.5 0 0 1.57075 0 0 0 0 0 0
5 19.52 50 0.00106692 1
6 19.52 115.076 -0.17587 0.0646851 -0.293422
0 19.53 0.892908 -0.0475855 0.493783 0.0704923 0.0243374 1.85053 0.301013 0.00234961 -2.34694 0.186721 0.0926831 0.763165
1 19.53 0.904948 -0.0474915 0.399905 0.0787087 0.0258854 1.88125 0.416959 0.0836682 -0.843675 -0.0238356 0.167534 0.699397
4 19.53 1.5 0 1.5 0 0 1.57075 0 0 0 0 0 0
5 19.53 50 0.000781536 1
6 19.53 116.433 -0.229806 0.0740588 -0.20356
0 19.54 0.895431 -0.0471711 0.469893 0.072703 0.0248368 1.85812 0.305758 0.00455053 -2.36305 0.20371 0.102781 0.739895
1 19.54 0.907661 -0.046989 0.375371 0.0815921 0.0267874 1.88795 0.426279 0.089856 -0.837163 -0.0153366 0.172102 0.719476
4 19.54 1.5 0 1.5 0 0 1.57075 0 0 0 0 0 0
5 19.54 50 0.000751257 1
6 19.54 117.843 -0.238871 0.067032 -0.0651617
0 19.57 0.899515 -0.046698 0.434066 0.0772017 0.0261602 1.87275 0.311619 0.00676409 -2.40706 0.191699 0.131403 0.703317
1 19.57 0.91198 -0.0464274 0.337783 0.0856142 0.029231 1.90122 0.440891 0.100629 -0.843727 -0.0302372 0.173361 0.785407
4 19.57 1.5 0 1.5 0 0 1.57075 0 0 0 0 0 0
5 19.57 50 0.000725985 1
6 19.57 120.187 -0.240766 0.0369567 0.262098
0 19.57 0.903238 -0.0461012 0.40029 0.078626 0.0269645 1.87801 0.316466 0.00842474 -2.45797 0.161146 0.164343 0.687144
1 19.57 0.915897 -0.0457642 0.301972 0.0858248 0.031359 1.90594 0.449959 0.107179 -0.857065 -0.0103484 0.147161 0.861153
4 19.57 1.5 0 1.5 0 0 1.57075 0 0 0 0 0 0
5 19.57 50 0.000779867 1
6 19.57 122.513 -0.182648 -0.0288975 0.555554
0 19.58 0.906679 -0.0456708 0.370207 0.0803651 0.0285385 1.88584 0.320597 0.00937805 -2.50793 0.124092 0.199647 0.683816
1 19.58 0.919503 -0.0452957 0.26989 0.0861254 0.0343027 1.91375 0.457974 0.115018 -0.872949 -0.031894 0.136676 0.949415
4 19.58 1.5 0 1.5 0 0 1.57075 0 0 0 0 0 0
5 19.58 50 0.00173259 1
6 19.58 124.63 -0.163366 -0.0792857 0.847951
0 19.59 0.90907 -0.0452348 0.347956 0.0813483 0.0301779 1.89242 0.323523 0.010426 -2.54727 0.0705834 0.235522 0.685159
1 19.59 0.922011 -0.0448178 0.246065 0.0850193 0.0373406 1.92052 0.462696 0.122073 -0.888185 -0.0818652 0.118738 1.02045
4 19.59 1.5 0 1.5 0 0 1.57075 0 0 0 0 0 0
5 19.59 50 0.00132322 1
6 19.59 126.128 -0.157375 -0.138 1.07044
0 19.62 0.912996 -0.0447161 0.313316 0.0802226 0.0341794 1.906 0.328423 0.012497 -2.59418 -0.410477 0.255337 0.700866
1 19.62 0.926133 -0.0442162 0.209548 0.064787 0.0421134 1.93478 0.461887 0.13366 -0.924306 -0.131442 0.0285943 0.959785
4 19.62 1.5 0 1.5 0 0 1.57075 0 0 0 0 0 0
5 19.62 50 0.000707626 1
6 19.62 126.796 0.326854 -0.236285 0.826481
0 19.62 0.91464 -0.0447549 0.294687 0.05913 0.0344417 1.91136 0.208067 -0.0821894 -2.07975 -4.4136 -0.0324541 0.646479
1 19.62 0.922963 -0.0480425 0.211497 -0.116527 0.0316177 1.93712 0.303985 0.0309085 -0.308093 -0.522891 -0.415899 -0.980507
4 19.62 1.5 0 1.5 0 0 1.57075 0 0 0 0 0 0
5 19.62 50 0.00118852 1
6 19.62 132.859 4.35163 -0.203272 -5.19399
0 19.63 0.915455 -0.0460685 0.277783 -0.0502835 0.0303797 1.92066 0.0926761 -0.154549 -1.38998 -7.93851 -0.385666 0.543015
1 19.63 0.919162 -0.0522505 0.222184 -0.367141 0.0160643 1.94314 -0.0791652 -0.120935 1.19501 -1.10451 -0.362785 -1.04416
4 19.63 1.5 0 1.5 0 0 1.57075 0 0 0 0 0 0
5 19.63 50 0.00604916 12
6 19.63 182.68 7.62948 0.383799 -5.06356
0 19.64 0.914388 -0.0492506 0.263107 -0.113281 0.0239498 1.92682 0.00115599 -0.213353 -0.823705 -5.44135 -0.669279 0.490715
1 19.64 0.914434 -0.0577847 0.230159 -0.330395 -0.000431008 1.94936 -0.253706 -0.251496 0.999829 -0.517974 -0.105914 -0.611238
4 19.64 1.5 0 1.5 0 0 1.57075 0 0 0 0 0 0
5 19.64 50 0.0021975 5
6 19.64 136.641 5.48194 0.867833 -3.51384
0 19.66 0.913336 -0.0517623 0.256482 -0.152447 0.0150007 1.93272 -0.048407 -0.245142 -0.519768 -3.36333 -1.01183 0.462457
1 19.66 0.9114 -0.061568 0.235691 -0.286614 -0.0221938 1.95715 -0.305806 -0.314885 0.815183 -0.0964611 0.03478 -0.19752
4 19.66 1.5 0 1.5 0 0 1.57075 0 0 0 0 0 0
5 19.66 50 0.00111437 1
6 19.66 107.054 3.61705 1.32981 -2.10311
0 19.67 0.910514 -0.0553704 0.254454 -0.208933 -0.00348001 1.94467 -0.0972344 -0.275436 -0.240848 -3.16331 -1.24917 0.437243
1 19.67 0.906624 -0.0663878 0.24482 -0.335561 -0.0487326 1.97214 -0.411372 -0.404667 0.968586 0.0288276 0.0710785 0.716977
4 19.67 1.5 0 1.5 0 0 1.57075 0 0 0 0 0 0
5 19.67 50 0.000849247 1
6 19.67 100.294 3.52702 1.62948 0.897541
0 19.68 0.908216 -0.0584383 0.254619 -0.250644 -0.0188891 1.95455 -0.131412 -0.295074 -0.0476701 -3.00856 -1.28463 0.400111
1 19.68 0.902959 -0.0702413 0.252712 -0.371521 -0.0646991 1.98281 -0.477889 -0.465614 1.0639 0.0696158 0.111847 1.25644
4 19.68 1.5 0 1.5 0 0 1.57075 0 0 0 0 0 0
5 19.68 50 0.001405 2
6 19.68 95.1064 3.40215 1.70205 2.73823
0 19.7 0.904103 -0.0628582 0.258587 -0.279756 -0.0298882 1.96148 -0.1705 -0.317104 0.138522 -2.84567 -1.24516 0.365803
1 19.7 0.897283 -0.0755424 0.264128 -0.394414 -0.0737179 1.9893 -0.524876 -0.508098 1.13924 -0.0108266 0.102272 1.50277
4 19.7 1.5 0 1.5 0 0 1.57075 0 0 0 0 0 0
5 19.7 50 0.00123024 2
6 19.7 88.8198 3.13466 1.63228 3.63381
0 19.71 0.900214 -0.0673 0.263569 -0.307773 -0.040404 1.96833 -0.207619 -0.338499 0.283275 -2.60465 -1.15244 0.32658
1 19.71 0.891909 -0.08084 0.2749 -0.413027 -0.0803783 1.99477 -0.563122 -0.543905 1.17116 0.245221 0.153748 1.58087
4 19.71 1.5 0 1.5 0 0 1.57075 0 0 0 0 0 0
5 19.71 50 0.00106573 2
6 19.71 82.3511 3.15795 1.56918 4.00773
0 19.71 0.894005 -0.0734048 0.273545 -0.332051 -0.0495512 1.97484 -0.247802 -0.362933 0.407139 -2.50016 -1.12848 0.329726
1 19.71 0.884093 -0.0879221 0.289831 -0.433406 -0.0879252 2.00206 -0.60318 -0.579212 1.2075 0.287515 0.19896 1.80893
4 19.71 1.5 0 1.5 0 0 1.57075 0 0 0 0 0 0
5 19.71 50 0.000720978 1
6 19.71 77.3728 3.08872 1.59138 4.72557
0 19.74 0.888097 -0.0794826 0.283585 -0.374953 -0.0659852 1.98763 -0.29077 -0.389799 0.513487 -2.39727 -1.15649 0.375182
1 19.74 0.876466 -0.0950746 0.304125 -0.472886 -0.103535 2.0186 -0.660129 -0.633286 1.22727 0.260616 0.18203 2.24073
4 19.74 1.5 0 1.5 0 0 1.57075 0 0 0 0 0 0
5 19.74 50 0.0017767 2
6 19.74 72.9712 2.93843 1.61031 5.95892
0 19.74 0.883004 -0.0842527 0.292285 -0.399377 -0.0753829 1.99578 -0.326016 -0.412329 0.587546 -2.36631 -1.1833 0.402927
1 19.74 0.869963 -0.100746 0.315787 -0.496541 -0.112723 2.02912 -0.629478 -0.620634 1.05124 0.514889 0.382508 0.752682
4 19.74 1.5 0 1.5 0 0 1.57075 0 0 0 0 0 0
5 19.74 50 0.00148773 3
6 19.74 57.0771 3.18479 1.87557 1.11978
0 19.75 0.875828 -0.0912889 0.304764 -0.429052 -0.0869318 2.00681 -0.379807 -0.44911 0.676861 -2.32294 -1.25086 0.457254
1 19.75 0.860636 -0.109253 0.331839 -0.525233 -0.124822 2.0444 -0.687164 -0.670195 1.09449 0.486024 0.322189 0.765271
4 19.75 1.5 0 1.5 0 0 1.57075 0 0 0 0 0 0
5 19.75 50 0.00230074 3
6 19.75 54.7665 3.09618 1.8929 0.986649
0 19.76 0.869144 -0.0975143 0.316319 -0.45329 -0.0965233 2.01694 -0.427922 -0.483502 0.743389 -2.30075 -1.29327 0.493268
1 19.76 0.852027 -0.116854 0.346055 -0.549231 -0.134389 2.05752 -0.732951 -0.711305 1.1141 0.56513 0.39001 0.958345
4 19.76 1.5 0 1.5 0 0 1.57075 0 0 0 0 0 0
5 19.76 50 0.00148797 3
6 19.76 52.2345 3.15446 2.0254 1.48814
0 19.77 0.8637 -0.102721 0.325583 -0.476561 -0.105744 2.02752 -0.467656 -0.513428 0.791146 -2.27502 -1.33218 0.523016
1 19.77 0.844994 -0.123258 0.357228 -0.57213 -0.143497 2.07079 -0.76858 -0.746203 1.11672 0.646171 0.414611 1.0556
4 19.77 1.5 0 1.5 0 0 1.57075 0 0 0 0 0 0
5 19.77 50 0.00149512 3
6 19.77 49.7684 3.21154 2.10283 1.7037
0 19.79 0.856133 -0.109799 0.338376 -0.519277 -0.122494 2.04878 -0.519894 -0.554644 0.843794 -2.19024 -1.40015 0.618203
1 19.79 0.835337 -0.131985 0.372128 -0.612951 -0.158846 2.09841 -0.821357 -0.802733 1.11433 0.649413 0.361711 1.26097
4 19.79 1.5 0 1.5 0 0 1.57075 0 0 0 0 0 0
5 19.79 50 0.00197554 3
6 19.79 47.123 3.1065 2.13373 2.05553
0 19.8 0.848295 -0.117302 0.351052 -0.546425 -0.132963 2.06378 -0.573824 -0.599586 0.888613 -2.1577 -1.44628 0.655039
1 19.8 0.825342 -0.141285 0.386596 -0.639747 -0.168775 2.11669 -0.869229 -0.852265 1.11519 0.682487 0.360696 1.36855
4 19.8 1.5 0 1.5 0 0 1.57075 0 0 0 0 0 0
5 19.8 50 0.00205636 3
6 19.8 44.7687 3.1004 2.19042 2.28143
0 19.81 0.837891 -0.127189 0.367722 -0.57032 -0.142096 2.07825 -0.630745 -0.649532 0.92979 -2.12963 -1.50808 0.704611
1 19.81 0.812661 -0.15317 0.404914 -0.663559 -0.177655 2.13511 -0.910979 -0.897682 1.10149 0.774222 0.381345 1.34951
4 19.81 1.5 0 1.5 0 0 1.57075 0 0 0 0 0 0
5 19.81 50 0.00169969 3
6 19.81 41.4658 3.16221 2.29224 2.06249
0 19.82 0.829609 -0.135158 0.380417 -0.595299 -0.151553 2.09398 -0.676694 -0.691435 0.958281 -2.09577 -1.5675 0.753403
1 19.82 0.802542 -0.162815 0.418748 -0.68831 -0.186568 2.15479 -0.957231 -0.948889 1.10834 0.695494 0.301939 1.59731
4 19.82 1.5 0 1.5 0 0 1.57075 0 0 0 0 0 0
5 19.82 50 0.00193501 3
6 19.82 40.5939 3.02655 2.27581 2.69791
0 19.83 0.81897 -0.145433 0.396489 -0.615734 -0.159185 2.10785 -0.735173 -0.747115 0.988205 -2.07626 -1.60747 0.778895
1 19.83 0.789563 -0.175318 0.436017 -0.70883 -0.193681 2.17122 -0.995398 -0.993192 1.08354 0.797972 0.359094 1.60644
4 19.83 1.5 0 1.5 0 0 1.57075 0 0 0 0 0 0
5 19.83 50 0.00158525 3
6 19.83 37.0629 3.11358 2.39041 2.64574
0 19.86 0.808012 -0.15616 0.411926 -0.656505 -0.173831 2.13739 -0.794613 -0.806905 1.01247 -2.04143 -1.69543 0.854158
1 19.86 0.776227 -0.188436 0.452425 -0.750184 -0.206697 2.20689 -1.0303 -1.04354 1.03662 1.00456 0.351086 1.7258
4 19.86 1.5 0 1.5 0 0 1.57075 0 0 0 0 0 0
5 19.86 50 0.00190759 3
6 19.86 32.7018 3.28972 2.49264 2.78667
0 19.86 0.79698 -0.167122 0.427414 -0.686851 -0.184261 2.1609 -0.844109 -0.858757 1.03126 -2.00099 -1.77999 0.908833
1 19.86 0.763216 -0.201472 0.468664 -0.780544 -0.216264 2.23542 -1.04308 -1.06773 0.976446 1.16443 0.308435 1.35799
4 19.86 1.5 0 1.5 0 0 1.57075 0 0 0 0 0 0
5 19.86 50 0.00175786 4
6 19.86 27.2012 3.40947 2.54693 1.43798
0 19.87 0.783697 -0.180445 0.444836 -0.703052 -0.189734 2.17417 -0.90455 -0.925425 1.0481 -1.97091 -1.83655 0.945354
1 19.87 0.747515 -0.217462 0.48676 -0.79655 -0.221327 2.25191 -1.08991 -1.12502 0.963797 0.93682 0.267577 1.66804
4 19.87 1.5 0 1.5 0 0 1.57075 0 0 0 0 0 0
5 19.87 50 0.00248027 6
6 19.87 25.1885 3.11145 2.56866 2.31128
0 19.88 0.769887 -0.19443 0.463633 -0.733611 -0.198753 2.19931 -0.989426 -1.01016 1.16808 -1.94028 -1.89546 0.991984
1 19.88 0.73031 -0.234837 0.510356 -0.827383 -0.2285 2.28116 -1.12968 -1.16794 0.999939 1.22863 0.28185 1.46139
4 19.88 1.5 0 1.5 0 0 1.57075 0 0 0 0 0 0
5 19.88 50 0.00601554 11
6 19.88 18.8641 3.3919 2.65772 1.50275
0 19.9 0.755454 -0.209104 0.482516 -0.758925 -0.205521 2.22075 -1.06818 -1.09507 1.25283 -1.91899 -1.9381 1.02469
1 19.9 0.712726 -0.252907 0.532629 -0.853006 -0.233565 2.30562 -1.18925 -1.23623 1.04809 1.10877 0.195405 1.2404
4 19.9 1.5 0 1.5 0 0 1.57075 0 0 0 0 0 0
5 19.9 50 0.00144386 3
6 19.9 16.1824 3.22531 2.61092 0.692876
0 19.91 0.742305 -0.222961 0.49844 -0.807176 -0.218103 2.26595 -1.14013 -1.17907 1.3077 -1.83704 -2.07231 1.11519
1 19.91 0.6967 -0.270124 0.550748 -0.900764 -0.243205 2.35887 -1.22435 -1.28507 1.03922 1.17718 0.29478 1.75643
4 19.91 1.5 0 1.5 0 0 1.57075 0 0 0 0 0 0
5 19.91 50 0.00288939 7
6 19.91 11.2416 3.18358 2.88574 2.05147
0 19.92 0.728289 -0.237782 0.514731 -0.829913 -0.223703 2.28883 -1.20714 -1.26424 1.34215 -1.80556 -2.12718 1.14878
1 19.92 0.680003 -0.288351 0.568417 -0.923476 -0.247226 2.38502 -1.26239 -1.33654 1.02928 1.30619 0.226031 1.32684
4 19.92 1.5 0 1.5 0 0 1.57075 0 0 0 0 0 0
5 19.92 50 0.00294828 6
6 19.92 7.40234 3.28185 2.87193 0.572817
0 19.93 0.711204 -0.256704 0.532952 -0.847483 -0.22778 2.30713 -1.27354 -1.35515 1.36183 -1.77315 -2.18211 1.18621
1 19.93 0.660262 -0.31091 0.587425 -0.940856 -0.249983 2.40653 -1.30638 -1.39949 1.01597 1.3258 0.233128 1.40183
4 19.93 1.5 0 1.5 0 0 1.57075 0 0 0 0 0 0
5 19.93 50 0.00412917 8
6 19.93 4.42145 3.25569 2.94552 0.692776
0 19.95 0.693764 -0.276045 0.550953 -0.876646 -0.234087 2.3392 -1.33732 -1.44869 1.36884 -1.72714 -2.26044 1.23539
1 19.95 0.640271 -0.333992 0.605707 -0.969841 -0.25395 2.44314 -1.34841 -1.46449 0.991782 1.30035 0.198135 1.27793
4 19.95 1.5 0 1.5 0 0 1.57075 0 0 0 0 0 0
5 19.95 50 0.00334811 8
6 19.95 1.51024 3.15903 2.99776 0.140246
0 19.95 0.677499 -0.295028 0.566436 -0.900159 -0.238594 2.36619 -1.38854 -1.52849 1.36805 -1.67953 -2.32314 1.285
1 19.95 0.621957 -0.356167 0.621158 -0.992817 -0.256077 2.47399 -1.37846 -1.51343 0.961923 1.32762 0.201775 1.33365
4 19.95 1.5 0 1.5 0 0 1.57075 0 0 0 0 0 0
5 19.95 50 0.00397778 7
6 19.95 -1.3926 3.1205 3.0759 0.159734
0 19.97 0.657747 -0.318062 0.584722 -0.940236 -0.244951 2.41458 -1.4475 -1.62821 1.35833 -1.61136 -2.40998 1.34407
1 19.97 0.599847 -0.38319 0.639055 -1.03208 -0.258363 2.52752 -1.4154 -1.57605 0.923223 1.23895 0.152091 1.41914
4 19.97 1.5 0 1.5 0 0 1.57075 0 0 0 0 0 0
5 19.97 50 0.00370765 9
6 19.97 -4.57325 2.92425 3.11916 0.244049
0 19.98 0.638807 -0.341148 0.60111 -0.963161 -0.247819 2.44347 -1.50331 -1.7312 1.3393 -1.55399 -2.4866 1.39252
1 19.98 0.578675 -0.410397 0.654682 -1.05403 -0.258876 2.5605 -1.44434 -1.63036 0.869272 1.34381 0.150335 1.40044
4 19.98 1.5 0 1.5 0 0 1.57075 0 0 0 0 0 0
5 19.98 50 0.00486636 8
6 19.98 -8.59093 2.9591 3.2049 0.0296925
0 20 0.61539 -0.369803 0.620504 -0.991304 -0.250547 2.48064 -1.56599 -1.85883 1.30786 -1.50064 -2.54859 1.43543
1 20 0.55275 -0.444156 0.672819 -1.08121 -0.258327 2.60114 -1.48677 -1.71385 0.812065 1.26636 0.214427 1.27958
4 20 1.5 0 1.5 0 0 1.57075 0 0 0 0 0 0
5 20 50 0.00249076 5
6 20 -11.9378 2.79673 3.34874 -0.493217
0 20.01 0.594175 -0.397501 0.636562 -1.02998 -0.252597 2.53444 -1.61662 -1.97142 1.27625 -1.41663 -2.65061 1.50161
1 20.01 0.52951 -0.476358 0.687612 -1.11809 -0.255689 2.66025 -1.51511 -1.7656 0.751885 1.26802 0.144366 1.5133
4 20.01 1.5 0 1.5 0 0 1.57075 0 0 0 0 0 0
5 20.01 50 0.00382686 9
6 20.01 -16.2146 2.67827 3.38318 0.0415697
0 20.03 0.567529 -0.432414 0.655848 -1.05308 -0.252807 2.56815 -1.67401 -2.11531 1.22975 -1.36658 -2.70785 1.5403
1 20.03 0.500569 -0.517027 0.705038 -1.13994 -0.252873 2.69686 -1.56746 -1.88416 0.698399 1.10552 0.0625644 1.44157
4 20.03 1.5 0 1.5 0 0 1.57075 0 0 0 0 0 0
5 20.03 50 0.00431347 9
6 20.03 -17.7612 2.42485 3.35315 -0.311012
0 20.03 0.550967 -0.455474 0.667022 -1.07837 -0.252029 2.60693 -1.71124 -2.22486 1.18748 -1.27995 -2.78759 1.59181
1 20.03 0.482518 -0.544468 0.714521 -1.16262 -0.248636 2.73947 -1.59204 -1.94422 0.638063 0.797651 0.0212921 1.47506
4 20.03 1.5 0 1.5 0 0 1.57075 0 0 0 0 0 0
5 20.03 50 0.0028007 6
6 20.03 -21.0064 1.96163 3.39169 -0.368676
0 20.05 0.528059 -0.487621 0.681562 -1.11412 -0.24909 2.66588 -1.75337 -2.36859 1.13005 -1.16695 -2.89853 1.65827
1 20.05 0.457924 -0.582364 0.726764 -1.1947 -0.240683 2.80344 -1.63463 -2.04844 0.576244 0.925278 0.768246 0.615025
4 20.05 1.5 0 1.5 0 0 1.57075 0 0 0 0 0 0
5 20.05 50 0.00353837 6
6 20.05 -23.133 1.94779 4.36748 -3.32672
0 20.07 0.509332 -0.515727 0.692473 -1.13856 -0.24562 2.70942 -1.78264 -2.47914 1.08535 -1.08226 -2.97559 1.70562
1 20.07 0.438026 -0.614892 0.735887 -1.21611 -0.233529 2.8503 -1.64601 -2.06749 0.500072 0.979631 0.211682 0.726487
4 20.07 1.5 0 1.5 0 0 1.57075 0 0 0 0 0 0
5 20.07 50 0.00302315 6
6 20.07 -29.0743 1.89188 3.80994 -3.12223
0 20.08 0.489202 -0.546081 0.703693 -1.15273 -0.242972 2.73584 -1.80963 -2.59745 1.03534 -1.03499 -3.01546 1.73142
1 20.08 0.416817 -0.649979 0.745106 -1.22842 -0.228651 2.87837 -1.67347 -2.15618 0.444936 0.687653 -0.105512 1.48321
4 20.08 1.5 0 1.5 0 0 1.57075 0 0 0 0 0 0
5 20.08 50 0.00324202 7
6 20.08 -30.7758 1.50036 3.48729 -0.788855
0 20.08 0.47255 -0.572443 0.712396 -1.17122 -0.238737 2.77208 -1.84874 -2.72061 1.00517 -0.953333 -3.0885 1.77793
1 20.08 0.3986 -0.681267 0.752603 -1.24379 -0.221282 2.91768 -1.70918 -2.21631 0.399133 0.786735 -0.180938 1.4367
4 20.08 1.5 0 1.5 0 0 1.57075 0 0 0 0 0 0
5 20.08 50 0.00412583 8
6 20.08 -34.6176 1.49776 3.47649 -1.08602
0 20.1 0.453265 -0.603096 0.722034 -1.19129 -0.232828 2.81339 -1.88289 -2.85333 0.964823 -0.867191 -3.15223 1.81869
1 20.1 0.37795 -0.717229 0.760627 -1.26014 -0.211968 2.96145 -1.89699 -2.91184 0.595682 1.39812 -1.55896 -2.3435
4 20.1 1.5 0 1.5 0 0 1.57075 0 0 0 0 0 0
5 20.1 50 0.00524139 11
6 20.1 3.95207 2.06568 1.95881 -13.2847
0 20.11 0.431855 -0.639794 0.731406 -1.20878 -0.226657 2.85185 -1.91037 -2.97859 0.923388 -0.81056 -3.19267 1.84219
1 20.11 0.35544 -0.758937 0.768341 -1.27476 -0.202974 3.0012 -1.87933 -2.82919 0.474882 -0.544686 -1.50991 -0.709364
4 20.11 1.5 0 1.5 0 0 1.57075 0 0 0 0 0 0
5 20.11 50 0.00849652 20
6 20.11 -9.95801 -0.183661 2.05453 -8.1429
0 20.12 0.406375 -0.683533 0.742166 -1.2285 -0.218243 2.89862 -1.9341 -3.12678 0.867827 -0.678377 -3.28092 1.89746
1 20.12 0.329011 -0.808604 0.776879 -1.2887 -0.190797 3.05134 -2.01459 -3.60721 0.644379 0.42922 -3.66434 0.0839523
4 20.12 1.5 0 1.5 0 0 1.57075 0 0 0 0 0 0
5 20.12 50 0.00794244 17
6 20.12 31.5799 0.730016 -0.333144 -5.7871
0 20.14 0.387929 -0.717527 0.749005 -1.25329 -0.204586 2.96606 -1.94599 -3.24492 0.818354 -0.519674 -3.37234 1.93643
1 20.14 0.310089 -0.847324 0.781739 -1.30569 -0.173113 3.12164 -2.00023 -3.74116 0.586223 0.119422 -3.59414 0.953323
4 20.14 1.5 0 1.5 0 0 1.57075 0 0 0 0 0 0
5 20.14 50 0.00789952 20
6 20.14 32.1132 0.180864 -0.171009 -3.13658
0 20.15 0.364387 -0.761084 0.757344 -1.26822 -0.193896 3.01676 -1.95288 -3.39141 0.752635 -0.316258 -3.49409 1.95961
1 20.15 0.286272 -0.896741 0.787449 -1.31165 -0.160719 3.17652 -1.96694 -3.60813 0.426637 -0.29418 -4.28605 1.77677
4 20.15 1.5 0 1.5 0 0 1.57075 0 0 0 0 0 0
5 20.15 50 0.00891018 20
6 20.15 13.9095 -0.535434 -0.857227 -0.582457
0 20.16 0.342722 -0.804379 0.763754 -1.27572 -0.187528 3.04612 -1.9509 -3.53924 0.68136 -0.226126 -3.54937 1.96977
1 20.16 0.264686 -0.945949 0.791008 -1.31489 -0.153431 3.2077 -1.95981 -3.76848 0.357357 -6.02178 -5.67698 3.59162
4 20.16 1.5 0 1.5 0 0 1.57075 0 0 0 0 0 0
5 20.16 50 0.0095439 20
6 20.16 14.6626 -7.05675 -2.40412 5.17868
0 20.17 0.321124 -0.847927 0.769783 -1.2846 -0.178554 3.08692 -1.94328 -3.68165 0.611439 -0.126732 -3.60103 1.9916
1 20.17 0.243392 -0.995193 0.79424 -1.31867 -0.142793 3.25019 -1.94222 -3.24979 0.0941447 -0.418363 -1.84032 -0.259197
4 20.17 1.5 0 1.5 0 0 1.57075 0 0 0 0 0 0
5 20.17 50 0.00909066 20
6 20.17 -27.5353 -0.913013 2.04103 -7.18516
0 20.19 0.286472 -0.9243 0.777076 -1.29936 -0.156377 -3.10287 -1.91124 -3.93728 0.476767 0.113389 -3.67169 2.06734
1 20.19 0.210022 -1.08179 0.796146 -1.32063 -0.116088 -2.93719 -1.95177 -3.44437 -0.0514701 -7.86397 -6.70063 3.05737
4 20.19 1.5 0 1.5 0 0 1.57075 0 0 0 0 0 0
5 20.19 50 0.00953841 20
6 20.19 -31.4147 -9.5469 -3.49461 3.16019
0 20.21 0.263308 -0.980931 0.779935 -1.30663 -0.134498 -3.01808 -1.88791 -4.08688 0.399029 0.354519 -3.70223 2.13952
1 20.21 0.187792 -1.14441 0.795896 -1.31481 -0.0905533 -2.85128 -1.95198 -3.68925 -0.10126 -7.72469 -4.53884 6.61577
4 20.21 1.5 0 1.5 0 0 1.57075 0 0 0 0 0 0
5 20.21 50 0.00770712 17
6 20.21 -25.5389 -9.68788 -1.02277 14.2889
0 20.22 0.236177 -1.04792 0.782968 -1.3076 -0.12625 -2.98776 -1.8519 -4.25848 0.306777 0.431326 -3.70443 2.16298
1 20.22 0.162101 -1.21826 0.795239 -1.31136 -0.0812611 -2.82085 -1.98375 -3.56448 -0.274341 -10.7156 -11.0194 7.47544
4 20.22 1.5 0 1.5 0 0 1.57075 0 0 0 0 0 0
5 20.22 50 0.00876999 18
6 20.22 -44.7852 -13.1278 -8.47006 16.9582
0 20.23 0.218536 -1.09739 0.78311 -1.30775 -0.114337 -2.94524 -1.82317 -4.37559 0.242758 0.519713 -3.70468 2.19565
1 20.23 0.145609 -1.27241 0.79282 -1.30602 -0.0680641 -2.77822 -1.99378 -3.63717 -0.352294 -7.55701 -2.30022 4.73709
4 20.23 1.5 0 1.5 0 0 1.57075 0 0 0 0 0 0
5 20.23 50 0.00609159 14
6 20.23 -48.0502 -9.70254 1.51673 8.11135
0 20.24 0.197145 -1.15745 0.783245 -1.30614 -0.0994634 -2.89324 -1.78269 -4.51366 0.164967 0.620809 -3.70019 2.22822
1 20.24 0.125837 -1.338 0.789843 -1.29789 -0.0521534 -2.72624 -1.97883 -3.81917 -0.421975 -13.0622 -5.45724 5.09173
4 20.24 1.5 0 1.5 0 0 1.57075 0 0 0 0 0 0
5 20.24 50 0.0077107 17
6 20.24 -45.7793 -15.9845 -2.13063 9.13915
0 20.25 0.182322 -1.2037 0.781966 -1.30293 -0.087052 -2.85072 -1.74489 -4.62054 0.101637 0.746068 -3.67822 2.26049
1 20.25 0.112527 -1.38852 0.786032 -1.28756 -0.0387974 -2.68428 -2.19393 -3.2412 -0.687269 -2.57438 -2.36626 5.0627
4 20.25 1.5 0 1.5 0 0 1.57075 0 0 0 0 0 0
5 20.25 50 0.00511575 12
6 20.25 -92.1078 -4.39547 1.36536 8.94291
0 20.26 0.166836 -1.25207 0.78065 -1.29827 -0.0744654 -2.8084 -1.70299 -4.72714 0.0377352 0.823659 -3.66039 2.28638
1 20.26 0.0987165 -1.44116 0.782159 -1.27768 -0.0257954 -2.64231 -2.25167 -3.2424 -0.795729 -3.65547 -4.79356 8.30947
4 20.26 1.5 0 1.5 0 0 1.57075 0 0 0 0 0 0
5 20.26 50 0.00584412 13
6 20.26 -100.645 -5.69638 -1.45631 19.2253
0 20.28 0.146341 -1.32335 0.776862 -1.28677 -0.0526124 -2.73674 -1.63577 -4.87373 -0.0536094 1.02284 -3.6043 2.34582
1 20.28 0.0809103 -1.5183 0.774718 -1.25453 -0.00293995 -2.57182 -2.38507 -3.19676 -0.981393 0.276051 -6.30937 1.74068
4 20.28 1.5 0 1.5 0 0 1.57075 0 0 0 0 0 0
5 20.28 50 0.0056982 14
6 20.28 -117.183 -1.52726 -3.3026 -1.93609
0 20.3 0.125057 -1.39877 0.772335 -1.26759 -0.0271842 -2.65518 -1.56863 -5.05165 -0.160766 1.24385 -3.51912 2.40627
1 20.3 0.0623117 -1.60083 0.765904 -1.22227 0.0226462 -2.49204 -2.48247 -3.35848 -1.15486 2.26841 -3.02163 -1.27098
4 20.3 1.5 0 1.5 0 0 1.57075 0 0 0 0 0 0
5 20.3 50 0.00333667 6
6 20.3 -123.475 0.453643 0.322531 -11.7446
0 20.31 0.113187 -1.44778 0.768038 -1.25245 -0.0111112 -2.60399 -1.50281 -5.17448 -0.243841 1.37502 -3.45531 2.44385
1 20.31 0.0530749 -1.65476 0.758285 -1.19925 0.0384716 -2.44211 -2.50581 -3.50602 -1.27774 6.82517 -1.60918 -3.34287
4 20.31 1.5 0 1.5 0 0 1.57075 0 0 0 0 0 0
5 20.31 50 0.00487399 11
6 20.31 -125.544 5.40741 1.83938 -18.4795
0 20.31 0.102797 -1.49104 0.764251 -1.24205 -0.00155689 -2.57383 -1.44753 -5.26709 -0.307392 1.454 -3.41041 2.46477
1 20.31 0.0448957 -1.70172 0.751955 -1.18414 0.0477116 -2.41288 -2.62222 -3.42752 -1.44433 0.0719289 -4.10573 -0.2587
4 20.31 1.5 0 1.5 0 0 1.57075 0 0 0 0 0 0
5 20.31 50 0.00166869 3
6 20.31 -141.251 -2.23407 -1.09501 -8.7003
0 20.33 0.0856998 -1.57423 0.75501 -1.22697 0.0110261 -2.53349 -1.35981 -5.40103 -0.397459 1.5399 -3.36505 2.48945
1 20.33 0.0313075 -1.79027 0.739112 -1.16361 0.0594033 -2.37319 -2.39603 -3.8998 -1.44293 2.9834 -10.4404 -4.84059
4 20.33 1.5 0 1.5 0 0 1.57075 0 0 0 0 0 0
5 20.33 50 0.00333095 6
6 20.33 -118.673 0.929829 -8.43562 -23.4071
0 20.35 0.0712216 -1.6455 0.747157 -1.18692 0.0390517 -2.4448 -1.28158 -5.50323 -0.468766 1.80248 -3.21516 2.56556
1 20.35 0.0199584 -1.86563 0.728407 -1.10866 0.086039 -2.287 -1.76574 -4.90576 -1.17151 -0.123131 -0.0813345 -2.30322
4 20.35 1.5 0 1.5 0 0 1.57075 0 0 0 0 0 0
5 20.35 50 0.000864029 1
6 20.35 -50.793 -2.82938 3.21194 -15.5502
0 20.36 0.0595782 -1.71438 0.738009 -1.16579 0.0514125 -2.40452 -1.18252 -5.59737 -0.545179 1.9691 -3.10953 2.59672
1 20.36 0.0122774 -1.93827 0.716201 -1.07904 0.0978697 -2.24907 -2.0639 -4.58235 -1.51297 1.58477 -10.0931 6.13405
4 20.36 1.5 0 1.5 0 0 1.57075 0 0 0 0 0 0
5 20.36 50 0.00466919 9
6 20.36 -89.5628 -1.09059 -8.43656 11.286
0 20.37 0.0492484 -1.77685 0.729858 -1.14964 0.059839 -2.37688 -1.09481 -5.67176 -0.604128 2.0618 -3.053 2.59303
1 20.37 0.00545605 -2.00372 0.705693 -1.05795 0.104573 -2.22275 -1.30453 -5.44113 -1.13587 0.329965 -0.293295 -0.433662
4 20.37 1.5 0 1.5 0 0 1.57075 0 0 0 0 0 0
5 20.37 50 0.000990868 1
6 20.37 -20.9139 -2.5854 2.72283 -9.66988
0 20.38 0.0418493 -1.83426 0.720842 -1.12517 0.071305 -2.33736 -1.02221 -5.7278 -0.653796 2.16656 -2.99933 2.59035
1 20.38 0.000961073 -2.06337 0.69469 -1.02758 0.113088 -2.18406 -1.85216 -4.87225 -1.6138 0.909744 -3.36608 -1.15459
4 20.38 1.5 0 1.5 0 0 1.57075 0 0 0 0 0 0
5 20.38 50 0.0045836 10
6 20.38 -80.8627 -2.04184 -0.886276 -11.9631
0 20.4 0.031284 -1.91671 0.708329 -1.06902 0.0925839 -2.25159 -0.920579 -5.79229 -0.719637 2.27672 -2.99663 2.54931
1 20.4 -0.00553916 -2.1484 0.679543 -0.963637 0.124333 -2.09679 -1.52094 -5.25343 -1.55216 0.068138 -0.739583 -7.3303
4 20.4 1.5 0 1.5 0 0 1.57075 0 0 0 0 0 0
5 20.4 50 0.00214458 4
6 20.4 -56.2869 -3.09615 2.10815 -31.5484
0 20.41 0.0238557 -1.99611 0.694469 -1.04865 0.0985297 -2.22196 -0.830006 -5.84632 -0.773566 2.33524 -2.99368 2.53698
1 20.41 -0.00934457 -2.22997 0.663526 -0.93998 0.126764 -2.0668 -1.257 -5.48101 -1.48723 0.379761 -0.268348 0.468185
4 20.41 1.5 0 1.5 0 0 1.57075 0 0 0 0 0 0
5 20.41 50 0.00321341 7
6 20.41 -39.6468 -2.80932 2.63544 -6.61259
0 20.42 0.0165791 -2.07435 0.681239 -1.02161 0.105272 -2.18411 -0.736476 -5.89209 -0.820862 2.42117 -2.96438 2.53396
1 20.42 -0.0128799 -2.31003 0.648405 -0.908487 0.129831 -2.02921 -1.91675 -4.94245 -2.13331 -0.0740119 0.537377 7.33354
4 20.42 1.5 0 1.5 0 0 1.57075 0 0 0 0 0 0
5 20.42 50 0.00534034 11
6 20.42 -108.559 -3.40638 3.50877 15.3145
0 20.44 0.011379 -2.15673 0.665803 -0.962236 0.116404 -2.10782 -0.617545 -5.92776 -0.86818 2.62762 -2.88568 2.53323
1 20.44 -0.0133228 -2.39385 0.631076 -0.839283 0.133553 -1.95415 -1.83541 -5.06241 -2.29115 2.48381 2.39705 -2.84851
4 20.44 1.5 0 1.5 0 0 1.57075 0 0 0 0 0 0
5 20.44 50 0.00657153 14
6 20.44 -111.166 -0.758924 5.5089 -17.1898
0 20.45 0.00717657 -2.22705 0.653154 -0.921907 0.121511 -2.0603 -0.51656 -5.95207 -0.900911 2.81261 -2.78061 2.51814
1 20.45 -0.0134858 -2.46513 0.617118 -0.791148 0.134551 -1.9097 -0.922827 -5.68521 -1.65772 -12.1776 -9.34143 3.31547
4 20.45 1.5 0 1.5 0 0 1.57075 0 0 0 0 0 0
5 20.45 50 0.0103045 20
6 20.45 -37.2096 -17.3455 -8.11482 2.53661
0 20.46 0.00546397 -2.30314 0.637575 -0.887361 0.124848 -2.02148 -0.411913 -5.9735 -0.931384 2.95243 -2.68289 2.52648
1 20.46 -0.0110126 -2.54208 0.600319 -0.750811 0.135444 -1.8733 -1.08297 -5.56046 -1.95724 0.549775 -0.480718 -2.15906
4 20.46 1.5 0 1.5 0 0 1.57075 0 0 0 0 0 0
5 20.46 50 0.00444818 8
6 20.46 -61.9256 -3.24286 1.9079 -14.9676
0 20.47 0.00391815 -2.37748 0.623116 -0.854476 0.127327 -1.98604 -0.31056 -5.9867 -0.955458 3.01896 -2.6342 2.54231
1 20.47 -0.00850426 -2.61694 0.584898 -0.714996 0.13484 -1.83861 -0.224588 -6.03654 -1.26257 -3.93116 -6.94667 1.88673
4 20.47 1.5 0 1.5 0 0 1.57075 0 0 0 0 0 0
5 20.47 50 0.00829744 18
6 20.47 8.02108 -8.3244 -5.5844 -2.10197
0 20.49 0.00515175 -2.4451 0.608257 -0.801004 0.130008 -1.93185 -0.208378 -6.03355 -1.00079 3.18185 -2.50786 2.52886
1 20.49 -0.00318339 -2.68644 0.568225 -0.655107 0.132825 -1.7882 -0.0959468 -6.09295 -1.27193 0.160292 -0.509251 0.239727
4 20.49 1.5 0 1.5 0 0 1.57075 0 0 0 0 0 0
5 20.49 50 0.00332499 5
6 20.49 10.762 -3.89966 1.62565 -7.31713
0 20.5 0.00647961 -2.51215 0.59405 -0.745624 0.131012 -1.87897 -0.110451 -6.06622 -1.03547 3.35103 -2.37109 2.4875
1 20.5 0.00206155 -2.75479 0.552631 -0.593472 0.128837 -1.74034 -0.115187 -6.06394 -1.43346 3.63854 -10.3572 -5.33078
4 20.5 1.5 0 1.5 0 0 1.57075 0 0 0 0 0 0
5 20.5 50 0.00744891 17
6 20.5 -0.469788 -0.160814 -9.85408 -24.9689
0 20.51 0.0105263 -2.60505 0.573733 -0.71721 0.130825 -1.8532 0.0228322 -6.08783 -1.06826 3.41652 -2.298 2.47085
1 20.51 0.0114396 -2.84857 0.531003 -0.5628 0.126513 -1.71713 0.185541 -6.16262 -1.25932 0.192958 -0.489802 0.735511
4 20.51 1.5 0 1.5 0 0 1.57075 0 0 0 0 0 0
5 20.51 50 0.000818491 1
6 20.51 16.5039 -4.07137 1.3744 -5.549
0 20.52 0.0135078 -2.66897 0.560254 -0.687628 0.130331 -1.82724 0.110131 -6.09418 -1.08506 3.46653 -2.21256 2.46475
1 20.52 0.017913 -2.91274 0.516852 -0.531618 0.124516 -1.69375 0.287083 -6.1718 -1.24707 0.193359 -0.533118 0.73184
4 20.52 1.5 0 1.5 0 0 1.57075 0 0 0 0 0 0
5 20.52 50 0.000879765 1
6 20.52 18.4176 -4.10851 1.21818 -5.54104
0 20.53 0.0184257 -2.73558 0.54526 -0.639845 0.129106 -1.78684 0.209575 -6.08338 -1.09745 3.51221 -2.03406 2.46699
1 20.53 0.0268087 -2.97892 0.501362 -0.482772 0.122756 -1.65803 0.390971 -6.15738 -1.23265 0.13733 -0.290022 1.89122
4 20.53 1.5 0 1.5 0 0 1.57075 0 0 0 0 0 0
5 20.53 50 0.00212812 4
6 20.53 19.803 -4.18669 1.2823 -1.84628
0 20.54 0.0237917 -2.80536 0.530386 -0.590101 0.127423 -1.74649 0.304782 -6.06539 -1.10301 3.58628 -1.86548 2.46068
1 20.54 0.035983 -3.04798 0.486266 -0.430852 0.120192 -1.62218 0.492492 -6.13674 -1.2032 0.130031 -0.318806 1.74577
4 20.54 1.5 0 1.5 0 0 1.57075 0 0 0 0 0 0
5 20.54 50 0.00253582 4
6 20.54 21.7165 -4.24275 1.04258 -2.28996
0 20.56 0.0326404 -2.88636 0.51197 -0.520552 0.124461 -1.69398 0.39779 -6.04533 -1.10563 3.6828 -1.68394 2.45525
1 20.56 0.048552 -3.12818 0.467745 -0.358389 0.114871 -1.57435 0.585095 -6.11083 -1.16236 0.0754133 -0.321554 1.95442
4 20.56 1.5 0 1.5 0 0 1.57075 0 0 0 0 0 0
5 20.56 50 0.00224328 3
6 20.56 23.8831 -4.37457 0.813106 -1.60595
0 20.57 0.0406541 -2.95964 0.496128 -0.480368 0.12245 -1.66467 0.4761 -6.02122 -1.10383 3.72567 -1.56533 2.46362
1 20.57 0.059698 -3.20049 0.451975 -0.317025 0.112462 -1.54747 0.659924 -6.08298 -1.13661 0.0949126 -0.31283 1.66008
4 20.57 1.5 0 1.5 0 0 1.57075 0 0 0 0 0 0
5 20.57 50 0.00185275 3
6 20.57 25.0251 -4.37796 0.675706 -2.57193
0 20.58 0.0478584 -3.01243 0.48382 -0.439709 0.120127 -1.63581 0.537867 -5.99157 -1.09979 3.76503 -1.46403 2.47681
1 20.58 0.0693731 -3.2521 0.439829 -0.275278 0.109309 -1.52041 0.712142 -6.04825 -1.1174 0.0893247 -0.272372 1.82919
4 20.58 1.5 0 1.5 0 0 1.57075 0 0 0 0 0 0
5 20.58 50 0.00283027 6
6 20.58 25.553 -4.40942 0.593741 -2.07379
0 20.59 0.0570327 -3.08078 0.468916 -0.388584 0.116618 -1.59958 0.607312 -5.95248 -1.09211 3.81295 -1.36548 2.50351
1 20.59 0.0813252 -3.31888 0.425232 -0.222785 0.104012 -1.48544 0.77121 -6.00421 -1.08344 0.0644449 -0.250282 1.99665
4 20.59 1.5 0 1.5 0 0 1.57075 0 0 0 0 0 0
5 20.59 50 0.00319695 5
6 20.59 26.7257 -4.47388 0.487729 -1.62409
0 20.6 0.065285 -3.1326 0.456833 -0.355971 0.114287 -1.57721 0.659835 -5.91595 -1.08492 3.84882 -1.29098 2.52533
1 20.6 0.0916784 -3.36924 0.413436 -0.189084 0.101088 -1.46379 0.814582 -5.9645 -1.06301 0.0839516 -0.245854 1.91601
4 20.6 1.5 0 1.5 0 0 1.57075 0 0 0 0 0 0
5 20.6 50 0.00281835 6
6 20.6 27.2515 -4.47924 0.392919 -1.95092
0 20.61 0.0755588 -3.1989 0.442417 -0.305202 0.110175 -1.5429 0.715942 -5.87026 -1.07422 3.90583 -1.18489 2.54768
1 20.61 0.104197 -3.43371 0.399448 -0.136641 0.095591 -1.43078 0.855016 -5.91449 -1.03191 0.0488689 -0.227505 1.92132
4 20.61 1.5 0 1.5 0 0 1.57075 0 0 0 0 0 0
5 20.61 50 0.00282621 6
6 20.61 28.0859 -4.56254 0.273077 -2.00492
0 20.63 0.0891957 -3.27396 0.425201 -0.24225 0.104774 -1.50086 0.765294 -5.83335 -1.06598 3.98227 -1.02829 2.59362
1 20.63 0.119807 -3.50729 0.382562 -0.0713305 0.0897301 -1.38967 0.881971 -5.87337 -1.00119 0.0930504 -0.200433 2.04517
4 20.63 1.5 0 1.5 0 0 1.57075 0 0 0 0 0 0
5 20.63 50 0.00442386 7
6 20.63 29.004 -4.56986 0.0931314 -1.75558
0 20.64 0.102671 -3.35078 0.408543 -0.199062 0.101178 -1.47286 0.807958 -5.79307 -1.05977 4.00263 -0.908367 2.61575
1 20.64 0.134989 -3.5825 0.366152 -0.0278144 0.0862515 -1.36255 0.906974 -5.83105 -0.984504 0.0729417 -0.202604 1.96866
4 20.64 1.5 0 1.5 0 0 1.57075 0 0 0 0 0 0
5 20.64 50 0.00551295 10
6 20.64 29.3716 -4.59134 -0.0586727 -2.06995
0 20.65 0.114785 -3.41207 0.394323 -0.147165 0.0971631 -1.43877 0.841556 -5.74374 -1.05748 3.93487 -0.722607 2.63042
1 20.65 0.148447 -3.64182 0.352024 0.0207878 0.0839996 -1.32994 0.919843 -5.78132 -0.962034 0.00483548 -0.533118 1.96112
4 20.65 1.5 0 1.5 0 0 1.57075 0 0 0 0 0 0
5 20.65 50 0.00885391 20
6 20.65 30.3505 -4.55284 -0.641091 -2.13995
0 20.67 0.129498 -3.4907 0.377234 -0.0607939 0.0945666 -1.37853 0.875348 -5.68624 -1.06272 3.29261 -0.0924849 2.59045
1 20.67 0.164512 -3.71815 0.334725 0.0807417 0.0971695 -1.27442 0.917995 -5.73068 -0.909334 -0.388422 -0.660689 2.08607
4 20.67 1.5 0 1.5 0 0 1.57075 0 0 0 0 0 0
5 20.67 50 0.00902605 20
6 20.67 33.6415 -4.13833 -1.35937 -1.61058
0 20.68 0.14258 -3.55073 0.362972 -0.0366744 0.0959899 -1.35916 0.897154 -5.65006 -1.07154 2.91171 0.0968221 2.55792
1 20.68 0.178466 -3.77673 0.32011 0.0896253 0.103612 -1.25659 0.928055 -5.69751 -0.91471 -0.266986 -0.419408 1.92331
4 20.68 1.5 0 1.5 0 0 1.57075 0 0 0 0 0 0
5 20.68 50 0.00803542 20
6 20.68 33.8188 -3.53641 -1.21004 -2.02566
0 20.69 0.157076 -3.61735 0.347434 -0.00890138 0.0985589 -1.33376 0.949244 -5.60994 -1.10122 2.2905 0.218477 2.49826
1 20.69 0.195045 -3.84175 0.303385 0.0925915 0.108187 -1.23342 0.966998 -5.66224 -0.937337 -0.225463 -0.587274 1.52414
4 20.69 1.5 0 1.5 0 0 1.57075 0 0 0 0 0 0
5 20.69 50 0.00901151 20
6 20.69 34.2397 -2.77048 -1.39908 -3.10929
0 20.7 0.174581 -3.69491 0.328674 0.0172873 0.101477 -1.30285 0.993136 -5.55428 -1.13334 1.75452 0.215621 2.43628
1 20.7 0.214307 -3.91708 0.28334 0.097405 0.108416 -1.20476 0.998379 -5.60711 -1.01174 -0.247332 -0.254011 1.72037
4 20.7 1.5 0 1.5 0 0 1.57075 0 0 0 0 0 0
5 20.7 50 0.00955796 20
6 20.7 31.6499 -2.19691 -0.893363 -2.28513
0 20.72 0.191681 -3.77359 0.310101 0.0452704 0.103675 -1.26066 1.02006 -5.49896 -1.1613 1.14227 0.168858 2.37168
1 20.72 0.232483 -3.99355 0.263649 0.100854 0.106129 -1.16507 1.01419 -5.55606 -1.04832 -0.373352 -0.194767 1.66551
4 20.72 1.5 0 1.5 0 0 1.57075 0 0 0 0 0 0
5 20.72 50 0.0083437 20
6 20.72 31.1534 -1.66308 -0.641898 -2.25423
0 20.73 0.207889 -3.84307 0.2925 0.0575962 0.103893 -1.23531 1.03546 -5.44732 -1.18663 0.885405 0.112752 2.34271
1 20.73 0.249307 -4.06096 0.245035 0.102794 0.103001 -1.14099 1.02525 -5.50611 -1.07885 -0.308313 -0.0461751 1.84073
4 20.73 1.5 0 1.5 0 0 1.57075 0 0 0 0 0 0
5 20.73 50 0.00976753 20
6 20.73 30.8531 -1.31405 -0.354386 -1.60243
0 20.74 0.221455 -3.90274 0.278814 0.0672931 0.103359 -1.20863 1.01101 -5.13296 -0.942611 0.4437 0.0331393 2.2448
1 20.74 0.261896 -4.10806 0.24111 0.0943433 0.0986433 -1.11847 0.998585 -5.18946 -0.868076 -0.369413 0.00404858 1.82906
4 20.74 1.5 0 1.5 0 0 1.57075 0 0 0 0 0 0
5 20.74 50 0.00347805 8
6 20.74 28.8184 -0.903713 -0.11599 -1.32724
0 20.75 0.2425 -3.98898 0.261533 0.0663158 0.11984 -1.18404 0.975559 -4.68425 -0.600969 -1.14103 3.13407 1.31639
1 20.75 0.281522 -4.17635 0.237494 0.0280018 0.241438 -1.12275 0.967686 -4.74938 -0.517116 -0.500663 0.245624 1.10573
4 20.75 1.5 0 1.5 0 0 1.57075 0 0 0 0 0 0
5 20.75 50 0.0112414 20
6 20.75 29.446 1.05402 -3.18939 -0.67661
0 20.77 0.25586 -4.04407 0.252948 0.0250084 0.230152 -1.17274 0.956308 -4.45536 -0.430461 -2.81298 7.09512 0.317938
1 20.77 0.294113 -4.22229 0.23573 -0.0828693 0.51355 -1.15239 0.980775 -4.5377 -0.458452 -0.653194 0.81082 0.823647
4 20.77 1.5 0 1.5 0 0 1.57075 0 0 0 0 0 0
5 20.77 50 0.00158501 2
6 20.77 22.9317 2.60114 -7.13594 1.59179
0 20.79 0.26869 -4.09008 0.252042 -0.0304953 0.359624 -1.16655 0.939587 -4.24623 -0.272754 -2.86247 6.43628 0.437852
1 20.79 0.306273 -4.25993 0.241132 -0.141364 0.617489 -1.15623 0.988288 -4.33738 -0.391312 -0.699186 0.958152 1.1995
4 20.79 1.5 0 1.5 0 0 1.57075 0 0 0 0 0 0
5 20.79 50 0.00193596 2
6 20.79 17.9274 2.65106 -6.18122 2.41063
0 20.79 0.27993 -4.13225 0.251782 -0.0519883 0.405887 -1.16592 0.933314 -4.12081 -0.16856 -2.88909 6.30502 0.456855
1 20.79 0.317262 -4.29708 0.24504 -0.165341 0.658697 -1.16032 0.988817 -4.21427 -0.310198 -0.898116 0.338622 0.531855
4 20.79 1.5 0 1.5 0 0 1.57075 0 0 0 0 0 0
5 20.79 50 0.00171971 2
6 20.79 16.74 2.46336 -6.73591 0.218735
0 20.81 0.292151 -4.16882 0.261845 -0.0818747 0.467534 -1.16645 0.935012 -4.03449 -0.0842919 -2.90287 6.11595 0.497569
1 20.81 0.329552 -4.3302 0.258474 -0.198076 0.712981 -1.16664 1.49565 -4.88197 1.50343 -31.3952 -20.3701 10.1442
4 20.81 1.5 0 1.5 0 0 1.57075 0 0 0 0 0 0
5 20.81 50 0.0096252 20
6 20.81 136.319 -31.6313 -30.2682 30.7766
0 20.82 0.300164 -4.19442 0.267391 -0.118354 0.538904 -1.16841 0.939069 -3.99242 -0.0381494 -2.88989 5.91004 0.543954
1 20.82 0.337727 -4.35411 0.265865 -0.237721 0.776221 -1.17576 1.01379 -4.09488 -0.223947 -1.45882 0.577296 0.946913
4 20.82 1.5 0 1.5 0 0 1.57075 0 0 0 0 0 0
5 20.82 50 0.00202751 4
6 20.82 14.8479 1.86423 -5.988 1.26703
0 20.83 0.315567 -4.23819 0.283014 -0.148636 0.594882 -1.17204 0.958855 -3.94913 0.0280784 -2.87179 5.70771 0.574401
1 20.83 0.353921 -4.39615 0.284138 -0.27101 0.824075 -1.18543 1.68604 -4.88639 1.32943 -6.41421 -2.86638 2.51547
4 20.83 1.5 0 1.5 0 0 1.57075 0 0 0 0 0 0
5 20.83 50 0.00814199 20
6 20.83 126.657 -3.69543 -9.70043 6.17824
0 20.85 0.329332 -4.281 0.293615 -0.203116 0.685431 -1.18077 0.9869 -3.93484 0.0708909 -2.83837 5.02624 0.613171
1 20.85 0.368808 -4.43839 0.296451 -0.33017 0.887295 -1.20212 1.9802 -5.1032 1.46192 5.79789 -3.96286 6.06016
4 20.85 1.5 0 1.5 0 0 1.57075 0 0 0 0 0 0
5 20.85 50 0.00846696 20
6 20.85 144.066 9.9153 -10.169 17.3733
0 20.86 0.340072 -4.30735 0.306823 -0.226743 0.719979 -1.18519 1.01736 -3.92584 0.101035 -2.81329 4.63516 0.627759
1 20.86 0.380766 -4.46438 0.310864 -0.35437 0.906285 -1.20808 2.329 -5.41473 1.84414 17.326 -7.59397 0.974579
4 20.86 1.5 0 1.5 0 0 1.57075 0 0 0 0 0 0
5 20.86 50 0.00889325 20
6 20.86 178.548 22.772 -13.8843 1.0924
0 20.87 0.352167 -4.34108 0.317423 -0.273749 0.781737 -1.1948 1.05894 -3.93514 0.120493 -2.7024 3.91924 0.661612
1 20.87 0.394524 -4.49848 0.322243 -0.398624 0.939824 -1.21862 2.81323 -5.79848 2.1229 7.22866 -0.628172 -0.59868
4 20.87 1.5 0 1.5 0 0 1.57075 0 0 0 0 0 0
5 20.87 50 0.00656033 14
6 20.87 214.678 11.3241 -5.06905 -4.03552
0 20.88 0.367919 -4.37624 0.335077 -0.3045 0.818385 -1.20132 1.13446 -3.93429 0.13224 -2.67152 3.68262 0.689414
1 20.88 0.413297 -4.53361 0.340367 -0.430435 0.967182 -1.22745 2.14758 -4.96667 0.983532 0.0735437 4.13851 4.51416
4 20.88 1.5 0 1.5 0 0 1.57075 0 0 0 0 0 0
5 20.88 50 0.00518918 10
6 20.88 116.841 3.27916 0.675813 12.1993
0 20.89 0.38078 -4.40715 0.346207 -0.336372 0.852816 -1.20866 1.19587 -3.94549 0.134522 -2.65026 3.41664 0.725367
1 20.89 0.428614 -4.56497 0.351588 -0.462669 0.991399 -1.23559 1.83302 -4.56828 0.448019 -8.18509 -4.21463 5.19507
4 20.89 1.5 0 1.5 0 0 1.57075 0 0 0 0 0 0
5 20.89 50 0.00906277 20
6 20.89 69.6238 -5.99022 -8.59608 14.2592
0 20.91 0.39667 -4.44086 0.362619 -0.393073 0.909067 -1.22219 1.27617 -3.96835 0.132955 -2.66145 3.1472 0.763152
1 20.91 0.447717 -4.5996 0.367937 -0.525236 1.03705 -1.25477 4.07915 -6.51892 2.3534 -1.65332 -8.97377 19.3391
4 20.91 1.5 0 1.5 0 0 1.57075 0 0 0 0 0 0
5 20.91 50 0.00655007 13
6 20.91 281.944 1.32448 -13.7382 59.2942
0 20.92 0.413399 -4.47922 0.374739 -0.417917 0.931588 -1.22863 1.36096 -4.00348 0.122567 -2.68274 3.00264 0.777659
1 20.92 0.467838 -4.63936 0.379642 -0.552559 1.05398 -1.26269 1.55153 -4.17172 -0.1045 -1.43712 2.14326 4.3628
4 20.92 1.5 0 1.5 0 0 1.57075 0 0 0 0 0 0
5 20.92 50 0.00343204 8
6 20.92 18.5736 1.58476 -0.812945 11.4364
0 20.93 0.433669 -4.51874 0.392618 -0.460018 0.967456 -1.24004 1.45178 -4.04496 0.109625 -2.6876 2.81528 0.809514
1 20.93 0.49174 -4.68054 0.397003 -0.597972 1.08274 -1.27702 2.0124 -4.5156 0.149392 -5.7128 2.15729 1.75382
4 20.93 1.5 0 1.5 0 0 1.57075 0 0 0 0 0 0
5 20.93 50 0.00438404 9
6 20.93 52.0646 -3.19848 -0.574477 3.0061
0 20.94 0.454349 -4.56188 0.405654 -0.502935 1.00138 -1.25204 1.54655 -4.09245 0.0864701 -2.68434 2.62708 0.845029
1 20.94 0.516212 -4.72557 0.409113 -0.643167 1.10974 -1.29105 2.10258 -4.53608 0.0753001 9.51012 -0.187935 13.4616
4 20.94 1.5 0 1.5 0 0 1.57075 0 0 0 0 0 0
5 20.94 50 0.00535488 11
6 20.94 49.4313 13.8261 -3.04158 40.2705
0 20.95 0.469683 -4.58878 0.418305 -0.520586 1.01467 -1.25717 1.6245 -4.12611 0.0656781 -2.68728 2.56889 0.85566
1 20.95 0.534663 -4.75383 0.420932 -0.662535 1.12084 -1.29774 1.31669 -3.88555 -0.527977 1.60854 1.78105 5.42617
4 20.95 1.5 0 1.5 0 0 1.57075 0 0 0 0 0 0
5 20.95 50 1.14183 20
6 20.95 -26.9166 4.98645 -0.713194 14.5835
