2 0.75 0.263445
2 0.76 0.263247
2 0.77 0.262986
2 0.79 0.26644
2 0.8 0.263037
2 0.81 0.262837
2 0.82 0.263154
2 0.83 0.266126
2 0.84 0.269435
2 0.86 0.271615
2 0.87 0.274538
2 0.88 0.276619
2 0.9 0.283766
2 0.91 0.290098
2 0.92 0.294899
2 0.93 0.299029
2 0.94 0.304065
2 0.96 0.314087
2 0.97 0.322776
2 0.98 0.331739
2 0.99 0.338418
2 1.01 0.350377
2 1.02 0.363965
2 1.03 0.37572
2 1.04 0.390532
2 1.06 0.408142
2 1.07 0.421416
2 1.08 0.443226
2 1.09 0.469087
2 1.1 0.488465
2 1.12 0.514736
2 1.13 0.548668
2 1.14 0.581269
2 1.16 0.615678
2 1.17 0.647294
2 1.18 0.693505
2 1.19 0.749719
2 1.21 0.8
2 1.22 0.8
2 1.23 0.8
2 1.24 0.8
2 1.26 0.8
2 1.27 0.8
2 1.28 0.8
2 1.29 0.8
2 1.3 0.8
2 1.31 0.8
2 1.33 0.8
2 1.34 0.8
2 1.35 0.8
2 1.36 0.8
2 1.37 0.8
2 1.39 0.8
2 1.4 0.8
2 1.41 0.8
2 1.42 0.8
2 1.44 0.8
2 1.45 0.8
2 1.46 0.8
2 1.47 0.8
2 1.49 0.8
2 1.5 0.8
2 1.51 0.8
2 1.52 0.8
2 1.54 0.8
2 1.55 0.8
2 1.56 0.8
2 1.58 0.8
2 1.59 0.8
2 1.6 0.8
2 1.62 0.8
2 1.63 0.8
2 1.64 0.8
2 1.65 0.8
2 1.66 0.8
2 1.67 0.8
2 1.69 0.8
2 1.7 0.8
2 1.71 0.8
2 1.72 0.8
2 1.74 0.8
2 1.75 0.8
2 1.77 0.8
2 1.78 0.8
2 1.79 0.8
2 1.8 0.8
2 1.82 0.8
2 1.83 0.8
2 1.84 0.8
2 1.85 0.8
2 1.86 0.8
2 1.87 0.8
2 1.89 0.8
2 1.9 0.8
2 1.91 0.8
2 1.93 0.8
2 1.94 0.8
2 1.95 0.8
2 1.96 0.8
2 1.98 0.8
2 1.99 0.8
2 2 0.8
2 2.01 0.8
2 2.03 0.8
2 2.04 0.8
2 2.05 0.8
2 2.06 0.8
2 2.07 0.8
2 2.09 0.8
2 2.1 0.8
2 2.11 0.8
2 2.13 0.8
2 2.14 0.8
2 2.15 0.8
2 2.16 0.8
2 2.17 0.8
2 2.19 0.8
2 2.2 0.8
2 2.21 0.8
2 2.22 0.8
2 2.24 0.8
2 2.25 0.8
2 2.26 0.8
2 2.27 0.8
2 2.29 0.8
2 2.3 0.8
2 2.32 0.8
2 2.32 0.8
2 2.34 0.8
2 2.35 0.8
2 2.36 0.8
2 2.37 0.8
2 2.38 0.8
2 2.39 0.8
2 2.41 0.8
2 2.42 0.8
2 2.43 0.8
2 2.44 0.8
2 2.46 0.8
2 2.47 0.8
2 2.49 0.8
2 2.49 0.8
2 2.51 0.8
2 2.52 0.8
2 2.53 0.8
2 2.55 0.8
2 2.56 0.8
2 2.57 0.8
2 2.58 0.8
2 2.59 0.8
2 2.6 0.8
2 2.62 0.8
