2 1.08 0.266528
2 1.09 0.266943
2 1.11 0.271035
2 1.12 0.270665
2 1.13 0.267946
2 1.14 0.266966
2 1.16 0.268875
2 1.17 0.272975
2 1.18 0.279218
2 1.19 0.282462
2 1.21 0.290113
2 1.22 0.295906
2 1.23 0.30066
2 1.25 0.3114
2 1.26 0.318714
2 1.27 0.32894
2 1.28 0.332402
2 1.29 0.341226
2 1.3 0.351934
2 1.31 0.362299
2 1.33 0.376485
2 1.34 0.390438
2 1.35 0.404266
2 1.37 0.426105
2 1.38 0.442541
2 1.39 0.463116
2 1.4 0.482318
2 1.41 0.510406
2 1.42 0.540912
2 1.44 0.571612
2 1.45 0.615711
2 1.46 0.654213
2 1.47 0.691909
2 1.49 0.746409
2 1.5 0.799057
2 1.51 0.8
2 1.52 0.8
2 1.53 0.8
2 1.54 0.8
2 1.56 0.8
2 1.57 0.8
2 1.58 0.8
2 1.59 0.8
2 1.61 0.8
2 1.62 0.8
2 1.63 0.8
2 1.65 0.8
2 1.66 0.8
2 1.67 0.8
2 1.68 0.8
2 1.69 0.8
2 1.71 0.8
2 1.72 0.8
2 1.73 0.8
2 1.74 0.8
2 1.75 0.8
2 1.77 0.8
2 1.78 0.8
2 1.79 0.8
2 1.8 0.8
2 1.81 0.8
2 1.83 0.8
2 1.84 0.8
2 1.85 0.8
2 1.86 0.8
2 1.87 0.8
2 1.89 0.8
2 1.9 0.8
2 1.91 0.8
2 1.93 0.8
2 1.94 0.8
2 1.95 0.8
2 1.97 0.8
2 1.99 0.8
2 2 0.8
2 2.01 0.8
2 2.02 0.8
2 2.04 0.8
2 2.05 0.8
2 2.06 0.8
2 2.07 0.8
2 2.08 0.8
2 2.09 0.8
2 2.11 0.8
2 2.12 0.8
2 2.13 0.8
2 2.15 0.8
2 2.16 0.8
2 2.17 0.8
2 2.18 0.8
2 2.19 0.8
2 2.21 0.8
2 2.22 0.8
2 2.23 0.8
2 2.24 0.8
2 2.26 0.8
2 2.27 0.8
2 2.29 0.8
2 2.3 0.8
2 2.31 0.8
2 2.33 0.8
2 2.34 0.8
2 2.35 0.8
2 2.36 0.8
2 2.37 0.8
2 2.39 0.8
2 2.4 0.8
2 2.41 0.8
2 2.43 0.8
2 2.44 0.8
2 2.45 0.8
2 2.47 0.8
2 2.48 0.8
2 2.49 0.8
2 2.5 0.8
2 2.51 0.8
2 2.52 0.8
2 2.53 0.8
2 2.55 0.8
2 2.56 0.8
2 2.57 0.8
2 2.58 0.8
2 2.6 0.8
2 2.62 0.8
2 2.63 0.8
2 2.64 0.8
2 2.65 0.8
2 2.67 0.8
2 2.68 0.8
2 2.69 0.8
2 2.7 0.8
2 2.71 0.8
2 2.72 0.8
2 2.73 0.8
2 2.75 0.8
2 2.76 0.8
2 2.77 0.8
2 2.78 0.8
2 2.79 0.8
2 2.8 0.8
2 2.82 0.8
2 2.83 0.8
2 2.84 0.8
2 2.85 0.8
2 2.87 0.8
2 2.88 0.8
2 2.89 0.8
2 2.9 0.8
2 2.91 0.8
2 2.92 0.8
2 2.95 0.8
2 2.96 0.8
2 2.97 0.8
2 2.98 0.8
2 2.99 0.8
2 3 0.8
2 3.01 0.8
2 3.03 0.8
2 3.04 0.8
2 3.05 0.8
2 3.06 0.8
2 3.08 0.8
2 3.09 0.8
2 3.1 0.8
2 3.11 0.8
2 3.12 0.8
2 3.14 0.8
2 3.15 0.8
2 3.16 0.8
2 3.17 0.8
2 3.19 0.8
