3 2.87 -10 0 0 0 0 0 0 0 0 0 0 0 0
0 2.87 0.464549 -0.154281 1.71427 -0.0734195 0.0322236 1.54722 -0.0235509 0.106477 0.119334 0.165819 0.0633597 0.00492083
1 2.87 0.463607 -0.150022 1.71905 -0.0667864 0.0347656 1.54723 -0.0494953 0.118578 0.0832654 0.60099 -0.0697775 0.0198151
4 2.87 1.5 0 1.5 0 0 1.57075 0 0 0 0 0 0
5 2.87 50 0.000723839 1
6 2.87 21.8956 0.486942 -0.152819 0.0475619
0 2.88 0.464425 -0.155392 1.71423 -0.0725973 0.0325363 1.54718 -0.0293372 0.106253 0.119738 0.165031 0.0668366 0.00326671
1 2.88 0.463251 -0.151142 1.71902 -0.0659981 0.0352122 1.54712 -0.0549863 0.118461 0.0836995 0.601677 -0.068941 0.0197849
4 2.88 1.5 0 1.5 0 0 1.57075 0 0 0 0 0 0
5 2.88 50 0.000780821 1
6 2.88 21.8964 0.488584 -0.155825 0.0527467
0 2.9 0.46414 -0.155999 1.71463 -0.0704886 0.0333401 1.54708 -0.0356936 0.107103 0.120486 0.174352 0.0685573 0.00247188
1 2.9 0.462712 -0.151715 1.71945 -0.0635176 0.0360825 1.54699 -0.060588 0.119587 0.0845655 0.600969 -0.0717892 0.018643
4 2.9 1.5 0 1.5 0 0 1.57075 0 0 0 0 0 0
5 2.9 50 0.00112939 1
6 2.9 21.9009 0.47736 -0.161059 0.0516398
0 2.91 0.463848 -0.157164 1.71468 -0.066683 0.0346098 1.54708 -0.0408849 0.107139 0.119106 0.228464 0.0567775 0.00609327
1 2.91 0.462213 -0.152878 1.71944 -0.0575413 0.0368921 1.54717 -0.0645155 0.120103 0.0848432 0.600961 -0.0744862 0.0228272
4 2.91 1.5 0 1.5 0 0 1.57075 0 0 0 0 0 0
5 2.91 50 0.00079608 1
6 2.91 21.9979 0.416818 -0.150717 0.0534379
0 2.93 0.463536 -0.157621 1.71497 -0.0645371 0.0348695 1.54712 -0.0445336 0.107175 0.115545 0.301941 0.0310692 0.0103015
1 2.93 0.461754 -0.153334 1.7196 -0.0524479 0.0361363 1.54746 -0.0674289 0.120235 0.0818815 0.603371 -0.078111 0.0252426
4 2.93 1.5 0 1.5 0 0 1.57075 0 0 0 0 0 0
5 2.93 50 0.000999451 1
6 2.93 22.0318 0.337299 -0.125523 0.0477101
0 2.93 0.463132 -0.158793 1.71497 -0.0595863 0.0347478 1.5472 -0.0476802 0.106483 0.106137 0.463045 -0.0302282 0.00759766
1 2.93 0.461225 -0.154534 1.71922 -0.0410515 0.033559 1.54757 -0.0689152 0.119529 0.0745307 0.604065 -0.080381 0.0262459
4 2.93 1.5 0 1.5 0 0 1.57075 0 0 0 0 0 0
5 2.93 50 0.00087595 1
6 2.93 22.1513 0.157769 -0.0578332 0.0595185
0 2.94 0.462673 -0.159238 1.71521 -0.0554573 0.0342973 1.54732 -0.0498703 0.106242 0.09345 0.581281 -0.0685114 0.00802909
1 2.94 0.460678 -0.154988 1.71895 -0.0321898 0.0315789 1.54779 -0.0697096 0.11915 0.0635693 0.602635 -0.0828046 0.0266211
4 2.94 1.5 0 1.5 0 0 1.57075 0 0 0 0 0 0
5 2.94 50 0.0011282 1
6 2.94 22.2516 0.0238476 -0.016786 0.0593098
0 2.95 0.462022 -0.160674 1.71494 -0.0452584 0.0327633 1.54755 -0.0519414 0.105261 0.0725287 0.745263 -0.116845 0.0135161
1 2.95 0.459944 -0.156463 1.71785 -0.0154233 0.0281188 1.5483 -0.0682974 0.11768 0.0473524 0.593973 -0.0807042 0.0316296
4 2.95 1.5 0 1.5 0 0 1.57075 0 0 0 0 0 0
5 2.95 50 0.00070262 1
6 2.95 22.5276 -0.169409 0.0406293 0.0577286
0 2.97 0.461431 -0.161173 1.71483 -0.0329147 0.0307498 1.54801 -0.0533803 0.105129 0.0524198 0.813324 -0.130017 0.0246702
1 2.97 0.459296 -0.156967 1.71693 -0.00034612 0.0255844 1.54917 -0.0653403 0.116817 0.0310704 0.570873 -0.0757052 0.0392292
4 2.97 1.5 0 1.5 0 0 1.57075 0 0 0 0 0 0
5 2.97 50 0.00074935 1
6 2.97 22.7499 -0.271543 0.0606488 0.0463597
0 2.98 0.460909 -0.162545 1.71411 -0.0231446 0.0291585 1.54829 -0.0543393 0.104354 0.0341182 0.82456 -0.131401 0.0232963
1 2.98 0.458735 -0.158371 1.71547 0.00986853 0.0239254 1.54935 -0.0627651 0.115471 0.0162578 0.550671 -0.0702673 0.0377691
4 2.98 1.5 0 1.5 0 0 1.57075 0 0 0 0 0 0
5 2.98 50 0.000349998 0
6 2.98 22.9565 -0.306707 0.0685472 0.0460815
0 3 0.460268 -0.163524 1.71324 -0.0146288 0.02779 1.54857 -0.0541459 0.0990678 0.00450152 0.794213 -0.1189 0.0258878
1 3 0.458102 -0.159561 1.71342 0.0171704 0.0230497 1.54967 -0.059443 0.109695 -0.00990771 0.526209 -0.0624386 0.0391716
4 3 1.5 0 1.5 0 0 1.57075 0 0 0 0 0 0
5 3 50 0.000390053 0
6 3 22.9565 -0.306707 0.0685472 0.0460815
0 3 0.459789 -0.164774 1.71217 -0.00555649 0.0263781 1.549 -0.0538767 0.0953858 -0.0207537 0.741566 -0.103235 0.0358402
1 3 0.457634 -0.160959 1.71134 0.0241446 0.0222567 1.55045 -0.0557738 0.105476 -0.0323728 0.497883 -0.0551505 0.0455556
4 3 1.5 0 1.5 0 0 1.57075 0 0 0 0 0 0
5 3 50 0.00034523 0
6 3 22.9565 -0.306707 0.0685472 0.0460815
0 3.01 0.459177 -0.165598 1.71078 -0.000244641 0.0256314 1.5493 -0.0532561 0.0923672 -0.0544145 0.698363 -0.0884756 0.0383117
1 3.01 0.457046 -0.161903 1.70861 0.0277292 0.0220927 1.55083 -0.0531385 0.10221 -0.062875 0.478606 -0.0501947 0.0469902
4 3.01 1.5 0 1.5 0 0 1.57075 0 0 0 0 0 0
5 3.01 50 0.000412941 0
6 3.01 22.9565 -0.306707 0.0685472 0.0460815
0 3.02 0.458742 -0.166718 1.7094 0.00627553 0.0247506 1.5497 -0.0525966 0.0898992 -0.083791 0.61655 -0.077786 0.0408048
1 3.02 0.456638 -0.163122 1.70605 0.0309774 0.021629 1.55131 -0.0499669 0.0994216 -0.0893817 0.45393 -0.0454495 0.0483404
4 3.02 1.5 0 1.5 0 0 1.57075 0 0 0 0 0 0
5 3.02 50 0.000463247 0
6 3.02 22.9565 -0.306707 0.0685472 0.0460815
0 3.03 0.458288 -0.167378 1.70786 0.0120913 0.0240226 1.55011 -0.0518246 0.0878332 -0.11598 0.551101 -0.0568394 0.0419897
1 3.03 0.456215 -0.163865 1.70323 0.034175 0.0217289 1.55177 -0.0469167 0.0971003 -0.118545 0.431868 -0.0405425 0.0487793
4 3.03 1.5 0 1.5 0 0 1.57075 0 0 0 0 0 0
5 3.03 50 0.000365019 0
6 3.03 22.9565 -0.306707 0.0685472 0.0460815
0 3.04 0.457692 -0.168676 1.7052 0.0185342 0.0233784 1.55069 -0.0503406 0.0853467 -0.161011 0.502342 -0.0417664 0.0484071
1 3.04 0.455678 -0.165262 1.69875 0.0386724 0.0216722 1.55259 -0.0428523 0.0944098 -0.159451 0.408005 -0.0360552 0.0526155
4 3.04 1.5 0 1.5 0 0 1.57075 0 0 0 0 0 0
5 3.04 50 0.000736952 0
6 3.04 22.9565 -0.306707 0.0685472 0.0460815
0 3.06 0.456993 -0.169361 1.70151 0.0254901 0.0228497 1.55139 -0.0476168 0.0829708 -0.222884 0.446494 -0.0244113 0.0509945
1 3.06 0.455088 -0.166042 1.69259 0.043396 0.0218216 1.55341 -0.0372541 0.0919008 -0.215811 0.38043 -0.0320526 0.0537454
4 3.06 1.5 0 1.5 0 0 1.57075 0 0 0 0 0 0
5 3.06 50 0.000351667 0
6 3.06 22.9565 -0.306707 0.0685472 0.0460815
0 3.07 0.456503 -0.170664 1.69811 0.0297112 0.022669 1.55197 -0.0458024 0.0807256 -0.268725 0.404911 -0.00543704 0.0582727
1 3.07 0.454671 -0.167435 1.68736 0.0459604 0.0223824 1.55429 -0.0336363 0.0896472 -0.257596 0.362428 -0.0285694 0.0581697
4 3.07 1.5 0 1.5 0 0 1.57075 0 0 0 0 0 0
5 3.07 50 0.000350714 0
6 3.07 22.9565 -0.306707 0.0685472 0.0460815
0 3.08 0.456031 -0.171485 1.69441 0.0354747 0.022634 1.5529 -0.0438521 0.0788361 -0.319539 0.37527 0.00854496 0.0602034
1 3.08 0.454277 -0.168332 1.68163 0.0505403 0.0228901 1.55532 -0.0292043 0.0878124 -0.303902 0.341038 -0.0263494 0.0586848
4 3.08 1.5 0 1.5 0 0 1.57075 0 0 0 0 0 0
5 3.08 50 0.000463247 0
6 3.08 22.9565 -0.306707 0.0685472 0.0460815
0 3.1 0.455531 -0.172781 1.68962 0.0391152 0.022788 1.55348 -0.0413716 0.0765984 -0.380995 0.361901 0.0251719 0.0546762
1 3.1 0.453876 -0.169717 1.67438 0.053642 0.0237086 1.55571 -0.02503 0.0857381 -0.360038 0.325037 -0.0240681 0.0544731
4 3.1 1.5 0 1.5 0 0 1.57075 0 0 0 0 0 0
5 3.1 50 0.000466585 0
6 3.1 22.9565 -0.306707 0.0685472 0.0460815
0 3.11 0.454969 -0.173611 1.68299 0.0453931 0.0231299 1.55439 -0.0377009 0.0741376 -0.463926 0.357025 0.023587 0.0508926
1 3.11 0.453461 -0.170645 1.66443 0.0597221 0.02398 1.55647 -0.0184355 0.0835518 -0.435773 0.300989 -0.0241825 0.051171
4 3.11 1.5 0 1.5 0 0 1.57075 0 0 0 0 0 0
5 3.11 50 0.000441074 0
6 3.11 22.9565 -0.306707 0.0685472 0.0460815
0 3.12 0.454524 -0.174898 1.67674 0.0480525 0.0232716 1.55477 -0.0339164 0.0711818 -0.543641 0.355729 0.0250724 0.0504087
1 3.12 0.453167 -0.172051 1.655 0.0623297 0.0241765 1.55683 -0.0132031 0.0807979 -0.508695 0.2866 -0.0231085 0.0505258
4 3.12 1.5 0 1.5 0 0 1.57075 0 0 0 0 0 0
5 3.12 50 0.000478029 0
6 3.12 22.9565 -0.306707 0.0685472 0.0460815
0 3.13 0.454123 -0.175605 1.66943 0.0515983 0.0234552 1.55531 -0.0300016 0.0685555 -0.627598 0.354532 0.0239281 0.0564097
1 3.13 0.452923 -0.172863 1.64432 0.0658336 0.0242947 1.55761 -0.00723635 0.0784715 -0.582336 0.264488 -0.0257047 0.073845
4 3.13 1.5 0 1.5 0 0 1.57075 0 0 0 0 0 0
5 3.13 50 0.000806332 1
6 3.13 26.85 -0.10064 -0.0586037 0.0556718
0 3.15 0.45367 -0.177033 1.66018 0.0570251 0.0237137 1.55617 -0.026203 0.0654615 -0.714845 0.366531 0.0198037 0.0588185
1 3.15 0.452622 -0.174415 1.63159 0.0717432 0.0243705 1.55857 -6.46482e-05 0.0758727 -0.652221 0.233858 -0.0325551 0.123795
4 3.15 1.5 0 1.5 0 0 1.57075 0 0 0 0 0 0
5 3.15 50 0.000798941 1
6 3.15 27.9235 -0.148354 -0.0618605 0.207446
0 3.15 0.453346 -0.177786 1.65182 0.0599963 0.0238162 1.55666 -0.0228407 0.0632365 -0.789414 0.359344 0.0172137 0.05559
1 3.15 0.452433 -0.175257 1.62025 0.0744239 0.0243702 1.55892 0.00518918 0.0738929 -0.717867 0.220677 -0.0339384 0.125294
4 3.15 1.5 0 1.5 0 0 1.57075 0 0 0 0 0 0
5 3.15 50 0.000659943 1
6 3.15 28.4761 -0.155077 -0.0603449 0.222537
0 3.17 0.452897 -0.179274 1.63889 0.0665443 0.0238944 1.55772 -0.0181438 0.0600539 -0.892359 0.326728 0.0105249 0.0567835
1 3.17 0.452171 -0.176872 1.60319 0.0796683 0.0241635 1.56001 0.0144521 0.0712609 -0.798026 0.188704 -0.0404853 0.161045
4 3.17 1.5 0 1.5 0 0 1.57075 0 0 0 0 0 0
5 3.17 50 0.00155902 3
6 3.17 29.8871 -0.154388 -0.060064 0.332858
0 3.18 0.452604 -0.18 1.6269 0.0700996 0.023964 1.55847 -0.0135565 0.05799 -0.976413 0.310804 0.0146142 0.0625065
1 3.18 0.452061 -0.177681 1.58784 0.0825926 0.024372 1.56101 0.0240456 0.070307 -0.835638 0.155076 -0.0528861 0.322626
4 3.18 1.5 0 1.5 0 0 1.57075 0 0 0 0 0 0
5 3.18 50 0.000775099 1
6 3.18 32.7468 -0.17417 -0.079056 0.830437
0 3.19 0.452247 -0.181551 1.61251 0.0727139 0.0240602 1.55904 -0.00793115 0.0501075 -1.05991 0.298344 0.0183273 0.0635491
1 3.19 0.45193 -0.179547 1.57011 0.08471 0.0246067 1.56163 0.0323066 0.0628743 -0.90217 0.14663 -0.0557623 0.355418
4 3.19 1.5 0 1.5 0 0 1.57075 0 0 0 0 0 0
5 3.19 50 0.000801563 1
6 3.19 33.795 -0.169658 -0.0865772 0.931799
0 3.21 0.452029 -0.182554 1.59764 0.0782604 0.0241234 1.56078 -0.00133819 0.0450386 -1.12935 0.253427 0.0168056 0.100934
1 3.21 0.451976 -0.180753 1.55246 0.0884959 0.0244779 1.56486 0.0430553 0.058208 -0.957526 0.124987 -0.042843 0.396419
4 3.21 1.5 0 1.5 0 0 1.57075 0 0 0 0 0 0
5 3.21 50 0.000722885 1
6 3.21 34.6747 -0.143574 -0.0705578 0.943339
0 3.22 0.451795 -0.183864 1.58386 0.0805542 0.024062 1.56198 0.00665036 0.0413178 -1.17659 0.22775 0.00511276 0.137722
1 3.22 0.452061 -0.182212 1.5368 0.0897967 0.0238226 1.56749 0.0531799 0.0547395 -0.994274 0.114043 -0.0402881 0.42436
4 3.22 1.5 0 1.5 0 0 1.57075 0 0 0 0 0 0
5 3.22 50 0.000827074 1
6 3.22 35.3259 -0.12717 -0.054691 0.915094
0 3.23 0.451729 -0.184602 1.57198 0.0826531 0.0238776 1.56361 0.0140525 0.0392773 -1.2029 0.204062 -0.00419701 0.169889
1 3.23 0.452291 -0.183031 1.52386 0.090977 0.0231493 1.57037 0.0628661 0.0529664 -1.00743 0.103337 -0.0452101 0.433638
4 3.23 1.5 0 1.5 0 0 1.57075 0 0 0 0 0 0
5 3.23 50 0.00117588 2
6 3.23 36.1406 -0.112761 -0.0499307 0.842017
0 3.24 0.45165 -0.186198 1.5508 0.0846716 0.0235108 1.56544 0.0258104 0.0370425 -1.22499 0.186728 -0.0193727 0.191105
1 3.24 0.452682 -0.184716 1.5018 0.0923183 0.0220922 1.57299 0.07781 0.0511458 -1.00579 0.0898907 -0.0499504 0.426385
4 3.24 1.5 0 1.5 0 0 1.57075 0 0 0 0 0 0
5 3.24 50 0.00142837 2
6 3.24 37.6054 -0.108655 -0.0380423 0.751126
0 3.26 0.451802 -0.187027 1.53382 0.0873021 0.022391 1.56946 0.0360974 0.0359357 -1.23375 0.130372 -0.0509717 0.265869
1 3.26 0.453245 -0.18559 1.48447 0.0927503 0.0194327 1.57988 0.0900809 0.0496682 -1.00974 0.0786776 -0.0428159 0.440998
4 3.26 1.5 0 1.5 0 0 1.57075 0 0 0 0 0 0
5 3.26 50 0.0011425 2
6 3.26 37.9093 -0.0589497 0.00648239 0.55909
0 3.27 0.452082 -0.18873 1.51165 0.0887774 0.0212907 1.57307 0.0486428 0.0343451 -1.2428 0.101018 -0.065281 0.30049
1 3.27 0.454027 -0.187356 1.46194 0.0930681 0.0176241 1.58482 0.104724 0.0478933 -1.00496 0.0680993 -0.0380133 0.444093
4 3.27 1.5 0 1.5 0 0 1.57075 0 0 0 0 0 0
5 3.27 50 0.0015142 3
6 3.27 38.764 -0.0384377 0.0287671 0.458445
0 3.28 0.452543 -0.189673 1.49347 0.0896615 0.0203276 1.57603 0.0594632 0.0333178 -1.25155 0.0834378 -0.0727476 0.324214
1 3.28 0.454922 -0.188341 1.44341 0.0932563 0.0162682 1.58869 0.117033 0.0466511 -1.00296 0.0622623 -0.0335919 0.445659
4 3.28 1.5 0 1.5 0 0 1.57075 0 0 0 0 0 0
5 3.28 50 0.00183368 4
6 3.28 39.427 -0.0256229 0.0426805 0.387706
0 3.3 0.453432 -0.191759 1.46487 0.0909496 0.0174238 1.58417 0.0783741 0.031451 -1.27841 0.0306597 -0.101678 0.384464
1 3.3 0.456567 -0.190501 1.41373 0.0924364 0.0119768 1.59911 0.141743 0.0444374 -0.974247 0.0435357 -0.0376604 0.387042
4 3.3 1.5 0 1.5 0 0 1.57075 0 0 0 0 0 0
5 3.3 50 0.00119138 2
6 3.3 42.848 0.011209 0.0724708 0.00822712
0 3.32 0.454016 -0.193012 1.44983 0.0911869 0.0153591 1.58981 0.0877083 0.030344 -1.30513 -0.00471181 -0.0997093 0.41349
1 3.32 0.457525 -0.191799 1.39763 0.0912459 0.00988118 1.60592 0.152101 0.0424225 -0.991032 0.0345916 -0.0275504 0.386971
4 3.32 1.5 0 1.5 0 0 1.57075 0 0 0 0 0 0
5 3.32 50 0.00125265 2
6 3.32 43.4588 0.0406041 0.0829512 -0.0846626
0 3.34 0.454663 -0.193736 1.43696 0.0911084 0.0136335 1.59497 0.0949576 0.0296682 -1.3342 -0.0211143 -0.0983925 0.425041
1 3.34 0.458462 -0.192549 1.38359 0.0904898 0.00816732 1.61154 0.160223 0.0410259 -1.0095 0.0343795 -0.0155277 0.380516
4 3.34 1.5 0 1.5 0 0 1.57075 0 0 0 0 0 0
5 3.34 50 0.00123739 2
6 3.34 44.1091 0.0586711 0.0958169 -0.142142
0 3.34 0.455729 -0.195275 1.41659 0.0910104 0.0126413 1.5981 0.103672 0.0283598 -1.38341 -0.0221779 -0.0895306 0.430909
1 3.34 0.459876 -0.19414 1.36126 0.0903362 0.00750836 1.61495 0.170523 0.0394878 -1.04029 0.0231306 -0.00675838 0.385235
4 3.34 1.5 0 1.5 0 0 1.57075 0 0 0 0 0 0
5 3.34 50 0.00110292 2
6 3.34 45.2413 0.0475399 0.095759 -0.145811
0 3.35 0.456938 -0.196283 1.39669 0.0909938 0.0112521 1.60347 0.111469 0.0276365 -1.43908 -0.0011102 -0.059468 0.431672
1 3.35 0.461396 -0.195178 1.33913 0.0911405 0.0073142 1.62045 0.18077 0.0384913 -1.06854 0.034103 -0.00191085 0.392832
4 3.35 1.5 0 1.5 0 0 1.57075 0 0 0 0 0 0
5 3.35 50 0.00185394 3
6 3.35 46.927 0.0373003 0.0660764 -0.123997
0 3.37 0.457734 -0.197455 1.38209 0.0914526 0.0103665 1.60878 0.117264 0.0268841 -1.4866 0.0520828 -0.00691967 0.428349
1 3.37 0.462425 -0.196379 1.32263 0.0937126 0.00852611 1.62582 0.189985 0.037915 -1.08208 0.0296102 0.00479872 0.418772
4 3.37 1.5 0 1.5 0 0 1.57075 0 0 0 0 0 0
5 3.37 50 0.00167012 3
6 3.37 49.0187 -0.0253872 0.0115943 -0.030573
0 3.38 0.458938 -0.198421 1.36309 0.0929489 0.0100005 1.61618 0.124225 0.0259598 -1.55184 0.0945102 0.0372258 0.41741
1 3.38 0.463907 -0.197383 1.30101 0.0968969 0.00993347 1.63294 0.201022 0.0377434 -1.11555 0.0226255 0.0112336 0.435492
4 3.38 1.5 0 1.5 0 0 1.57075 0 0 0 0 0 0
5 3.38 50 0.00188255 4
6 3.38 50.9803 -0.0791612 -0.0330936 0.0577313
0 3.4 0.460063 -0.199792 1.34412 0.0944156 0.0100975 1.62132 0.130374 0.0201267 -1.61779 0.118494 0.0642429 0.401774
1 3.4 0.465278 -0.198987 1.27941 0.0993193 0.0111407 1.63757 0.215177 0.0335299 -1.10871 0.0282718 0.0255102 0.508452
4 3.4 1.5 0 1.5 0 0 1.57075 0 0 0 0 0 0
5 3.4 50 0.00153661 3
6 3.4 55.4653 -0.0988382 -0.0483877 0.340576
0 3.4 0.461394 -0.200757 1.32405 0.0956683 0.0103639 1.62541 0.135977 0.015903 -1.69011 0.118244 0.0775566 0.405388
1 3.4 0.466833 -0.200121 1.25644 0.100568 0.011903 1.64185 0.241864 0.0332295 -0.970924 0.0319978 0.0503342 0.925246
4 3.4 1.5 0 1.5 0 0 1.57075 0 0 0 0 0 0
5 3.4 50 0.00104642 2
6 3.4 68.4014 -0.0939291 -0.0352087 1.65966
0 3.41 0.462856 -0.202282 1.29967 0.0965709 0.0107011 1.62853 0.141463 0.01203 -1.76729 0.111833 0.0929582 0.404507
1 3.41 0.468515 -0.2018 1.22898 0.10122 0.012842 1.64499 0.252327 0.0308037 -1.00605 0.0512899 0.0726621 0.986622
4 3.41 1.5 0 1.5 0 0 1.57075 0 0 0 0 0 0
5 3.41 50 0.00112629 2
6 3.41 70.9955 -0.0646663 -0.0270384 1.85842
0 3.43 0.464506 -0.203382 1.27472 0.0986235 0.0120518 1.63685 0.148592 0.00898303 -1.83417 0.0872438 0.116665 0.413974
1 3.43 0.47045 -0.203022 1.20135 0.102317 0.0150652 1.65379 0.265214 0.0310803 -1.03583 -0.00193533 0.074983 1.06654
4 3.43 1.5 0 1.5 0 0 1.57075 0 0 0 0 0 0
5 3.43 50 0.00102043 2
6 3.43 73.2948 -0.0958322 -0.0508178 2.08334
0 3.44 0.465807 -0.204673 1.25332 0.0993839 0.0127025 1.64116 0.156956 0.00671176 -1.87604 0.0741207 0.108554 0.430509
1 3.44 0.472085 -0.204404 1.17828 0.102572 0.0153147 1.65873 0.27701 0.030682 -1.05062 0.0257278 0.0642868 1.09375
4 3.44 1.5 0 1.5 0 0 1.57075 0 0 0 0 0 0
5 3.44 50 0.000993252 2
6 3.44 74.9675 -0.050324 -0.0534359 2.11741
0 3.45 0.467068 -0.20548 1.23515 0.100032 0.0132127 1.64577 0.165326 0.00562763 -1.89597 0.0615548 0.0940843 0.464559
1 3.45 0.473681 -0.205255 1.15932 0.102743 0.0151015 1.66463 0.287789 0.0312 -1.05266 0.0542903 0.0824375 1.09558
4 3.45 1.5 0 1.5 0 0 1.57075 0 0 0 0 0 0
5 3.45 50 0.00171423 2
6 3.45 76.0739 -0.00455279 -0.0157344 2.01455
0 3.46 0.468772 -0.206901 1.20927 0.100622 0.0133867 1.65229 0.176055 0.00433117 -1.90644 0.035132 0.0468982 0.531193
1 3.46 0.475814 -0.206727 1.13301 0.102313 0.0131188 1.67362 0.300908 0.031375 -1.04463 0.0509788 0.0977521 1.05384
4 3.46 1.5 0 1.5 0 0 1.57075 0 0 0 0 0 0
5 3.46 50 0.00114775 2
6 3.46 77.2177 0.0197691 0.0567978 1.66854
0 3.47 0.470659 -0.207945 1.18455 0.100807 0.0131492 1.65626 0.188193 0.00385789 -1.90267 0.0189196 0.0167543 0.571638
1 3.47 0.478186 -0.207791 1.10844 0.101864 0.0115149 1.67908 0.314542 0.0314142 -1.02736 -0.00994839 0.11387 1.02445
4 3.47 1.5 0 1.5 0 0 1.57075 0 0 0 0 0 0
5 3.47 50 0.00132275 2
6 3.47 78.0501 -0.0315171 0.110526 1.4456
0 3.48 0.472205 -0.209131 1.16379 0.100899 0.0126579 1.66067 0.199509 0.00356571 -1.88992 0.00857327 -0.00627585 0.599504
1 3.48 0.480186 -0.208988 1.08819 0.101544 0.0099927 1.68451 0.326765 0.0312559 -1.00602 -0.00746471 0.135546 0.991382
4 3.48 1.5 0 1.5 0 0 1.57075 0 0 0 0 0 0
5 3.48 50 0.00117064 2
6 3.48 78.5796 -0.0182528 0.162289 1.25107
0 3.5 0.474973 -0.210318 1.13384 0.100613 0.0096147 1.67676 0.21825 0.0043324 -1.85691 -0.0309711 -0.0883479 0.691143
1 3.5 0.483703 -0.210145 1.05957 0.0996349 0.00332184 1.70391 0.345975 0.0303447 -0.96402 0.111988 0.0440447 0.401418
4 3.5 1.5 0 1.5 0 0 1.57075 0 0 0 0 0 0
5 3.5 50 0.00123239 2
6 3.5 79.1276 0.154963 0.153672 -0.924943
0 3.51 0.477121 -0.211648 1.11053 0.100283 0.00821217 1.68206 0.234596 0.00522622 -1.81943 -0.0507147 -0.116199 0.730813
1 3.51 0.486505 -0.211439 1.03775 0.0984895 0.000660952 1.71068 0.361727 0.0300313 -0.928838 -0.0581742 0.245481 0.755096
4 3.51 1.5 0 1.5 0 0 1.57075 0 0 0 0 0 0
5 3.51 50 0.00102949 2
6 3.51 78.9827 -0.0152935 0.418037 0.0775312
0 3.52 0.479441 -0.212495 1.0897 0.0998178 0.00663824 1.68757 0.249581 0.00667782 -1.78277 -0.0738092 -0.141583 0.765479
1 3.52 0.489424 -0.212228 1.01839 0.0970639 -0.00204813 1.71747 0.376419 0.0301462 -0.890053 -0.095883 0.135716 0.44493
4 3.52 1.5 0 1.5 0 0 1.57075 0 0 0 0 0 0
5 3.52 50 0.00183439 2
6 3.52 79.109 -0.0335646 0.322837 -1.02334
0 3.54 0.482794 -0.214186 1.06078 0.0974068 0.00124626 1.70524 0.268589 0.00789476 -1.73489 -0.128293 -0.170248 0.809491
1 3.54 0.493538 -0.213871 0.991387 0.0923144 -0.0086804 1.73681 0.392806 0.0263129 -0.842295 -0.0486886 0.193964 0.406573
4 3.54 1.5 0 1.5 0 0 1.57075 0 0 0 0 0 0
5 3.54 50 0.00104094 2
6 3.54 79.081 0.0777959 0.426483 -1.28629
0 3.55 0.486154 -0.215201 1.0363 0.0960236 -0.00123097 1.71296 0.285929 0.0095747 -1.68808 -0.14928 -0.176547 0.790805
1 3.55 0.497591 -0.214818 0.968776 0.0900145 -0.0112931 1.74377 0.408611 0.0255369 -0.79616 0.0664079 0.145288 0.370246
4 3.55 1.5 0 1.5 0 0 1.57075 0 0 0 0 0 0
5 3.55 50 0.00130177 2
6 3.55 79.0287 0.229914 0.37904 -1.3426
0 3.57 0.489676 -0.216953 1.01108 0.0938446 -0.00453576 1.72217 0.30245 0.0103314 -1.64144 -0.180901 -0.203598 0.741364
1 3.57 0.501774 -0.21654 0.945422 0.0864781 -0.0154227 1.75094 0.422532 0.0227711 -0.752685 -0.019296 0.223583 0.342666
4 3.57 1.5 0 1.5 0 0 1.57075 0 0 0 0 0 0
5 3.57 50 0.00118303 2
6 3.57 78.8182 0.168473 0.501238 -1.2728
0 3.57 0.493105 -0.218086 0.989649 0.0924437 -0.00663335 1.72739 0.317541 0.0108583 -1.59562 -0.183471 -0.216586 0.711373
1 3.57 0.505806 -0.217652 0.925824 0.0849222 -0.0178865 1.75492 0.436215 0.0209893 -0.70658 0.0595362 0.26904 0.307106
4 3.57 1.5 0 1.5 0 0 1.57075 0 0 0 0 0 0
5 3.57 50 0.00116444 2
6 3.57 78.8266 0.259299 0.567995 -1.29058
0 3.58 0.49574 -0.219478 0.972798 0.0904635 -0.00960342 1.73393 0.329097 0.00778007 -1.55718 -0.194352 -0.243016 0.667405
1 3.58 0.508904 -0.219167 0.910511 0.0824425 -0.021696 1.75964 0.445593 0.014505 -0.670396 -0.0968228 0.307832 0.334129
4 3.58 1.5 0 1.5 0 0 1.57075 0 0 0 0 0 0
5 3.58 50 0.00149226 2
6 3.58 78.6754 0.0958583 0.642759 -1.06393
0 3.59 0.498715 -0.220561 0.956195 0.0883672 -0.0128127 1.74032 0.341038 0.00560278 -1.51647 -0.193038 -0.252219 0.632722
1 3.59 0.512357 -0.220337 0.895536 0.080334 -0.0250956 1.76464 0.455215 0.00856169 -0.633107 -0.155672 0.280093 0.336988
4 3.59 1.5 0 1.5 0 0 1.57075 0 0 0 0 0 0
5 3.59 50 0.00187588 2
6 3.59 78.4528 0.0287543 0.620865 -0.944078
0 3.61 0.502383 -0.222185 0.936657 0.0851572 -0.0180972 1.7497 0.355061 0.0034075 -1.46845 -0.166694 -0.251404 0.548352
1 3.61 0.516585 -0.222048 0.877919 0.0781094 -0.0299825 1.77071 0.466351 6.89196e-05 -0.585119 -0.124362 0.322335 0.293585
4 3.61 1.5 0 1.5 0 0 1.57075 0 0 0 0 0 0
5 3.61 50 0.00100899 2
6 3.61 78.4357 0.0360879 0.665845 -0.813295
0 3.62 0.505627 -0.223203 0.921271 0.0834129 -0.0215708 1.75583 0.366621 0.00235383 -1.43091 -0.10392 -0.217515 0.488181
1 3.62 0.520292 -0.223108 0.864034 0.0788519 -0.0318681 1.77457 0.476779 -0.00508638 -0.544909 -0.12137 0.371347 0.28431
4 3.62 1.5 0 1.5 0 0 1.57075 0 0 0 0 0 0
5 3.62 50 0.00145006 2
6 3.62 78.5936 -0.0282115 0.679822 -0.650833
0 3.63 0.508744 -0.224603 0.906362 0.0827047 -0.0242459 1.76127 0.377922 0.00123904 -1.39586 -0.0243698 -0.153446 0.436225
1 3.63 0.523861 -0.224553 0.850528 0.0813205 -0.0318042 1.77816 0.488323 -0.00917538 -0.50467 -0.0489224 0.383662 0.283086
4 3.63 1.5 0 1.5 0 0 1.57075 0 0 0 0 0 0
5 3.63 50 0.00118995 2
6 3.63 78.9127 -0.032948 0.617118 -0.488891
0 3.64 0.513579 -0.22593 0.886483 0.0827115 -0.0250689 1.76334 0.392813 0.000176301 -1.36156 0.00881276 -0.126804 0.421597
1 3.64 0.529292 -0.225923 0.832021 0.0826531 -0.031517 1.77973 0.503797 -0.011081 -0.466337 0.0944412 0.396842 0.243623
4 3.64 1.5 0 1.5 0 0 1.57075 0 0 0 0 0 0
5 3.64 50 0.0011313 2
6 3.64 79.1624 0.0914369 0.600483 -0.568184
0 3.65 0.518683 -0.228017 0.865885 0.0836903 -0.0262703 1.76814 0.405185 -0.00119474 -1.34725 0.136468 -0.014373 0.369994
1 3.65 0.534891 -0.228064 0.811995 0.0887628 -0.0280804 1.78285 0.519325 -0.0133518 -0.434278 0.017622 0.348812 0.34199
4 3.65 1.5 0 1.5 0 0 1.57075 0 0 0 0 0 0
5 3.65 50 0.00106382 2
6 3.65 80.2623 -0.133412 0.412503 -0.0894061
0 3.66 0.522862 -0.229303 0.850111 0.0856932 -0.0261611 1.77165 0.414338 -0.00195424 -1.34417 0.247649 0.0825095 0.333653
1 3.66 0.539435 -0.229382 0.796345 0.0952438 -0.0240151 1.78524 0.532736 -0.0132037 -0.412594 -0.0999546 0.323113 0.468292
4 3.66 1.5 0 1.5 0 0 1.57075 0 0 0 0 0 0
5 3.66 50 0.00112939 2
6 3.66 81.4202 -0.386684 0.269197 0.429858
0 3.68 0.527792 -0.231277 0.83133 0.091249 -0.0240185 1.77719 0.423886 -0.00298343 -1.35403 0.356273 0.195218 0.300646
1 3.68 0.544748 -0.231397 0.777168 0.105195 -0.0173381 1.78988 0.551489 -0.00940484 -0.396271 -0.0168819 0.27519 0.527272
4 3.68 1.5 0 1.5 0 0 1.57075 0 0 0 0 0 0
5 3.68 50 0.0011723 2
6 3.68 83.0666 -0.412724 0.082869 0.723581
0 3.69 0.533863 -0.232882 0.809725 0.0949536 -0.0218013 1.78025 0.434004 -0.00340523 -1.37333 0.371184 0.278361 0.284368
1 3.69 0.551223 -0.233018 0.754792 0.109531 -0.0117954 1.79264 0.568395 -0.00549603 -0.390385 0.136584 0.273887 0.558048
4 3.69 1.5 0 1.5 0 0 1.57075 0 0 0 0 0 0
5 3.69 50 0.00115991 2
6 3.69 84.6411 -0.25602 -0.0138889 0.873843
0 3.7 0.539329 -0.235071 0.78965 0.099707 -0.0165565 1.78495 0.442412 -0.00413161 -1.3875 0.249413 0.469753 0.292864
1 3.7 0.557025 -0.235236 0.734149 0.10946 0.000974202 1.79848 0.582242 0.00288666 -0.399358 0.0203053 0.22619 0.806236
4 3.7 1.5 0 1.5 0 0 1.57075 0 0 0 0 0 0
5 3.7 50 0.00107574 2
6 3.7 84.9922 -0.245096 -0.285504 1.63907
0 3.71 0.54381 -0.236425 0.773935 0.10116 -0.012955 1.78759 0.449887 -0.00421023 -1.39146 0.17512 0.534075 0.308269
1 3.71 0.561805 -0.236593 0.718277 0.107978 0.00705355 1.80202 0.591122 0.00851559 -0.398187 -0.158288 0.262008 0.962177
4 3.71 1.5 0 1.5 0 0 1.57075 0 0 0 0 0 0
5 3.71 50 0.000989914 2
6 3.71 85.3157 -0.359583 -0.316626 2.08771
0 3.73 0.550117 -0.238708 0.751777 0.103078 -0.0018005 1.79568 0.462385 -0.00374267 -1.3784 0.0455694 0.610822 0.379244
1 3.73 0.568613 -0.238858 0.696641 0.104869 0.0209418 1.81328 0.602706 0.0257964 -0.384788 -0.0342668 0.122879 1.12314
4 3.73 1.5 0 1.5 0 0 1.57075 0 0 0 0 0 0
5 3.73 50 0.00168848 2
6 3.73 85.3462 -0.0703786 -0.561262 2.37491
0 3.74 0.554514 -0.239874 0.737301 0.103217 0.00233258 1.79908 0.471482 -0.002679 -1.36237 0.0157883 0.601304 0.404785
1 3.74 0.573374 -0.239981 0.682806 0.103892 0.0245884 1.81766 0.610718 0.0329917 -0.367546 -0.150451 0.156732 1.19051
4 3.74 1.5 0 1.5 0 0 1.57075 0 0 0 0 0 0
5 3.74 50 0.00103498 2
6 3.74 85.4222 -0.166095 -0.510597 2.50843
0 3.75 0.559717 -0.241803 0.71983 0.103157 0.00894288 1.80507 0.483779 -0.000841463 -1.32965 -0.0150823 0.57747 0.45386
1 3.75 0.579068 -0.241837 0.666644 0.102737 0.0300494 1.82551 0.620381 0.0444947 -0.336986 -0.00471394 0.119336 1.21679
4 3.75 1.5 0 1.5 0 0 1.57075 0 0 0 0 0 0
5 3.75 50 0.00111079 2
6 3.75 85.2921 0.0330421 -0.52506 2.43565
0 3.76 0.56485 -0.243053 0.704302 0.102847 0.0140863 1.81054 0.495598 0.00200965 -1.29363 -0.037837 0.555277 0.490157
1 3.76 0.584674 -0.242973 0.652557 0.10164 0.0341671 1.83232 0.629449 0.0547553 -0.305049 -0.16042 0.120126 1.29399
4 3.76 1.5 0 1.5 0 0 1.57075 0 0 0 0 0 0
5 3.76 50 0.00108409 2
6 3.76 85.0428 -0.114893 -0.497721 2.5662
0 3.78 0.570981 -0.245213 0.685586 0.101678 0.0219814 1.82069 0.508773 0.00512411 -1.25415 -0.102355 0.487645 0.580822
1 3.78 0.591332 -0.245008 0.63542 0.098135 0.0390283 1.84579 0.637311 0.0691409 -0.271035 -0.0983263 0.0716781 1.33366
4 3.78 1.5 0 1.5 0 0 1.57075 0 0 0 0 0 0
5 3.78 50 0.00104976 2
6 3.78 84.708 0.0276785 -0.472317 2.40339
0 3.8 0.576279 -0.246613 0.670501 0.099988 0.0278998 1.8305 0.517176 0.00620202 -1.2235 -0.13729 0.455785 0.627922
1 3.8 0.596966 -0.246365 0.621561 0.0952446 0.0435329 1.85732 0.640458 0.0785867 -0.243494 -0.0941795 0.0570551 1.3798
4 3.8 1.5 0 1.5 0 0 1.57075 0 0 0 0 0 0
5 3.8 50 0.00155067 2
6 3.8 84.5144 0.0716494 -0.450322 2.40031
0 3.8 0.58339 -0.248841 0.651006 0.0992838 0.0297855 1.83403 0.529126 0.00967023 -1.17292 -0.150945 0.443153 0.646503
1 3.8 0.604555 -0.248455 0.604089 0.0940651 0.044861 1.86153 0.650057 0.0844388 -0.198403 -0.0301954 0.065537 1.38635
4 3.8 1.5 0 1.5 0 0 1.57075 0 0 0 0 0 0
5 3.8 50 0.00118327 2
6 3.8 84.1756 0.158545 -0.425153 2.36188
0 3.81 0.589535 -0.250099 0.635857 0.0973313 0.0339274 1.84301 0.539557 0.0142691 -1.12729 -0.189038 0.394231 0.708243
1 3.81 0.611117 -0.249528 0.590765 0.0907787 0.046869 1.87275 0.654974 0.0943489 -0.161431 -0.0166215 0.0999703 1.37461
4 3.81 1.5 0 1.5 0 0 1.57075 0 0 0 0 0 0
5 3.81 50 0.00112796 2
6 3.81 83.6373 0.21576 -0.326507 2.12729
0 3.83 0.596467 -0.252215 0.619123 0.0950159 0.0374336 1.85271 0.550916 0.0197992 -1.079 -0.217432 0.348746 0.755574
1 3.83 0.618503 -0.251424 0.575963 0.087495 0.0484532 1.88414 0.66066 0.10429 -0.119634 -0.0908385 0.0517953 1.39668
4 3.83 1.5 0 1.5 0 0 1.57075 0 0 0 0 0 0
5 3.83 50 0.00110054 2
6 3.83 83.2288 0.163203 -0.327072 2.04664
0 3.84 0.602689 -0.253495 0.605477 0.0916639 0.0408882 1.86529 0.561 0.025973 -1.03434 -0.264102 0.297103 0.819553
1 3.84 0.625129 -0.252456 0.564103 0.0824798 0.0497217 1.89905 0.663278 0.114405 -0.0838606 -0.0863686 0.052133 1.3758
4 3.84 1.5 0 1.5 0 0 1.57075 0 0 0 0 0 0
5 3.84 50 0.00108933 2
6 3.84 82.6671 0.218787 -0.263107 1.77573
0 3.85 0.607022 -0.254894 0.595722 0.088589 0.0431595 1.8761 0.568312 0.0310114 -0.996647 -0.302194 0.245626 0.877971
1 3.85 0.629754 -0.253653 0.555856 0.0780495 0.049839 1.91199 0.664162 0.121658 -0.0542958 -0.0577613 0.0510499 1.34769
4 3.85 1.5 0 1.5 0 0 1.57075 0 0 0 0 0 0
5 3.85 50 0.00121117 2
6 3.85 82.1519 0.291139 -0.201235 1.4995
0 3.86 0.613641 -0.256123 0.582711 0.0857996 0.0444968 1.88532 0.578531 0.0392377 -0.941353 -0.325731 0.209631 0.910856
1 3.86 0.636783 -0.254553 0.545057 0.0744187 0.049729 1.92238 0.668658 0.130529 -0.0102464 -0.0536641 0.0698403 1.30088
4 3.86 1.5 0 1.5 0 0 1.57075 0 0 0 0 0 0
5 3.86 50 0.00153518 2
6 3.86 81.4447 0.320039 -0.135776 1.24506
0 3.87 0.621654 -0.25797 0.567668 0.0819494 0.0455637 1.89742 0.589729 0.0493861 -0.877083 -0.362734 0.15143 0.973284
1 3.87 0.645243 -0.255995 0.532584 0.0692317 0.0484137 1.93676 0.672588 0.140528 0.0406999 -0.10061 0.0866591 1.23369
4 3.87 1.5 0 1.5 0 0 1.57075 0 0 0 0 0 0
5 3.87 50 0.000998259 2
6 3.87 80.6026 0.305349 -0.0450301 0.831289
0 3.88 0.627821 -0.258779 0.557339 0.0794748 0.0459037 1.90499 0.597753 0.0577001 -0.828461 -0.380106 0.128326 1.00111
1 3.88 0.651731 -0.256471 0.524201 0.0661229 0.0478414 1.94536 0.676116 0.148156 0.0798132 -0.0617613 0.0841624 1.18623
4 3.88 1.5 0 1.5 0 0 1.57075 0 0 0 0 0 0
5 3.88 50 0.00116301 2
6 3.88 80.0028 0.366708 -0.0191079 0.590933
0 3.91 0.635364 -0.260505 0.54488 0.0732857 0.0459443 1.92322 0.606304 0.0663822 -0.777885 -0.415639 0.0642676 1.05507
1 3.91 0.659616 -0.25785 0.513765 0.0586039 0.045418 1.96555 0.674904 0.154891 0.121444 -0.0828958 0.175224 1.31656
4 3.91 1.5 0 1.5 0 0 1.57075 0 0 0 0 0 0
5 3.91 50 0.00168657 2
6 3.91 79.4151 0.377856 0.163676 0.834763
0 3.91 0.644646 -0.261521 0.531491 0.0695861 0.0454558 1.93395 0.61532 0.077442 -0.72312 -0.425564 0.0199103 1.08949
1 3.91 0.669259 -0.258423 0.502566 0.0545435 0.0432202 1.97752 0.678283 0.163816 0.167809 -0.0798532 0.18121 1.20003
4 3.91 1.5 0 1.5 0 0 1.57075 0 0 0 0 0 0
5 3.91 50 0.000991344 2
6 3.91 78.8761 0.388593 0.223519 0.352898
0 3.92 0.651481 -0.263055 0.521606 0.0649244 0.0440492 1.94796 0.621331 0.0838127 -0.692879 -0.421044 -0.0716425 1.13629
1 3.92 0.676335 -0.259703 0.493891 0.0500736 0.0382407 1.99317 0.678109 0.167106 0.197205 -0.0728753 0.229233 1.10949
4 3.92 1.5 0 1.5 0 0 1.57075 0 0 0 0 0 0
5 3.92 50 0.00114846 2
6 3.92 78.7944 0.382909 0.384884 -0.085516
0 3.93 0.658406 -0.263975 0.512441 0.0605323 0.0415712 1.96223 0.626747 0.0900802 -0.667294 -0.399388 -0.153153 1.17169
1 3.93 0.683476 -0.260372 0.485749 0.0464873 0.032621 2.00868 0.678343 0.169127 0.223724 -0.0394434 0.255636 0.979311
4 3.93 1.5 0 1.5 0 0 1.57075 0 0 0 0 0 0
5 3.93 50 0.000982046 1
6 3.93 78.8217 0.388065 0.507827 -0.614103
0 3.95 0.664749 -0.265284 0.50402 0.0570185 0.0388608 1.97438 0.63114 0.0949033 -0.651375 -0.389617 -0.201124 1.18919
1 3.95 0.689995 -0.261488 0.477965 0.0432624 0.0281181 2.02145 0.679063 0.169735 0.242213 -0.0705595 0.309879 0.858518
4 3.95 1.5 0 1.5 0 0 1.57075 0 0 0 0 0 0
5 3.95 50 0.000813246 1
6 3.95 78.9546 0.337429 0.624716 -1.05559
0 3.95 0.671325 -0.26604 0.495884 0.0554606 0.0374945 1.97997 0.63498 0.100142 -0.645835 -0.378959 -0.222721 1.20725
1 3.95 0.696724 -0.262035 0.470051 0.0420924 0.0259225 2.02772 0.681507 0.173095 0.252544 -0.0849744 0.327426 0.796261
4 3.95 1.5 0 1.5 0 0 1.57075 0 0 0 0 0 0
5 3.95 50 0.000816822 1
6 3.95 79.2377 0.306945 0.669143 -1.31199
0 3.96 0.679448 -0.266289 0.486415 0.0518456 0.0341168 1.99482 0.639163 0.107003 -0.645397 -0.299174 -0.178559 1.21572
1 3.96 0.705014 -0.262009 0.460599 0.0415235 0.024464 2.04304 0.682484 0.1753 0.263837 -0.0454261 0.341039 0.755045
4 3.96 1.5 0 1.5 0 0 1.57075 0 0 0 0 0 0
5 3.96 50 0.000880957 1
6 3.96 79.8788 0.266162 0.626315 -1.47063
0 3.97 0.68548 -0.267599 0.478717 0.0499604 0.0322423 2.00702 0.641691 0.11187 -0.641615 -0.204334 -0.100744 1.20515
1 3.97 0.711148 -0.263124 0.453052 0.0433334 0.0258102 2.05499 0.68324 0.177858 0.276035 -0.0462151 0.350727 0.77384
4 3.97 1.5 0 1.5 0 0 1.57075 0 0 0 0 0 0
5 3.97 50 0.00122738 1
6 3.97 80.3826 0.166988 0.538408 -1.37693
0 3.98 0.693134 -0.268409 0.469631 0.048927 0.0310755 2.02155 0.644125 0.11455 -0.628876 -0.0862085 -0.00611514 1.15982
1 3.98 0.718899 -0.263827 0.444476 0.0469187 0.0285622 2.0679 0.684374 0.179523 0.296018 -0.0768085 0.352378 0.820666
4 3.98 1.5 0 1.5 0 0 1.57075 0 0 0 0 0 0
5 3.98 50 0.000799894 1
6 3.98 80.82 0.00993749 0.4196 -1.08274
0 4 0.700126 -0.269637 0.461174 0.048492 0.0300861 2.04099 0.645669 0.11852 -0.603946 -0.0512507 0.0024489 1.0878
1 4 0.725952 -0.264896 0.437016 0.0477501 0.0280748 2.08448 0.684701 0.1828 0.320159 -0.0618194 0.36732 0.772329
4 4 1.5 0 1.5 0 0 1.57075 0 0 0 0 0 0
5 4 50 0.00104976 1
6 4 80.7674 -0.0116075 0.423249 -1.00715
0 4.01 0.705929 -0.270065 0.454786 0.0483889 0.0295377 2.05121 0.647217 0.122634 -0.580548 -0.0300334 0.00187153 1.02058
1 4.01 0.731818 -0.26516 0.431564 0.0483925 0.0276378 2.092 0.68573 0.186484 0.341059 -0.0609111 0.370418 0.725014
4 4.01 1.5 0 1.5 0 0 1.57075 0 0 0 0 0 0
5 4.01 50 0.00088048 1
6 4.01 80.6124 -0.034393 0.425384 -0.943584
0 4.02 0.713202 -0.271188 0.446542 0.0486115 0.0292159 2.06114 0.649356 0.127831 -0.553295 0.0135395 0.0324726 0.969098
1 4.02 0.739176 -0.266075 0.42441 0.0502864 0.0286297 2.09994 0.687638 0.191739 0.366549 -0.0749882 0.364299 0.714272
4 4.02 1.5 0 1.5 0 0 1.57075 0 0 0 0 0 0
5 4.02 50 0.000720024 1
6 4.02 80.5044 -0.09648 0.379623 -0.813531
0 4.03 0.719298 -0.271528 0.440277 0.0495857 0.0294373 2.07295 0.65104 0.132702 -0.534028 0.0709796 0.0839575 0.92971
1 4.03 0.74534 -0.26622 0.418916 0.0535235 0.0309482 2.11027 0.689553 0.197935 0.385917 -0.0324935 0.363133 0.745076
4 4.03 1.5 0 1.5 0 0 1.57075 0 0 0 0 0 0
5 4.03 50 0.000877857 1
6 4.03 80.5149 -0.109391 0.314831 -0.589439
0 4.04 0.728201 -0.272709 0.431078 0.0506461 0.0299733 2.07985 0.653415 0.138254 -0.518411 0.128831 0.132403 0.897648
1 4.04 0.754338 -0.267179 0.410341 0.0568825 0.0334449 2.11599 0.692451 0.205216 0.40487 -0.0636895 0.350154 0.776763
4 4.04 1.5 0 1.5 0 0 1.57075 0 0 0 0 0 0
5 4.04 50 0.000703812 1
6 4.04 80.7252 -0.205689 0.240239 -0.385905
0 4.06 0.73698 -0.273016 0.422698 0.0552542 0.032999 2.0972 0.655715 0.144089 -0.511379 0.250907 0.251921 0.82803
1 4.06 0.763209 -0.267253 0.402243 0.0664005 0.0412313 2.13084 0.697115 0.218704 0.420439 -0.0431144 0.32975 0.943413
4 4.06 1.5 0 1.5 0 0 1.57075 0 0 0 0 0 0
5 4.06 50 0.00103188 1
6 4.06 81.2766 -0.311919 0.0720623 0.36843
0 4.07 0.745619 -0.274062 0.413994 0.0590666 0.0360536 2.10733 0.656674 0.149478 -0.520156 0.288096 0.321065 0.78771
1 4.07 0.771886 -0.268083 0.393188 0.0717523 0.0470138 2.13956 0.699931 0.231193 0.421603 -0.0545639 0.299471 1.06255
4 4.07 1.5 0 1.5 0 0 1.57075 0 0 0 0 0 0
5 4.07 50 0.000703096 1
6 4.07 81.9132 -0.362715 -0.0435977 0.87754
0 4.08 0.752462 -0.274208 0.407367 0.0622312 0.0390854 2.11526 0.656983 0.153394 -0.539255 0.281705 0.367768 0.773649
1 4.08 0.778742 -0.268072 0.385797 0.074743 0.0518431 2.14708 0.701447 0.241752 0.412183 -0.0690416 0.266763 1.15955
4 4.08 1.5 0 1.5 0 0 1.57075 0 0 0 0 0 0
5 4.08 50 0.000714302 1
6 4.08 82.5328 -0.369177 -0.133962 1.23209
0 4.1 0.762856 -0.275283 0.396639 0.0660782 0.0450834 2.12724 0.65795 0.159066 -0.558905 0.176379 0.486641 0.776332
1 4.1 0.789174 -0.26892 0.374283 0.0745893 0.0624561 2.15954 0.701719 0.258016 0.398715 -0.0627124 0.191511 1.34406
4 4.1 1.5 0 1.5 0 0 1.57075 0 0 0 0 0 0
5 4.1 50 0.000891924 1
6 4.1 82.9538 -0.236614 -0.349967 1.81256
0 4.11 0.769798 -0.275404 0.389699 0.0683137 0.0505087 2.13742 0.658533 0.164252 -0.563563 0.121203 0.502254 0.801815
1 4.11 0.796139 -0.268834 0.367156 0.0748487 0.0683627 2.17083 0.700024 0.271717 0.397066 -0.067783 0.141025 1.40098
4 4.11 1.5 0 1.5 0 0 1.57075 0 0 0 0 0 0
5 4.11 50 0.000915527 1
6 4.11 83.1729 -0.178513 -0.422507 1.91291
0 4.12 0.777111 -0.276297 0.38187 0.0697979 0.055912 2.14825 0.658672 0.171337 -0.552618 0.0637815 0.490703 0.838582
1 4.12 0.803458 -0.269444 0.359765 0.0742986 0.0731529 2.18313 0.696661 0.286354 0.406239 -0.0746465 0.095568 1.44592
4 4.12 1.5 0 1.5 0 0 1.57075 0 0 0 0 0 0
5 4.12 50 0.00112152 2
6 4.12 83.0964 -0.121225 -0.457784 1.93896
0 4.14 0.784768 -0.27625 0.374418 0.0706945 0.0599933 2.15728 0.65894 0.180781 -0.52796 0.0358125 0.470598 0.879596
1 4.14 0.811126 -0.269019 0.3533 0.0743149 0.076285 2.19377 0.693726 0.300967 0.425678 -0.0851551 0.0678456 1.48602
4 4.14 1.5 0 1.5 0 0 1.57075 0 0 0 0 0 0
5 4.14 50 0.000753164 1
6 4.14 82.8002 -0.101489 -0.464699 1.93602
0 4.14 0.791544 -0.276992 0.367371 0.0711772 0.0629112 2.16429 0.658714 0.190977 -0.493462 -0.00120233 0.450587 0.912895
1 4.14 0.817892 -0.269352 0.347633 0.0735044 0.0782921 2.20207 0.69079 0.314212 0.45111 -0.083341 0.0355498 1.48696
4 4.14 1.5 0 1.5 0 0 1.57075 0 0 0 0 0 0
5 4.14 50 0.00069809 1
6 4.14 82.2601 -0.0582551 -0.476091 1.83269
0 4.16 0.798756 -0.276724 0.360967 0.0718092 0.0691354 2.18191 0.658658 0.203436 -0.451262 -0.0374717 0.391768 0.978935
1 4.16 0.825102 -0.268587 0.342917 0.0730926 0.0819563 2.22219 0.684267 0.33343 0.481655 -0.090708 0.00136712 1.47646
4 4.16 1.5 0 1.5 0 0 1.57075 0 0 0 0 0 0
5 4.16 50 0.000795841 1
6 4.16 81.5803 -0.0281922 -0.444873 1.58832
0 4.17 0.808587 -0.277247 0.352057 0.0719335 0.0726114 2.19411 0.659005 0.218758 -0.39586 -0.0723114 0.356261 1.02416
1 4.17 0.834947 -0.268497 0.336223 0.0720877 0.0838807 2.2361 0.680243 0.351455 0.522538 -0.0954252 -0.0266087 1.42715
4 4.17 1.5 0 1.5 0 0 1.57075 0 0 0 0 0 0
5 4.17 50 0.000730753 1
6 4.17 80.7072 0.00398647 -0.433132 1.28654
0 4.18 0.815367 -0.276998 0.346555 0.0717209 0.0750464 2.20512 0.657975 0.225275 -0.36302 -0.107387 0.310471 1.07457
1 4.18 0.841686 -0.267987 0.332034 0.0707158 0.0843532 2.24901 0.675515 0.359712 0.546517 -0.095446 -0.0405442 1.3906
4 4.18 1.5 0 1.5 0 0 1.57075 0 0 0 0 0 0
5 4.18 50 0.000711679 1
6 4.18 80.1748 0.0406536 -0.393156 1.00889
0 4.19 0.823013 -0.277524 0.34047 0.0713681 0.0767201 2.21435 0.657247 0.233053 -0.325352 -0.120991 0.284811 1.09967
1 4.19 0.849302 -0.268201 0.327456 0.0699636 0.084947 2.25917 0.671768 0.36818 0.575108 -0.0994099 -0.0496712 1.35402
4 4.19 1.5 0 1.5 0 0 1.57075 0 0 0 0 0 0
5 4.19 50 0.000678539 1
6 4.19 79.624 0.0497691 -0.372723 0.811989
0 4.22 0.832787 -0.276858 0.334155 0.070081 0.0799665 2.23936 0.655826 0.2467 -0.270178 -0.170209 0.206117 1.17692
1 4.22 0.85902 -0.26699 0.323347 0.0670822 0.0848945 2.28705 0.662959 0.382736 0.614323 -0.0983304 -0.0647441 1.26444
4 4.22 1.5 0 1.5 0 0 1.57075 0 0 0 0 0 0
5 4.22 50 0.000875235 1
6 4.22 78.654 0.100271 -0.294149 0.27934
0 4.22 0.840347 -0.277085 0.329386 0.0693454 0.080722 2.24927 0.653558 0.259301 -0.219124 -0.184934 0.171171 1.20562
1 4.22 0.866489 -0.266713 0.320621 0.0658783 0.0842109 2.29801 0.65795 0.394026 0.650944 -0.0924237 -0.0769405 1.19311
4 4.22 1.5 0 1.5 0 0 1.57075 0 0 0 0 0 0
5 4.22 50 0.000843048 1
6 4.22 77.7657 0.120392 -0.26617 -0.039988
0 4.23 0.848093 -0.276188 0.325702 0.0682677 0.0812296 2.26383 0.651693 0.272591 -0.171098 -0.186579 0.106142 1.24917
1 4.23 0.874161 -0.265284 0.318858 0.0648864 0.0820569 2.31414 0.652648 0.405574 0.685698 -0.0966812 -0.0665695 1.08811
4 4.23 1.5 0 1.5 0 0 1.57075 0 0 0 0 0 0
5 4.23 50 0.0007689 1
6 4.23 76.9456 0.111434 -0.178825 -0.514215
0 4.24 0.856627 -0.276106 0.321921 0.0674647 0.0809742 2.27643 0.651029 0.284395 -0.136852 -0.179396 0.0489484 1.27918
1 4.24 0.882668 -0.26473 0.316447 0.0644424 0.0794784 2.32779 0.649754 0.415604 0.711675 -0.0895734 -0.0550606 1.0013
4 4.24 1.5 0 1.5 0 0 1.57075 0 0 0 0 0 0
5 4.24 50 0.000762224 1
6 4.24 76.4305 0.105626 -0.100298 -0.887124
0 4.25 0.865069 -0.274917 0.318974 0.066803 0.0797868 2.29276 0.649753 0.296079 -0.119448 -0.143313 -0.0247233 1.30859
1 4.25 0.891059 -0.263073 0.314197 0.0652411 0.075306 2.34509 0.646693 0.425421 0.727504 -0.0793525 -0.0234157 0.892838
4 4.25 1.5 0 1.5 0 0 1.57075 0 0 0 0 0 0
5 4.25 50 0.000843763 1
6 4.25 76.3228 0.0689186 0.0170553 -1.32729
0 4.27 0.872415 -0.274741 0.316184 0.0670555 0.077363 2.31571 0.647671 0.306481 -0.110761 -0.0642055 -0.0550824 1.30253
1 4.27 0.898321 -0.262482 0.311753 0.0685055 0.0716736 2.3677 0.643903 0.434045 0.739558 -0.0724869 0.0216444 0.801851
4 4.27 1.5 0 1.5 0 0 1.57075 0 0 0 0 0 0
5 4.27 50 0.000842571 1
6 4.27 76.5169 -0.0151355 0.094967 -1.59842
0 4.28 0.879866 -0.27343 0.31396 0.0674854 0.076303 2.32543 0.645347 0.317853 -0.0937807 -0.0270567 -0.0498517 1.27961
1 4.28 0.90568 -0.260716 0.310209 0.0702971 0.0708619 2.37651 0.641642 0.44451 0.75396 -0.0706704 0.0258412 0.746087
4 4.28 1.5 0 1.5 0 0 1.57075 0 0 0 0 0 0
5 4.28 50 0.000849724 1
6 4.28 76.3541 -0.0540183 0.0897159 -1.70328
0 4.29 0.886431 -0.273173 0.311876 0.068518 0.0745449 2.34098 0.641735 0.32993 -0.0670463 -0.00412686 -0.055196 1.23623
1 4.29 0.9121 -0.259976 0.309194 0.072026 0.0689567 2.39029 0.638523 0.455168 0.774162 -0.0709057 0.0394106 0.652859
4 4.29 1.5 0 1.5 0 0 1.57075 0 0 0 0 0 0
5 4.29 50 0.000726223 1
6 4.29 75.9471 -0.0803015 0.108968 -1.86242
0 4.31 0.894821 -0.271182 0.310357 0.0699265 0.0709625 2.36494 0.637545 0.346339 -0.0214452 -0.0225703 -0.123982 1.12583
1 4.31 0.920323 -0.257328 0.309499 0.0721922 0.0628689 2.40963 0.635735 0.468087 0.804798 -0.0987545 0.07076 0.404139
4 4.31 1.5 0 1.5 0 0 1.57075 0 0 0 0 0 0
5 4.31 50 0.000874996 1
6 4.31 75.0136 -0.0966619 0.225539 -2.30401
0 4.32 0.900817 -0.270976 0.308876 0.0702062 0.0692726 2.37316 0.635092 0.356432 0.0129312 -0.0402067 -0.151835 1.08584
1 4.32 0.92622 -0.256719 0.309393 0.0715746 0.0601674 2.41616 0.634012 0.475834 0.827768 -0.0863818 0.0796432 0.298999
4 4.32 1.5 0 1.5 0 0 1.57075 0 0 0 0 0 0
5 4.32 50 0.00081563 1
6 4.32 74.3041 -0.0651532 0.269201 -2.512
0 4.33 0.906889 -0.269871 0.308101 0.0703069 0.0665708 2.38379 0.632806 0.367103 0.0513331 -0.0644107 -0.203828 1.02096
1 4.33 0.932201 -0.255187 0.310155 0.0704083 0.055569 2.42404 0.632909 0.483027 0.852933 -0.102886 0.0974074 0.127394
4 4.33 1.5 0 1.5 0 0 1.57075 0 0 0 0 0 0
5 4.33 50 0.000852108 1
6 4.33 73.4763 -0.060074 0.351069 -2.85269
0 4.35 0.912933 -0.269395 0.307341 0.069953 0.0627054 2.39589 0.630674 0.377192 0.0922461 -0.0977688 -0.253206 0.966966
1 4.35 0.93816 -0.254307 0.31103 0.0684204 0.0498984 2.43384 0.632454 0.488289 0.879539 -0.130635 0.120402 -0.0589077
4 4.35 1.5 0 1.5 0 0 1.57075 0 0 0 0 0 0
5 4.35 50 0.000766516 1
6 4.35 72.576 -0.0568038 0.436491 -3.27507
0 4.35 0.921982 -0.266925 0.307808 0.0693807 0.0595574 2.40409 0.627958 0.393278 0.157661 -0.118729 -0.289516 0.919193
1 4.35 0.9471 -0.251194 0.314114 0.0667707 0.0454557 2.44003 0.631056 0.499236 0.921719 -0.0990641 0.135765 -0.218508
4 4.35 1.5 0 1.5 0 0 1.57075 0 0 0 0 0 0
5 4.35 50 0.00116324 1
6 4.35 71.13 0.000232956 0.496987 -3.63207
0 4.37 0.930301 -0.265767 0.308543 0.0673096 0.0514245 2.42067 0.626519 0.405583 0.214482 -0.167048 -0.387557 0.802592
1 4.37 0.955362 -0.249543 0.317123 0.0622226 0.0337981 2.4517 0.633214 0.501809 0.958424 -0.07579 0.194904 -0.524268
4 4.37 1.5 0 1.5 0 0 1.57075 0 0 0 0 0 0
5 4.37 50 0.000756979 1
6 4.37 69.8513 0.0766629 0.679391 -4.23592
0 4.38 0.937031 -0.263937 0.309964 0.0654653 0.045511 2.4296 0.62533 0.416175 0.262075 -0.187934 -0.438628 0.73583
1 4.38 0.962045 -0.24729 0.320447 0.0592332 0.026078 2.45785 0.634731 0.5051 0.989088 -0.102523 0.237288 -0.745852
4 4.38 1.5 0 1.5 0 0 1.57075 0 0 0 0 0 0
5 4.38 50 0.000736713 1
6 4.38 68.7824 0.0691632 0.786963 -4.73018
0 4.39 0.944395 -0.262859 0.311743 0.0636328 0.0403238 2.43627 0.622723 0.421546 0.316404 -0.207917 -0.479558 0.683955
1 4.39 0.969304 -0.245997 0.324399 0.0563684 0.0194406 2.46238 0.634407 0.503729 1.02402 -0.0788955 0.266113 -0.891798
4 4.39 1.5 0 1.5 0 0 1.57075 0 0 0 0 0 0
5 4.39 50 0.00106049 1
6 4.39 67.5673 0.117531 0.86732 -5.03048
0 4.4 0.951979 -0.26049 0.314784 0.0625682 0.0374831 2.43959 0.620877 0.428729 0.373369 -0.216937 -0.494179 0.665048
1 4.4 0.976814 -0.243341 0.329719 0.05484 0.0160912 2.46492 0.633657 0.506471 1.05943 -0.135646 0.278454 -0.999261
4 4.4 1.5 0 1.5 0 0 1.57075 0 0 0 0 0 0
5 4.4 50 0.000820637 1
6 4.4 66.232 0.0640714 0.898426 -5.31319
0 4.42 0.961665 -0.258537 0.319548 0.0574385 0.0245924 2.4523 0.619959 0.436902 0.441392 -0.260139 -0.582464 0.553121
1 4.42 0.986463 -0.241061 0.337204 0.0475434 6.21028e-05 2.47306 0.638492 0.500116 1.10202 -0.114466 0.372501 -1.32761
4 4.42 1.5 0 1.5 0 0 1.57075 0 0 0 0 0 0
5 4.42 50 0.000725269 1
6 4.42 64.624 0.136639 1.10759 -6.00405
0 4.44 0.969767 -0.255721 0.324644 0.0554483 0.0198315 2.45594 0.620001 0.444617 0.500039 -0.277086 -0.615753 0.5063
1 4.44 0.994567 -0.237936 0.344646 0.0447389 -0.00588315 2.4748 0.640387 0.501788 1.13723 -0.109549 0.393405 -1.45691
4 4.44 1.5 0 1.5 0 0 1.57075 0 0 0 0 0 0
5 4.44 50 0.000743389 1
6 4.44 63.1716 0.161955 1.16947 -6.26736
0 4.44 0.976052 -0.254762 0.328608 0.0511743 0.00986341 2.46233 0.619119 0.450225 0.557605 -0.294304 -0.655634 0.446348
1 4.44 1.00082 -0.236753 0.350912 0.0395648 -0.0172409 2.47882 0.643825 0.496655 1.17347 -0.123572 0.459858 -1.6688
4 4.44 1.5 0 1.5 0 0 1.57075 0 0 0 0 0 0
5 4.44 50 0.000851154 1
6 4.44 61.8401 0.167093 1.29073 -6.75239
0 4.46 0.982718 -0.252435 0.33402 0.0488778 0.00468692 2.46522 0.619188 0.45593 0.61552 -0.308481 -0.67893 0.411746
1 4.46 1.00749 -0.234197 0.35864 0.0366095 -0.0232425 2.48034 0.645747 0.496392 1.20802 -0.135417 0.485083 -1.77897
4 4.46 1.5 0 1.5 0 0 1.57075 0 0 0 0 0 0
5 4.46 50 0.000759125 1
6 4.46 60.398 0.170773 1.34603 -6.99361
0 4.47 0.989366 -0.251306 0.339555 0.0413832 -0.0118063 2.47213 0.61955 0.459626 0.676176 -0.340845 -0.748978 0.296485
1 4.47 1.01415 -0.232921 0.366602 0.0276241 -0.0422304 2.48274 0.64582 0.478523 1.0353 -0.183402 0.328611 -1.37805
4 4.47 1.5 0 1.5 0 0 1.57075 0 0 0 0 0 0
5 4.47 50 0.00180054 4
6 4.47 46.0732 0.157998 1.24472 -5.34567
0 4.48 0.997297 -0.248294 0.347712 0.0378454 -0.0195188 2.47447 0.621347 0.463285 0.74439 -0.349099 -0.769389 0.259443
1 4.48 1.02215 -0.229763 0.377488 0.0237017 -0.050665 2.48367 0.649139 0.475954 1.06887 -0.159024 0.324026 -1.40806
4 4.48 1.5 0 1.5 0 0 1.57075 0 0 0 0 0 0
5 4.48 50 0.00214911 4
6 4.48 43.9488 0.196347 1.26201 -5.3232
0 4.49 1.00461 -0.247174 0.355273 0.0351183 -0.0254843 2.47596 0.623517 0.464091 0.801634 -0.359898 -0.796835 0.214702
1 4.49 1.02955 -0.22861 0.387338 0.0205321 -0.0576396 2.48343 0.65244 0.472335 1.10196 -0.198662 0.357924 -1.45075
4 4.49 1.5 0 1.5 0 0 1.57075 0 0 0 0 0 0
5 4.49 50 0.00200558 3
6 4.49 42.4695 0.166413 1.33129 -5.31662
0 4.51 1.01212 -0.244723 0.364188 0.0274553 -0.0423591 2.47857 0.62677 0.464641 0.859306 -0.381553 -0.855192 0.114246
1 4.51 1.03719 -0.226138 0.39856 0.0120394 -0.0766794 2.4822 0.660347 0.461689 1.13413 -0.213896 0.418815 -1.57794
4 4.51 1.5 0 1.5 0 0 1.57075 0 0 0 0 0 0
5 4.51 50 0.00199795 4
6 4.51 40.9198 0.179599 1.46531 -5.40194
0 4.52 1.02059 -0.243412 0.374579 0.0236664 -0.0508265 2.47917 0.631061 0.463137 0.917316 -0.387758 -0.874121 0.0778036
1 4.52 1.04583 -0.224886 0.411272 0.00803992 -0.0858552 2.48146 0.665954 0.4551 1.16295 -0.208884 0.428382 -1.59572
4 4.52 1.5 0 1.5 0 0 1.57075 0 0 0 0 0 0
5 4.52 50 0.00128078 2
6 4.52 39.1411 0.19458 1.49689 -5.34234
0 4.53 1.02894 -0.24086 0.385882 0.0196704 -0.0597715 2.47937 0.636143 0.461232 0.974751 -0.404954 -0.905667 0.0226699
1 4.53 1.05439 -0.22241 0.424872 0.00346062 -0.0960091 2.47957 0.672826 0.448088 1.20083 -0.221952 0.461786 -1.64813
4 4.53 1.5 0 1.5 0 0 1.57075 0 0 0 0 0 0
5 4.53 50 0.00134063 2
6 4.53 37.957 0.203083 1.56967 -5.3336
0 4.54 1.03479 -0.240375 0.393652 0.0155631 -0.0689753 2.47909 0.640137 0.457538 1.01941 -0.414849 -0.936717 -0.0270483
1 4.54 1.06039 -0.222073 0.434429 -0.000915846 -0.106423 2.47742 0.67892 0.439261 1.23237 -0.252827 0.508052 -1.69695
4 4.54 1.5 0 1.5 0 0 1.57075 0 0 0 0 0 0
5 4.54 50 0.00120163 2
6 4.54 37.171 0.18336 1.65669 -5.33071
0 4.55 1.04236 -0.238374 0.40484 0.0113588 -0.0784257 2.47838 0.646177 0.45205 1.07562 -0.425864 -0.949614 -0.0632168
1 4.55 1.06821 -0.220292 0.447864 -0.0054431 -0.116379 2.47541 0.686709 0.428885 1.27111 -0.29356 0.543273 -1.70777
4 4.55 1.5 0 1.5 0 0 1.57075 0 0 0 0 0 0
5 4.55 50 0.00170422 2
6 4.55 36.1219 0.152947 1.71059 -5.24978
0 4.58 1.05112 -0.23724 0.41804 0.0025917 -0.0979976 2.47567 0.653831 0.441842 1.14075 -0.450161 -0.985595 -0.151014
1 4.58 1.07727 -0.219567 0.46367 -0.0148109 -0.137406 2.4695 0.698601 0.408548 1.31566 -0.233905 0.624844 -1.81548
4 4.58 1.5 0 1.5 0 0 1.57075 0 0 0 0 0 0
5 4.58 50 0.00112271 2
6 4.58 34.9152 0.254147 1.84205 -5.3133
0 4.58 1.05878 -0.235092 0.430615 -0.000572034 -0.105146 2.47432 0.661766 0.432039 1.19542 -0.461372 -1.00652 -0.198887
1 4.58 1.08525 -0.21781 0.478431 -0.0181898 -0.145411 2.46634 0.704558 0.397947 1.32144 -0.273867 0.558523 -1.67282
4 4.58 1.5 0 1.5 0 0 1.57075 0 0 0 0 0 0
5 4.58 50 0.00164247 3
6 4.58 31.9296 0.226178 1.788 -4.705
0 4.59 1.06713 -0.234893 0.444112 -0.00610794 -0.117832 2.47139 0.670191 0.410569 1.24873 -0.474008 -1.02866 -0.254517
1 4.59 1.09394 -0.21847 0.494061 -0.0238928 -0.15904 2.46139 0.714868 0.371217 1.35858 -0.280878 0.618492 -1.67307
4 4.59 1.5 0 1.5 0 0 1.57075 0 0 0 0 0 0
5 4.59 50 0.00157142 3
6 4.59 30.9781 0.237512 1.87981 -4.52817
0 4.61 1.07395 -0.233919 0.455814 -0.0107507 -0.128432 2.46855 0.677605 0.394662 1.29179 -0.482404 -1.03978 -0.289529
1 4.61 1.10106 -0.218133 0.507486 -0.028609 -0.170145 2.45732 0.722583 0.352186 1.37675 -0.296978 0.622445 -1.6225
4 4.61 1.5 0 1.5 0 0 1.57075 0 0 0 0 0 0
5 4.61 50 0.00181532 3
6 4.61 29.4828 0.232103 1.89553 -4.25494
0 4.61 1.08195 -0.23395 0.469392 -0.0163956 -0.141457 2.46464 0.6878 0.374509 1.34361 -0.499905 -1.0622 -0.343805
1 4.61 1.10946 -0.21897 0.523136 -0.0345328 -0.184165 2.45146 0.734095 0.327529 1.41126 -0.335551 0.674309 -1.59731
4 4.61 1.5 0 1.5 0 0 1.57075 0 0 0 0 0 0
5 4.61 50 0.00202131 3
6 4.61 28.4662 0.213772 1.97809 -4.00122
0 4.63 1.09034 -0.232859 0.484636 -0.0244693 -0.160373 2.458 0.699322 0.354585 1.39629 -0.518198 -1.08217 -0.412116
1 4.63 1.11831 -0.218675 0.540488 -0.0427028 -0.20405 2.44238 0.747955 0.300797 1.447 -0.3238 0.740763 -1.62849
4 4.63 1.5 0 1.5 0 0 1.57075 0 0 0 0 0 0
5 4.63 50 0.00160027 3
6 4.63 27.5012 0.253997 2.07378 -3.88265
0 4.65 1.10192 -0.233226 0.505528 -0.0303852 -0.174269 2.45252 0.715088 0.328375 1.45896 -0.547247 -1.0984 -0.477142
1 4.65 1.13052 -0.220091 0.563886 -0.0491515 -0.218765 2.4345 0.763712 0.271595 1.48479 -0.329733 0.778555 -1.60474
4 4.65 1.5 0 1.5 0 0 1.57075 0 0 0 0 0 0
5 4.65 50 0.0016377 2
6 4.65 26.0227 0.286252 2.13181 -3.59916
0 4.66 1.11159 -0.232522 0.523869 -0.0396523 -0.196474 2.44252 0.729402 0.305842 1.5107 -0.560888 -1.10689 -0.548663
1 4.66 1.14076 -0.220289 0.584297 -0.0580723 -0.241585 2.42195 0.779899 0.242262 1.51805 -0.361014 0.865367 -1.60011
4 4.66 1.5 0 1.5 0 0 1.57075 0 0 0 0 0 0
5 4.66 50 0.00111151 2
6 4.66 24.9844 0.273323 2.23729 -3.35604
0 4.67 1.1197 -0.233657 0.538634 -0.0433655 -0.205502 2.43804 0.743466 0.280559 1.55834 -0.573142 -1.11272 -0.587468
1 4.67 1.14944 -0.222435 0.600968 -0.0617998 -0.250988 2.41603 0.793642 0.215602 1.5511 -0.31973 0.886487 -1.60625
4 4.67 1.5 0 1.5 0 0 1.57075 0 0 0 0 0 0
5 4.67 50 0.00106621 2
6 4.67 24.1207 0.337021 2.26581 -3.25172
0 4.68 1.12833 -0.233758 0.555277 -0.0466805 -0.213547 2.434 0.758522 0.254832 1.60632 -0.589158 -1.11897 -0.618609
1 4.68 1.15867 -0.223565 0.61953 -0.0653397 -0.259411 2.41085 0.807969 0.18928 1.58369 -0.326148 0.930375 -1.58526
4 4.68 1.5 0 1.5 0 0 1.57075 0 0 0 0 0 0
5 4.68 50 0.00108075 2
6 4.68 23.2 0.350912 2.32103 -3.08528
0 4.69 1.13663 -0.23555 0.570667 -0.0513487 -0.22502 2.42801 0.77215 0.231654 1.64534 -0.598071 -1.1258 -0.644356
1 4.69 1.16751 -0.226284 0.63648 -0.0699087 -0.271316 2.40397 0.82143 0.164183 1.60864 -0.369925 0.986246 -1.52351
4 4.69 1.5 0 1.5 0 0 1.57075 0 0 0 0 0 0
5 4.69 50 0.00119424 2
6 4.69 22.3797 0.314619 2.39123 -2.80593
0 4.7 1.14686 -0.236641 0.590562 -0.0571199 -0.239551 2.42004 0.789451 0.202241 1.6926 -0.617701 -1.13396 -0.710439
1 4.7 1.17844 -0.228551 0.658267 -0.075531 -0.286458 2.3935 0.838334 0.132708 1.63852 -0.324675 1.02485 -1.57316
4 4.7 1.5 0 1.5 0 0 1.57075 0 0 0 0 0 0
5 4.7 50 0.00116706 2
6 4.7 21.366 0.393774 2.44045 -2.75343
0 4.71 1.15481 -0.238778 0.605434 -0.0617197 -0.25127 2.41305 0.803438 0.176497 1.72886 -0.634064 -1.13353 -0.751392
1 4.71 1.18695 -0.231719 0.674589 -0.0800997 -0.298379 2.38497 0.851822 0.105569 1.66106 -0.332223 1.07283 -1.55909
4 4.71 1.5 0 1.5 0 0 1.57075 0 0 0 0 0 0
5 4.71 50 0.00124979 2
6 4.71 20.5656 0.407409 2.49188 -2.57775
0 4.73 1.16493 -0.240413 0.625296 -0.0697788 -0.271871 2.40028 0.821657 0.143779 1.77357 -0.656227 -1.13476 -0.805224
1 4.73 1.1978 -0.234662 0.696238 -0.0879529 -0.319397 2.37021 0.86957 0.0698229 1.68707 -0.349338 1.14219 -1.52769
4 4.73 1.5 0 1.5 0 0 1.57075 0 0 0 0 0 0
5 4.73 50 0.00118828 2
6 4.73 19.4988 0.418131 2.56857 -2.30561
0 4.74 1.17668 -0.243711 0.64778 -0.0764137 -0.289568 2.3885 0.844645 0.0997922 1.82434 -0.670995 -1.13304 -0.86116
1 4.74 1.21047 -0.239719 0.720754 -0.0940513 -0.337387 2.35628 0.891126 0.0249469 1.71756 -0.3379 1.21358 -1.53987
4 4.74 1.5 0 1.5 0 0 1.57075 0 0 0 0 0 0
5 4.74 50 0.00124288 2
6 4.74 18.3075 0.452524 2.6444 -2.16593
0 4.75 1.18618 -0.245591 0.666681 -0.079709 -0.298482 2.38232 0.862393 0.0643497 1.86316 -0.688354 -1.13147 -0.898021
1 4.75 1.22068 -0.243017 0.741207 -0.0973351 -0.346457 2.34863 0.907114 -0.00920245 1.74076 -0.379981 1.26632 -1.47731
4 4.75 1.5 0 1.5 0 0 1.57075 0 0 0 0 0 0
5 4.75 50 0.00121808 2
6 4.75 17.3574 0.428163 2.69976 -1.8485
0 4.78 1.19805 -0.25026 0.689055 -0.0873748 -0.319439 2.36654 0.882572 0.0230874 1.904 -0.71799 -1.11844 -0.970703
1 4.78 1.23335 -0.249337 0.765215 -0.104592 -0.367394 2.32991 0.925479 -0.0512108 1.76145 -0.341724 1.35771 -1.56163
4 4.78 1.5 0 1.5 0 0 1.57075 0 0 0 0 0 0
5 4.78 50 0.00167727 3
6 4.78 16.1806 0.509822 2.78313 -1.88561
0 4.78 1.20798 -0.253464 0.708417 -0.091598 -0.331383 2.35715 0.899559 -0.0120305 1.93784 -0.725995 -1.11284 -1.00236
1 4.78 1.24396 -0.253945 0.785931 -0.108301 -0.379378 2.31923 0.940461 -0.0849497 1.7793 -0.375901 1.40186 -1.49418
4 4.78 1.5 0 1.5 0 0 1.57075 0 0 0 0 0 0
5 4.78 50 0.00150657 3
6 4.78 15.2114 0.482977 2.82482 -1.5692
0 4.79 1.22115 -0.259416 0.733231 -0.0967913 -0.346344 2.34488 0.922564 -0.075371 1.97786 -0.752573 -1.09941 -1.06232
1 4.79 1.25806 -0.262431 0.812345 -0.113164 -0.394221 2.30443 0.960593 -0.145735 1.79854 -0.363929 1.47529 -1.53513
4 4.79 1.5 0 1.5 0 0 1.57075 0 0 0 0 0 0
5 4.79 50 0.00147414 3
6 4.79 13.9404 0.5304 2.8877 -1.50852
0 4.8 1.23437 -0.2645 0.759116 -0.101563 -0.360178 2.33291 0.945628 -0.135307 2.01649 -0.765712 -1.0832 -1.1
1 4.8 1.27219 -0.269912 0.839775 -0.11736 -0.407744 2.29083 0.980507 -0.202199 1.81652 -0.406936 1.54826 -1.46402
4 4.8 1.5 0 1.5 0 0 1.57075 0 0 0 0 0 0
5 4.8 50 0.00135851 3
6 4.8 12.6596 0.498913 2.94927 -1.16117
0 4.82 1.24562 -0.27073 0.779684 -0.109835 -0.384442 2.30985 0.96463 -0.183805 2.04683 -0.827462 -1.04075 -1.1782
1 4.82 1.2842 -0.278083 0.861557 -0.125828 -0.430988 2.26424 0.995308 -0.246818 1.82062 -0.406245 1.65157 -1.42021
4 4.82 1.5 0 1.5 0 0 1.57075 0 0 0 0 0 0
5 4.82 50 0.00143981 3
6 4.82 11.0474 0.571617 3.0081 -0.771616
0 4.84 1.2605 -0.277989 0.808134 -0.11398 -0.395715 2.29819 0.989081 -0.248563 2.08849 -0.876019 -0.991046 -1.20571
1 4.84 1.30006 -0.287931 0.891674 -0.130888 -0.440585 2.25115 1.01519 -0.304214 1.83715 -0.40132 1.7093 -1.41121
4 4.84 1.5 0 1.5 0 0 1.57075 0 0 0 0 0 0
5 4.84 50 0.00273252 7
6 4.84 9.42475 0.628897 3.01056 -0.655078
0 4.84 1.27047 -0.284207 0.826092 -0.11678 -0.401894 2.29097 1.00645 -0.299094 2.11992 -0.970237 -0.891799 -1.23247
1 4.84 1.31072 -0.296171 0.910889 -0.136546 -0.443067 2.24228 1.02999 -0.350585 1.85511 -0.325312 1.63117 -1.46447
4 4.84 1.5 0 1.5 0 0 1.57075 0 0 0 0 0 0
5 4.84 50 0.0025382 6
6 4.84 8.5498 0.811528 2.79548 -0.73968
0 4.86 1.28415 -0.291963 0.852181 -0.130892 -0.419759 2.26324 1.02814 -0.369283 2.16979 -1.38727 -0.460966 -1.29096
1 4.86 1.32528 -0.306734 0.938973 -0.164609 -0.44478 2.20982 1.04567 -0.41317 1.87816 -0.420354 1.75988 -1.31435
4 4.86 1.5 0 1.5 0 0 1.57075 0 0 0 0 0 0
5 4.86 50 0.00237083 6
6 4.86 6.81685 1.13057 2.39948 -0.0739241
0 4.87 1.29841 -0.30183 0.87802 -0.138141 -0.423208 2.25292 1.04703 -0.435212 2.2192 -1.62009 -0.213991 -1.30899
1 4.87 1.34029 -0.319238 0.966788 -0.180116 -0.438896 2.19733 1.06098 -0.472765 1.91105 -0.422476 1.77857 -1.33104
4 4.87 1.5 0 1.5 0 0 1.57075 0 0 0 0 0 0
5 4.87 50 0.00260711 5
6 4.87 5.71359 1.36294 2.11021 -0.0700009
0 4.88 1.31225 -0.310997 0.904351 -0.149201 -0.42558 2.23929 1.06359 -0.501076 2.26797 -1.81279 0.00636056 -1.32478
1 4.88 1.35479 -0.33104 0.99507 -0.197942 -0.433206 2.18172 1.07427 -0.533401 1.94614 -0.413178 1.77818 -1.35598
4 4.88 1.5 0 1.5 0 0 1.57075 0 0 0 0 0 0
5 4.88 50 0.00243878 6
6 4.88 4.79964 1.56534 1.83366 -0.0996122
0 4.89 1.32225 -0.31877 0.922299 -0.167755 -0.425932 2.21865 1.07506 -0.557464 2.30716 -2.0449 0.292732 -1.34857
1 4.89 1.36525 -0.341068 1.01459 -0.224533 -0.423394 2.15809 1.08196 -0.583516 1.96972 -0.398736 1.83218 -1.32321
4 4.89 1.5 0 1.5 0 0 1.57075 0 0 0 0 0 0
5 4.89 50 0.00356889 9
6 4.89 3.74936 1.80961 1.53751 0.0802975
0 4.91 1.33762 -0.330326 0.952098 -0.184267 -0.423488 2.20122 1.08938 -0.644647 2.37015 -2.17927 0.516712 -1.37191
1 4.91 1.3812 -0.356112 1.0469 -0.245413 -0.413224 2.13789 1.09311 -0.662605 2.0148 -0.390293 1.85822 -1.3541
4 4.91 1.5 0 1.5 0 0 1.57075 0 0 0 0 0 0
5 4.91 50 0.00668716 11
6 4.91 2.53238 1.94371 1.29116 0.0555729
0 4.93 1.35321 -0.343915 0.980969 -0.212895 -0.417374 2.17041 1.10069 -0.722553 2.42505 -2.21523 0.663885 -1.40913
1 4.93 1.39723 -0.372817 1.07797 -0.274587 -0.403328 2.104 1.10216 -0.735888 2.05935 -0.368987 1.88257 -1.35553
4 4.93 1.5 0 1.5 0 0 1.57075 0 0 0 0 0 0
5 4.93 50 0.00424743 11
6 4.93 1.8299 1.98925 1.13931 0.169454
0 4.94 1.36535 -0.354428 1.00464 -0.226195 -0.41427 2.15546 1.10789 -0.784733 2.46812 -2.18652 0.68722 -1.42052
1 4.94 1.40967 -0.385817 1.10337 -0.286597 -0.400224 2.08824 1.10832 -0.791286 2.08869 -0.353349 1.90716 -1.40201
4 4.94 1.5 0 1.5 0 0 1.57075 0 0 0 0 0 0
5 4.94 50 0.0059967 13
6 4.94 0.890199 1.97129 1.14204 0.0573888
0 4.94 1.38165 -0.370159 1.03563 -0.238255 -0.41152 2.14116 1.11307 -0.867574 2.51989 -2.12659 0.68983 -1.43924
1 4.94 1.42617 -0.404862 1.13643 -0.296061 -0.398293 2.07302 1.11299 -0.864422 2.12132 -0.342563 1.921 -1.41557
4 4.94 1.5 0 1.5 0 0 1.57075 0 0 0 0 0 0
5 4.94 50 0.00708842 17
6 4.94 -0.424646 1.91494 1.15869 0.073904
0 4.95 1.39566 -0.383741 1.06395 -0.254157 -0.408094 2.12059 1.1141 -0.939252 2.56228 -2.03371 0.684547 -1.47348
1 4.95 1.44022 -0.421311 1.16644 -0.307864 -0.39641 2.05094 1.11442 -0.928651 2.14936 -0.326091 1.93868 -1.44064
4 4.95 1.5 0 1.5 0 0 1.57075 0 0 0 0 0 0
5 4.95 50 0.0078392 18
6 4.95 -1.41509 1.82815 1.19034 0.103263
0 4.97 1.41267 -0.402425 1.09722 -0.269943 -0.404986 2.09858 1.11254 -1.01691 2.60451 -1.94249 0.670395 -1.50502
1 4.97 1.45717 -0.443102 1.2014 -0.319704 -0.395195 2.02767 1.11409 -0.998642 2.17711 -0.295229 1.96688 -1.52066
4 4.97 1.5 0 1.5 0 0 1.57075 0 0 0 0 0 0
5 4.97 50 0.00735879 20
6 4.97 -2.42045 1.76059 1.24501 -0.0514335
0 4.98 1.42593 -0.417078 1.12458 -0.28187 -0.402936 2.08043 1.10792 -1.07822 2.63555 -1.87971 0.665345 -1.5307
1 4.98 1.47025 -0.460207 1.23 -0.328834 -0.394403 2.00845 1.11114 -1.05294 2.19505 -0.279169 1.97208 -1.54239
4 4.98 1.5 0 1.5 0 0 1.57075 0 0 0 0 0 0
5 4.98 50 0.00802088 20
6 4.98 -3.33424 1.70754 1.2606 -0.0387615
0 4.99 1.43822 -0.432021 1.14895 -0.300889 -0.399957 2.04786 1.10109 -1.1459 2.657 -1.77734 0.689885 -1.59332
1 4.99 1.48226 -0.477857 1.25523 -0.342793 -0.39249 1.9729 1.09521 -1.17551 2.32046 -0.339291 2.09149 -1.58856
4 4.99 1.5 0 1.5 0 0 1.57075 0 0 0 0 0 0
5 4.99 50 0.00756812 20
6 4.99 3.889 1.51912 1.3732 0.0137854
0 5.01 1.45282 -0.450104 1.18003 -0.31077 -0.398512 2.02937 1.08813 -1.22353 2.68112 -1.7502 0.705311 -1.61187
1 5.01 1.49635 -0.499046 1.28727 -0.351299 -0.391367 1.95341 1.08094 -1.25387 2.34576 -0.330128 2.14406 -1.58393
4 5.01 1.5 0 1.5 0 0 1.57075 0 0 0 0 0 0
5 5.01 50 0.00679636 14
6 5.01 3.98167 1.49592 1.41672 0.0877859
0 5.01 1.46509 -0.466471 1.20532 -0.320818 -0.396912 2.00947 1.07368 -1.2886 2.69901 -1.71532 0.736075 -1.64263
1 5.01 1.50804 -0.518015 1.31328 -0.359403 -0.389691 1.9318 1.06531 -1.31867 2.36308 -0.311049 2.17058 -1.58533
4 5.01 1.5 0 1.5 0 0 1.57075 0 0 0 0 0 0
5 5.01 50 0.00566673 13
6 5.01 3.95172 1.47234 1.41213 0.181499
0 5.03 1.4782 -0.484458 1.23448 -0.3319 -0.394904 1.98523 1.05413 -1.3564 2.71692 -1.67361 0.778027 -1.68616
1 5.03 1.52037 -0.538714 1.34315 -0.36804 -0.387458 1.90516 1.04483 -1.38483 2.37798 -0.294078 2.21618 -1.58653
4 5.03 1.5 0 1.5 0 0 1.57075 0 0 0 0 0 0
5 5.03 50 0.0062902 13
6 5.03 3.75226 1.43624 1.41596 0.316596
0 5.03 1.49177 -0.504456 1.26391 -0.338616 -0.393556 1.96949 1.02919 -1.42666 2.7322 -1.64472 0.814322 -1.71443
1 5.03 1.53294 -0.561522 1.3732 -0.373054 -0.385613 1.88774 1.01987 -1.45265 2.38878 -0.275953 2.25214 -1.60229
4 5.03 1.5 0 1.5 0 0 1.57075 0 0 0 0 0 0
5 5.03 50 0.00582719 13
6 5.03 3.44384 1.41731 1.41576 0.356481
0 5.05 1.50527 -0.525247 1.29593 -0.352479 -0.390132 1.93331 0.999699 -1.49572 2.74701 -1.59887 0.882902 -1.7677
1 5.05 1.54525 -0.585076 1.40581 -0.384132 -0.381398 1.84837 0.989381 -1.51971 2.40025 -0.247167 2.27912 -1.61026
4 5.05 1.5 0 1.5 0 0 1.57075 0 0 0 0 0 0
5 5.05 50 0.00539184 12
6 5.05 3.22093 1.38475 1.36749 0.500995
0 5.06 1.52122 -0.551948 1.33277 -0.360026 -0.388046 1.91177 0.96446 -1.57023 2.76222 -1.57244 0.911961 -1.79098
1 5.06 1.5598 -0.614757 1.44326 -0.390264 -0.379145 1.82546 0.954461 -1.59137 2.41037 -0.224691 2.30662 -1.61567
4 5.06 1.5 0 1.5 0 0 1.57075 0 0 0 0 0 0
5 5.06 50 0.00453043 11
6 5.06 2.86733 1.37439 1.36654 0.558052
0 5.07 1.53427 -0.574905 1.36573 -0.368731 -0.38534 1.88435 0.930455 -1.63271 2.77473 -1.52554 0.976721 -1.8462
1 5.07 1.57149 -0.640214 1.47672 -0.3961 -0.375514 1.79482 0.921054 -1.65052 2.41695 -0.201788 2.32816 -1.63992
4 5.07 1.5 0 1.5 0 0 1.57075 0 0 0 0 0 0
5 5.07 50 0.00702 15
6 5.07 2.45318 1.33364 1.31693 0.656851
0 5.09 1.54926 -0.603642 1.40259 -0.376709 -0.382202 1.85544 0.894232 -1.69767 2.78841 -1.48288 1.03192 -1.88646
1 5.09 1.58503 -0.671549 1.51413 -0.401715 -0.371577 1.76346 0.885626 -1.71235 2.42505 -0.185932 2.36286 -1.64575
4 5.09 1.5 0 1.5 0 0 1.57075 0 0 0 0 0 0
5 5.09 50 0.00674748 15
6 5.09 2.06171 1.29191 1.29499 0.766749
0 5.1 1.56493 -0.635607 1.44549 -0.38769 -0.376954 1.80828 0.846721 -1.76892 2.80278 -1.41274 1.11029 -1.94405
1 5.1 1.5988 -0.706364 1.55761 -0.409053 -0.365236 1.7128 0.839166 -1.77997 2.43302 -0.156796 2.37219 -1.67789
4 5.1 1.5 0 1.5 0 0 1.57075 0 0 0 0 0 0
5 5.1 50 0.00818014 18
6 5.1 1.61088 1.2287 1.22 0.847923
0 5.12 1.57604 -0.659608 1.47451 -0.392539 -0.374052 1.78432 0.802817 -1.82419 2.80901 -1.37154 1.15905 -1.98293
1 5.12 1.60816 -0.732576 1.58687 -0.411672 -0.361558 1.68654 0.796609 -1.83263 2.43427 -0.135615 2.39451 -1.68392
4 5.12 1.5 0 1.5 0 0 1.57075 0 0 0 0 0 0
5 5.12 50 0.00726628 17
6 5.12 1.25766 1.19487 1.19189 0.952793
0 5.13 1.5865 -0.684195 1.50578 -0.399843 -0.368631 1.74063 0.75525 -1.8773 2.81582 -1.31066 1.21636 -2.03872
1 5.13 1.61671 -0.759287 1.61841 -0.415937 -0.355559 1.6398 0.750046 -1.88354 2.43707 -0.112006 2.40548 -1.70552
4 5.13 1.5 0 1.5 0 0 1.57075 0 0 0 0 0 0
5 5.13 50 0.0071075 15
6 5.13 0.97303 1.13832 1.14267 1.06191
0 5.14 1.59593 -0.707801 1.53276 -0.403335 -0.365318 1.71476 0.718715 -1.92029 2.82296 -1.25677 1.26234 -2.06716
1 5.14 1.62468 -0.784612 1.64568 -0.416937 -0.35133 1.61211 0.715842 -1.92351 2.43779 -0.0964556 2.40622 -1.72538
4 5.14 1.5 0 1.5 0 0 1.57075 0 0 0 0 0 0
5 5.14 50 0.007792 18
6 5.14 0.515654 1.08481 1.09692 1.08932
0 5.15 1.607 -0.737982 1.56905 -0.406863 -0.361107 1.68242 0.666807 -1.97338 2.83192 -1.20578 1.3094 -2.11253
1 5.15 1.63367 -0.816917 1.68233 -0.417958 -0.346447 1.57731 0.667689 -1.97247 2.4374 -0.0759975 2.41234 -1.74283
4 5.15 1.5 0 1.5 0 0 1.57075 0 0 0 0 0 0
5 5.15 50 0.00836945 20
6 5.15 -0.151261 1.03783 1.05415 1.17849
0 5.17 1.61816 -0.770835 1.60612 -0.40857 -0.358414 1.66219 0.60532 -2.02729 2.83891 -1.1697 1.33933 -2.14056
1 5.17 1.64237 -0.851927 1.71967 -0.417952 -0.343268 1.55555 0.611404 -2.02136 2.43223 -0.0472391 2.4213 -1.76408
4 5.17 1.5 0 1.5 0 0 1.57075 0 0 0 0 0 0
5 5.17 50 0.0080061 20
6 5.17 -1.01748 1.02139 1.03369 1.20013
0 5.18 1.62666 -0.798922 1.63929 -0.410829 -0.35375 1.62846 0.549673 -2.07059 2.84556 -1.11351 1.37901 -2.17393
1 5.18 1.64864 -0.881745 1.75311 -0.417795 -0.337908 1.51999 0.560354 -2.06104 2.42901 -0.0248782 2.40888 -1.78427
4 5.18 1.5 0 1.5 0 0 1.57075 0 0 0 0 0 0
5 5.18 50 0.00805712 20
6 5.18 -1.7199 0.972833 0.980812 1.24225
0 5.19 1.63583 -0.831492 1.67407 -0.412782 -0.346851 1.5803 0.495328 -2.12179 2.84653 -1.03253 1.43865 -2.22702
1 5.19 1.65564 -0.916363 1.78793 -0.416243 -0.329874 1.46899 0.509679 -2.11043 2.42309 -0.00663107 2.41086 -1.79071
4 5.19 1.5 0 1.5 0 0 1.57075 0 0 0 0 0 0
5 5.19 50 0.00763822 20
6 5.19 -2.20748 0.885788 0.924715 1.39123
0 5.21 1.64233 -0.857299 1.70272 -0.41318 -0.342803 1.55188 0.448985 -2.15909 2.84889 -0.989197 1.46396 -2.25288
1 5.21 1.66029 -0.943663 1.81667 -0.414902 -0.325355 1.43929 0.621566 -2.03189 2.09098 0.09487 2.02085 -2.17244
4 5.21 1.5 0 1.5 0 0 1.57075 0 0 0 0 0 0
5 5.21 50 0.00913429 20
6 5.21 -25.9545 0.94316 0.454087 0.255144
0 5.21 1.6495 -0.887585 1.73447 -0.412942 -0.337577 1.51615 0.391556 -2.1981 2.85093 -0.917769 1.49612 -2.2929
1 5.21 1.66516 -0.975509 1.84851 -0.411735 -0.319568 1.40167 0.573178 -2.07579 2.08236 0.182333 2.05232 -2.17627
4 5.21 1.5 0 1.5 0 0 1.57075 0 0 0 0 0 0
5 5.21 50 0.00705004 18
6 5.21 -26.6595 0.950277 0.463591 0.370804
0 5.23 1.65541 -0.917449 1.7673 -0.412348 -0.334286 1.49415 0.33176 -2.23208 2.8547 -0.878058 1.52138 -2.31971
1 5.23 1.66868 -1.00673 1.88149 -0.409473 -0.315717 1.37834 0.521075 -2.11157 2.0746 0.0231438 1.90956 -2.17566
4 5.23 1.5 0 1.5 0 0 1.57075 0 0 0 0 0 0
5 5.23 50 0.00746846 18
6 5.23 -27.4384 0.719651 0.276426 0.458355
0 5.25 1.6608 -0.945412 1.79607 -0.409918 -0.326149 1.44303 0.267936 -2.26012 2.85551 -0.780529 1.56592 -2.36116
1 5.25 1.67152 -1.03582 1.91029 -0.403398 -0.306342 1.32523 0.463704 -2.15124 2.07006 0.169957 1.96326 -2.2936
4 5.25 1.5 0 1.5 0 0 1.57075 0 0 0 0 0 0
5 5.25 50 0.00795937 17
6 5.25 -27.7097 0.761032 0.303011 0.214295
0 5.26 1.66531 -0.977906 1.83162 -0.407282 -0.320061 1.40584 0.193601 -2.2868 2.85955 -0.710704 1.59477 -2.40319
1 5.26 1.67306 -1.06938 1.946 -0.398079 -0.299566 1.28623 0.397864 -2.18428 2.06085 0.225119 1.97081 -2.25803
4 5.26 1.5 0 1.5 0 0 1.57075 0 0 0 0 0 0
5 5.26 50 0.00653172 15
6 5.26 -28.5526 0.73357 0.289767 0.462127
0 5.27 1.66977 -1.01 1.86393 -0.403773 -0.313688 1.36782 0.131416 -2.30857 2.86566 -0.633932 1.62268 -2.43427
1 5.27 1.67503 -1.10234 1.97855 -0.391811 -0.292257 1.24688 0.341868 -2.21395 2.0568 0.034748 1.88755 -2.26381
4 5.27 1.5 0 1.5 0 0 1.57075 0 0 0 0 0 0
5 5.27 50 0.00722742 15
6 5.27 -29.1616 0.425049 0.175891 0.543028
0 5.28 1.6728 -1.04175 1.89768 -0.397274 -0.304363 1.3141 0.0671586 -2.326 2.87356 -0.517607 1.65899 -2.49456
1 5.28 1.67549 -1.13479 2.01262 -0.38101 -0.281778 1.19074 0.291809 -2.24053 2.03643 0.157948 1.83726 -2.29209
4 5.28 1.5 0 1.5 0 0 1.57075 0 0 0 0 0 0
5 5.28 50 0.00631738 14
6 5.28 -30.9635 0.417327 0.0974308 0.645416
0 5.29 1.67602 -1.08057 1.93663 -0.392715 -0.298844 1.28268 0.00394534 -2.3448 2.88579 -0.463885 1.67145 -2.52236
1 5.29 1.67618 -1.17437 2.05206 -0.374672 -0.275688 1.15837 0.240365 -2.26388 2.02348 0.0896164 1.81976 -2.15398
4 5.29 1.5 0 1.5 0 0 1.57075 0 0 0 0 0 0
5 5.29 50 0.00543237 13
6 5.29 -32.5986 0.274418 0.0731107 1.1752
0 5.3 1.67767 -1.11691 1.97492 -0.387565 -0.293114 1.25074 -0.0598351 -2.35785 2.89823 -0.378326 1.6859 -2.54924
1 5.3 1.67528 -1.21122 2.09085 -0.366513 -0.269217 1.1255 0.182628 -2.28393 2.02061 0.221475 1.88336 -2.18219
4 5.3 1.5 0 1.5 0 0 1.57075 0 0 0 0 0 0
5 5.3 50 0.00594831 12
6 5.3 -33.5306 0.319535 0.146562 1.17108
0 5.31 1.67915 -1.14937 2.00733 -0.381736 -0.287147 1.21835 -0.124802 -2.36373 2.90629 -0.324252 1.69183 -2.56888
1 5.31 1.67416 -1.24392 2.12358 -0.359101 -0.262625 1.09264 0.11935 -2.29826 2.02043 0.184077 1.70207 -2.06013
4 5.31 1.5 0 1.5 0 0 1.57075 0 0 0 0 0 0
5 5.31 50 0.00405145 9
6 5.31 -33.9592 0.213232 -0.057334 1.62355
0 5.33 1.67908 -1.18018 2.04005 -0.373989 -0.279577 1.17886 -0.187515 -2.36554 2.91581 -0.233458 1.70529 -2.60767
1 5.33 1.67158 -1.2748 2.15669 -0.348297 -0.254187 1.05191 0.171242 -2.28498 1.78676 0.223829 1.63243 -2.28032
4 5.33 1.5 0 1.5 0 0 1.57075 0 0 0 0 0 0
5 5.33 50 0.0053494 13
6 5.33 -50.4277 0.147877 -0.134093 1.04462
0 5.35 1.67876 -1.21751 2.07748 -0.361761 -0.268821 1.12379 -0.248233 -2.36957 2.92972 -0.125592 1.70845 -2.65637
1 5.35 1.66883 -1.31229 2.19467 -0.332744 -0.242512 0.995627 0.293888 -2.27931 1.39126 0.0231113 1.64623 -0.938216
4 5.35 1.5 0 1.5 0 0 1.57075 0 0 0 0 0 0
5 5.35 50 0.00201058 4
6 5.35 -77.8499 -0.204879 -0.0990572 5.48496
0 5.35 1.67718 -1.25102 2.11292 -0.354117 -0.262444 1.09168 -0.305705 -2.36904 2.94336 -0.0696935 1.70168 -2.6797
1 5.35 1.66495 -1.34578 2.23066 -0.323556 -0.23577 0.963141 0.225962 -2.29802 1.40401 0.73797 1.90386 1.44447
4 5.35 1.5 0 1.5 0 0 1.57075 0 0 0 0 0 0
5 5.35 50 0.00120878 2
6 5.35 -77.5534 0.530662 0.216482 13.1663
0 5.36 1.67543 -1.28644 2.14885 -0.345957 -0.255964 1.0593 -0.368986 -2.36271 2.9564 -0.000607701 1.69409 -2.70293
1 5.36 1.66067 -1.38095 2.26711 -0.313349 -0.228878 0.93041 0.166122 -2.30857 1.38276 0.425837 2.05609 1.39938
4 5.36 1.5 0 1.5 0 0 1.57075 0 0 0 0 0 0
5 5.36 50 0.0083015 20
6 5.36 -79.4978 0.102558 0.415204 13.0966
0 5.38 1.6731 -1.31254 2.17684 -0.337207 -0.249261 1.02645 -0.417183 -2.35456 2.96897 0.0714651 1.68756 -2.72032
1 5.38 1.65641 -1.40672 2.2956 -0.302524 -0.221562 0.89744 0.106139 -2.3185 1.39073 0.632944 1.55135 1.60283
4 5.38 1.5 0 1.5 0 0 1.57075 0 0 0 0 0 0
5 5.38 50 0.00778937 20
6 5.38 -79.4213 0.252692 -0.140144 13.8018
0 5.39 1.66935 -1.35132 2.21671 -0.325739 -0.240801 0.986205 -0.474157 -2.35785 2.98713 0.166434 1.6539 -2.69403
1 5.39 1.65038 -1.44563 2.33619 -0.288812 -0.212608 0.859277 0.0418993 -2.34227 1.3821 0.679981 0.82861 1.25033
4 5.39 1.5 0 1.5 0 0 1.57075 0 0 0 0 0 0
5 5.39 50 0.005481 13
6 5.39 -80.7255 0.210106 -0.909687 12.5927
0 5.41 1.66314 -1.39435 2.264 -0.306065 -0.227076 0.923784 -0.542828 -2.35086 3.01437 0.290769 1.59229 -2.60466
1 5.41 1.64143 -1.48838 2.38457 -0.267045 -0.197737 0.802126 -0.0389804 -2.36496 1.3562 0.441225 0.381474 -0.100768
4 5.41 1.5 0 1.5 0 0 1.57075 0 0 0 0 0 0
5 5.41 50 0.00777173 18
6 5.41 -83.4493 -0.170938 -1.32638 7.9942
0 5.42 1.6591 -1.42511 2.29614 -0.295864 -0.219983 0.893648 -0.597301 -2.33722 3.03398 0.374587 1.53693 -2.51688
1 5.42 1.63521 -1.5186 2.4175 -0.25534 -0.19053 0.776602 -0.103481 -2.36482 1.35401 0.788006 0.931742 1.4255
4 5.42 1.5 0 1.5 0 0 1.57075 0 0 0 0 0 0
5 5.42 50 0.00550127 11
6 5.42 -84.4822 0.146126 -0.61615 12.5867
0 5.43 1.65335 -1.45597 2.33099 -0.276951 -0.206693 0.84115 -0.651343 -2.31897 3.05666 0.459053 1.46171 -2.41013
1 5.43 1.6273 -1.54873 2.45326 -0.235792 -0.176812 0.730067 -0.1779 -2.36854 1.33539 0.641528 1.34819 1.9393
4 5.43 1.5 0 1.5 0 0 1.57075 0 0 0 0 0 0
5 5.43 50 0.00486088 10
6 5.43 -86.4582 -0.0840268 -0.0384759 13.8863
0 5.45 1.64688 -1.49126 2.36948 -0.266709 -0.199637 0.814506 -0.701413 -2.30207 3.08255 0.518919 1.41632 -2.33404
1 5.45 1.61883 -1.58334 2.49278 -0.224709 -0.169593 0.707386 -0.237424 -2.36199 1.3319 0.710215 1.06625 1.63565
4 5.45 1.5 0 1.5 0 0 1.57075 0 0 0 0 0 0
5 5.45 50 0.00561714 13
6 5.45 -87.9897 -0.0563918 -0.301183 12.6741
0 5.46 1.63946 -1.5237 2.40726 -0.254137 -0.19096 0.78324 -0.748118 -2.2821 3.10805 0.554984 1.36837 -2.26023
1 5.46 1.60953 -1.61498 2.53158 -0.212362 -0.160713 0.680099 -0.297975 -2.35314 1.32486 0.832601 0.929332 1.76181
4 5.46 1.5 0 1.5 0 0 1.57075 0 0 0 0 0 0
5 5.46 50 0.0057025 13
6 5.46 -89.6423 0.0576125 -0.399678 12.8412
0 5.47 1.62892 -1.56827 2.45854 -0.243668 -0.183646 0.757834 -0.802134 -2.25853 3.14315 0.585947 1.32961 -2.20432
1 5.47 1.59683 -1.65861 2.58426 -0.201954 -0.153305 0.657751 -0.354738 -2.33968 1.30151 0.493172 1.11717 2.42694
4 5.47 1.5 0 1.5 0 0 1.57075 0 0 0 0 0 0
5 5.47 50 0.00524855 10
6 5.47 -93.0325 -0.343574 -0.136603 14.7862
0 5.48 1.6213 -1.59631 2.49248 -0.227688 -0.172684 0.721324 -0.836507 -2.24065 3.16624 0.645583 1.25923 -2.09849
1 5.48 1.58784 -1.68593 2.61913 -0.185618 -0.142562 0.626775 -0.411 -2.33196 1.28762 0.737385 0.712743 1.73287
4 5.48 1.5 0 1.5 0 0 1.57075 0 0 0 0 0 0
5 5.48 50 0.00555229 12
6 5.48 -94.8531 -0.113455 -0.51463 12.2325
0 5.49 1.61493 -1.62182 2.52193 -0.21459 -0.163584 0.692538 -0.868138 -2.22012 3.18596 0.683017 1.20124 -2.0141
1 5.49 1.58021 -1.71062 2.64937 -0.172588 -0.133792 0.602386 -0.702666 -2.26 2.1763 0.259145 1.24049 -0.334251
4 5.49 1.5 0 1.5 0 0 1.57075 0 0 0 0 0 0
5 5.49 50 0.0025568 5
6 5.49 -39.2184 -0.672201 0.159136 5.36386
0 5.51 1.60597 -1.65155 2.55897 -0.201376 -0.154515 0.664884 -0.904509 -2.19361 3.2107 0.714822 1.13985 -1.93258
1 5.51 1.56979 -1.7393 2.68739 -0.159566 -0.125305 0.579 -0.515996 -2.29694 1.26454 0.593536 0.99318 2.00325
4 5.51 1.5 0 1.5 0 0 1.57075 0 0 0 0 0 0
5 5.51 50 0.00706697 14
6 5.51 -98.3016 -0.315916 -0.0536953 12.566
0 5.52 1.59732 -1.68122 2.59501 -0.191077 -0.147456 0.643956 -0.938055 -2.16573 3.23495 0.729774 1.10714 -1.88183
1 5.52 1.5598 -1.76785 2.72441 -0.14966 -0.118272 0.56074 -0.563945 -2.2722 1.25864 0.650483 0.54759 1.85955
4 5.52 1.5 0 1.5 0 0 1.57075 0 0 0 0 0 0
5 5.52 50 0.00603676 14
6 5.52 -99.8972 -0.25916 -0.528073 11.9453
0 5.52 1.58973 -1.70383 2.6243 -0.183038 -0.141925 0.628259 -0.963384 -2.1431 3.25516 0.74632 1.06282 -1.7934
1 5.52 1.55119 -1.78955 2.75451 -0.142001 -0.11318 0.549189 -0.599346 -2.25175 1.24843 0.543443 0.880635 2.22856
4 5.52 1.5 0 1.5 0 0 1.57075 0 0 0 0 0 0
5 5.52 50 0.00724649 15
6 5.52 -101.579 -0.382929 -0.0980093 12.841
0 5.53 1.57977 -1.73446 2.66308 -0.170608 -0.133389 0.604531 -0.990052 -2.12275 3.28256 0.7582 1.0219 -1.74033
1 5.53 1.54017 -1.81937 2.79439 -0.130143 -0.104925 0.528311 -0.642785 -2.23355 1.2302 0.503659 0.439028 2.19054
4 5.53 1.5 0 1.5 0 0 1.57075 0 0 0 0 0 0
5 5.53 50 0.00525403 11
6 5.53 -104.095 -0.430298 -0.559301 12.5502
0 5.55 1.56593 -1.77139 2.71335 -0.160472 -0.126465 0.585749 -1.02105 -2.0932 3.31872 0.765312 0.990487 -1.69196
1 5.55 1.52509 -1.85512 2.8461 -0.120561 -0.098169 0.512021 -0.685596 -2.20552 1.21614 0.463631 0.422064 2.32399
4 5.55 1.5 0 1.5 0 0 1.57075 0 0 0 0 0 0
5 5.55 50 0.00579381 12
6 5.55 -106.966 -0.474651 -0.544762 12.8218
0 5.56 1.55652 -1.79853 2.74883 -0.144768 -0.115723 0.55758 -1.04289 -2.06472 3.34397 0.770769 0.919451 -1.57536
1 5.56 1.51481 -1.88112 2.88259 -0.106072 -0.0884201 0.489464 -0.734078 -2.17513 1.19991 0.564585 0.41184 2.09127
4 5.56 1.5 0 1.5 0 0 1.57075 0 0 0 0 0 0
5 5.56 50 0.00722551 14
6 5.56 -109.153 -0.349196 -0.48168 11.7065
0 5.58 1.54337 -1.83057 2.7948 -0.133873 -0.108085 0.538583 -1.0671 -2.02974 3.37769 0.772172 0.88085 -1.49967
1 5.58 1.50069 -1.91176 2.92991 -0.0960245 -0.081173 0.474054 -0.773487 -2.13921 1.17992 0.403309 0.438954 2.43043
4 5.58 1.5 0 1.5 0 0 1.57075 0 0 0 0 0 0
5 5.58 50 0.00733876 17
6 5.58 -112.232 -0.52079 -0.410948 12.5476
0 5.58 1.53164 -1.86193 2.83772 -0.1223 -0.0999862 0.519096 -1.07878 -2.01425 3.40448 0.771898 0.830666 -1.4241
1 5.58 1.48849 -1.9425 2.9739 -0.0853452 -0.073957 0.4582 -0.934765 -2.07005 2.04154 0.162627 0.701337 -0.0987548
4 5.58 1.5 0 1.5 0 0 1.57075 0 0 0 0 0 0
5 5.58 50 0.00355744 8
6 5.58 -60.1941 -0.778491 -0.0572064 4.23188
0 5.6 1.52178 -1.88586 2.87239 -0.112951 -0.0937256 0.504347 -1.08817 -1.99917 3.42728 0.771934 0.793656 -1.36159
1 5.6 1.47825 -1.96583 3.00948 -0.0766508 -0.0683204 0.446398 -0.952453 -2.05285 2.04677 0.297105 0.519938 0.341676
4 5.6 1.5 0 1.5 0 0 1.57075 0 0 0 0 0 0
5 5.6 50 0.00432539 8
6 5.6 -61.1785 -0.619693 -0.226864 5.43836
0 5.61 1.51043 -1.91444 2.9132 -0.0971314 -0.0828365 0.479894 -1.09786 -1.97789 3.45683 0.764562 0.750379 -1.26734
1 5.61 1.46651 -1.99356 3.05147 -0.0621182 -0.057879 0.426345 -0.977433 -2.02696 2.05059 0.392396 0.454639 0.513402
4 5.61 1.5 0 1.5 0 0 1.57075 0 0 0 0 0 0
5 5.61 50 0.00379658 8
6 5.61 -62.6064 -0.494217 -0.25894 5.68568
0 5.62 1.49832 -1.94167 2.95497 -0.090453 -0.0781396 0.470097 -1.10673 -1.95496 3.4889 0.793555 0.758177 -1.21777
1 5.62 1.45405 -2.01986 3.09453 -0.0546979 -0.0523365 0.41869 -0.991206 -2.00245 2.05593 0.297728 0.429953 0.389927
4 5.62 1.5 0 1.5 0 0 1.57075 0 0 0 0 0 0
5 5.62 50 0.00351024 8
6 5.62 -64.1924 -0.630316 -0.296425 5.13326
0 5.64 1.4826 -1.97835 3.01077 -0.0698307 -0.0631359 0.442719 -1.11595 -1.93037 3.53249 0.848172 0.770324 -1.09396
1 5.64 1.43796 -2.05556 3.15207 -0.0330082 -0.0354512 0.396826 -1.02188 -1.96949 2.0607 0.163085 0.401025 0.0892595
4 5.64 1.5 0 1.5 0 0 1.57075 0 0 0 0 0 0
5 5.64 50 0.00369453 8
6 5.64 -66.4062 -0.835489 -0.346744 3.77818
0 5.66 1.46915 -2.00695 3.05711 -0.0583301 -0.054601 0.428875 -1.12252 -1.90863 3.56833 0.856734 0.755951 -1.02536
1 5.66 1.42425 -2.0833 3.19985 -0.0217266 -0.0268054 0.386104 -1.02607 -1.94832 1.87307 0.167833 0.256568 0.347566
4 5.66 1.5 0 1.5 0 0 1.57075 0 0 0 0 0 0
5 5.66 50 0.00492477 10
6 5.66 -80.056 -0.834226 -0.500091 4.38379
0 5.67 1.46086 -2.02684 3.08745 -0.0514868 -0.0494588 0.421098 -1.12497 -1.88956 3.59217 0.855836 0.736983 -0.977215
1 5.67 1.41586 -2.10242 3.23114 -0.015246 -0.0220302 0.380495 -1.03752 -1.925 1.88001 0.384906 0.0620529 1.0058
4 5.67 1.5 0 1.5 0 0 1.57075 0 0 0 0 0 0
5 5.67 50 0.00503564 10
6 5.67 -81.0416 -0.585843 -0.704994 6.33149
0 5.68 1.44954 -2.05085 3.12727 -0.0423146 -0.0425355 0.41103 -1.12711 -1.86637 3.62304 0.846898 0.713329 -0.910874
1 5.68 1.40445 -2.12551 3.27219 -0.00683803 -0.0155691 0.373387 -1.03888 -1.90081 1.65366 0.143376 0.120584 0.769592
4 5.68 1.5 0 1.5 0 0 1.57075 0 0 0 0 0 0
5 5.68 50 0.00491953 11
6 5.68 -96.7642 -0.84033 -0.616086 5.36558
0 5.68 1.43694 -2.07909 3.17349 -0.0354962 -0.0373068 0.403827 -1.12891 -1.84938 3.65831 0.832101 0.701185 -0.86908
1 5.68 1.39179 -2.15307 3.31982 -0.000878315 -0.0105107 0.368066 -1.02259 -1.88904 1.06398 0.0313857 0.299278 2.68387
4 5.68 1.5 0 1.5 0 0 1.57075 0 0 0 0 0 0
5 5.68 50 0.00677872 15
6 5.68 -135.048 -0.945778 -0.401136 11.3435
0 5.69 1.4226 -2.10837 3.22465 -0.0233975 -0.0280397 0.391792 -1.12904 -1.82974 3.69684 0.806355 0.667502 -0.788723
1 5.69 1.37744 -2.18156 3.37252 0.00975881 -0.00208507 0.359615 -1.0496 -1.85464 1.0256 0.0893685 -0.22672 2.16423
4 5.69 1.5 0 1.5 0 0 1.57075 0 0 0 0 0 0
5 5.69 50 0.00635242 13
6 5.69 -139.672 -0.845311 -0.97321 9.42791
0 5.72 1.41221 -2.13164 3.26382 -0.0072132 -0.0155515 0.376915 -1.12576 -1.81162 3.72628 0.78194 0.622843 -0.694628
1 5.72 1.36718 -2.20411 3.41287 0.0244993 0.00916116 0.348947 -1.08594 -1.81391 1.00758 0.212582 -0.303088 1.90104
4 5.72 1.5 0 1.5 0 0 1.57075 0 0 0 0 0 0
5 5.72 50 0.00651455 14
6 5.72 -142.507 -0.672452 -1.01729 8.28722
0 5.72 1.39889 -2.15838 3.3125 -0.00319296 -0.0124311 0.373444 -1.12081 -1.79063 3.76211 0.773414 0.612649 -0.670282
1 5.72 1.35406 -2.23001 3.46299 0.0280779 0.0119892 0.346553 -1.09072 -1.78694 1.00754 0.192135 -0.329746 2.06249
4 5.72 1.5 0 1.5 0 0 1.57075 0 0 0 0 0 0
5 5.72 50 0.00579691 14
6 5.72 -144.695 -0.683991 -1.03823 8.72492
0 5.73 1.38864 -2.1813 3.35263 0.00805759 -0.00368904 0.364235 -1.11638 -1.77866 3.79129 0.746409 0.581288 -0.596758
1 5.73 1.34399 -2.25245 3.50428 0.0380013 0.0197541 0.340553 -1.11499 -1.75741 0.995433 0.069186 -0.392131 2.16428
4 5.73 1.5 0 1.5 0 0 1.57075 0 0 0 0 0 0
5 5.73 50 0.00819159 17
6 5.73 -147.218 -0.786128 -1.07988 8.81511
0 5.75 1.37364 -2.21161 3.40963 0.0153639 0.00194464 0.358769 -1.10826 -1.76126 3.8322 0.72482 0.557898 -0.539948
1 5.75 1.32931 -2.28206 3.56292 0.0443154 0.0245897 0.337517 -1.11811 -1.74255 2.07428 -0.00538506 -0.0324613 0.219925
4 5.75 1.5 0 1.5 0 0 1.57075 0 0 0 0 0 0
5 5.75 50 0.00421762 9
6 5.75 -83.648 -0.841676 -0.644871 2.42635
0 5.76 1.36552 -2.23009 3.44266 0.0224069 0.00739977 0.353909 -1.09995 -1.7479 3.85503 0.691563 0.528958 -0.473005
1 5.76 1.32152 -2.3 3.59686 0.049933 0.0289767 0.335467 -1.1203 -1.72235 2.0785 -0.0246772 -0.117345 0.431569
4 5.76 1.5 0 1.5 0 0 1.57075 0 0 0 0 0 0
5 5.76 50 0.00382304 9
6 5.76 -84.8016 -0.821875 -0.714386 2.88827
0 5.77 1.35456 -2.25248 3.48589 0.03453 0.0171274 0.346342 -1.08893 -1.73175 3.88541 0.649312 0.510757 -0.394484
1 5.77 1.311 -2.32175 3.64131 0.0602444 0.0380903 0.331275 -1.12819 -1.69411 2.0825 -0.125301 -0.161504 0.372699
4 5.77 1.5 0 1.5 0 0 1.57075 0 0 0 0 0 0
5 5.77 50 0.00405765 9
6 5.77 -86.458 -0.883203 -0.750055 2.44961
0 5.78 1.34375 -2.27652 3.53119 0.0401865 0.0217605 0.343287 -1.07586 -1.71696 3.91839 0.623787 0.49189 -0.335966
1 5.78 1.30072 -2.34519 3.68793 0.0648629 0.0419601 0.330647 -1.16316 -1.6386 0.960617 -0.28852 -0.271354 2.12551
4 5.78 1.5 0 1.5 0 0 1.57075 0 0 0 0 0 0
5 5.78 50 0.00624037 14
6 5.78 -157.293 -1.03431 -0.858305 7.8586
0 5.8 1.33296 -2.29873 3.57555 0.0476089 0.0277808 0.339877 -1.06046 -1.71083 3.94919 0.599713 0.469677 -0.270961
1 5.8 1.29054 -2.36716 3.73351 0.0713214 0.0470624 0.329942 -1.16987 -1.61809 0.957291 -0.0526441 -0.264156 2.17502
4 5.8 1.5 0 1.5 0 0 1.57075 0 0 0 0 0 0
5 5.8 50 0.00633812 14
6 5.8 -159.462 -0.740339 -0.828466 7.80911
0 5.81 1.32117 -2.32558 3.62795 0.0577155 0.0358529 0.336444 -1.04444 -1.70631 3.98557 0.558767 0.446673 -0.185971
1 5.81 1.27939 -2.39383 3.78737 0.0798368 0.0541192 0.330044 -1.18458 -1.5932 0.946238 -0.190747 -0.400307 2.29718
4 5.81 1.5 0 1.5 0 0 1.57075 0 0 0 0 0 0
5 5.81 50 0.00611949 14
6 5.81 -162.499 -0.845433 -0.963141 7.92773
0 5.82 1.3093 -2.35058 3.67953 0.0645484 0.0413974 0.33487 -1.02831 -1.70017 4.02102 0.530617 0.430826 -0.127678
1 5.82 1.26817 -2.41859 3.84038 0.085608 0.058924 0.330882 -1.19121 -1.57206 0.930828 0.0206226 -0.364329 1.90576
4 5.82 1.5 0 1.5 0 0 1.57075 0 0 0 0 0 0
5 5.82 50 0.00580025 14
6 5.82 -165.727 -0.575136 -0.906679 6.49202
0 5.83 1.29946 -2.37371 3.72581 0.068392 0.0445578 0.334338 -1.00948 -1.69237 4.05171 0.504932 0.412993 -0.0828011
1 5.83 1.25908 -2.44141 3.88788 0.0884923 0.0612653 0.332161 -1.1859 -1.55549 0.929226 -0.177745 -0.324023 2.28231
4 5.83 1.5 0 1.5 0 0 1.57075 0 0 0 0 0 0
5 5.83 50 0.00623584 14
6 5.83 -167.776 -0.76665 -0.842128 7.55084
0 5.84 1.29115 -2.39181 3.764 0.0732784 0.0485508 0.334102 -0.994497 -1.68591 4.07673 0.481939 0.39233 -0.0375219
1 5.84 1.25137 -2.45925 3.92707 0.0925391 0.0643118 0.333753 -1.18857 -1.53759 0.911973 -0.437899 -0.191486 1.99767
4 5.84 1.5 0 1.5 0 0 1.57075 0 0 0 0 0 0
5 5.84 50 0.00599551 14
6 5.84 -170.464 -1.03042 -0.668326 6.49757
0 5.85 1.28244 -2.41295 3.80735 0.0790413 0.0532935 0.334442 -0.975095 -1.67833 4.10426 0.442523 0.372939 0.0238629
1 5.85 1.24343 -2.48009 3.97152 0.0968558 0.0680891 0.336574 -1.18876 -1.5178 0.916026 -0.275184 -0.418133 2.36938
4 5.85 1.5 0 1.5 0 0 1.57075 0 0 0 0 0 0
5 5.85 50 0.00599241 15
6 5.85 -172.025 -0.80232 -0.90849 7.48826
0 5.86 1.2728 -2.43434 3.85403 0.0824569 0.0560963 0.335069 -0.955378 -1.67075 4.13355 0.425214 0.35835 0.0584252
1 5.86 1.23459 -2.50117 4.01937 0.0996626 0.0701892 0.338584 -1.18333 -1.50116 0.900711 -0.28918 -0.236303 2.1218
4 5.86 1.5 0 1.5 0 0 1.57075 0 0 0 0 0 0
5 5.86 50 0.00716829 15
6 5.86 -174.845 -0.797628 -0.68432 6.58751
0 5.88 1.26224 -2.46088 3.91048 0.0912391 0.063369 0.338426 -0.934857 -1.66646 4.16846 0.360967 0.327825 0.162058
1 5.88 1.22484 -2.52754 4.07722 0.106163 0.0758368 0.346092 -1.19647 -1.47693 0.878606 -0.639937 -0.192597 1.87254
4 5.88 1.5 0 1.5 0 0 1.57075 0 0 0 0 0 0
5 5.88 50 0.00664592 15
6 5.88 -178.569 -1.11557 -0.601944 5.46084
0 5.9 1.25015 -2.48878 3.97327 0.0939305 0.0655721 0.34008 -0.91127 -1.66111 4.20615 0.334158 0.310765 0.200952
1 5.9 1.2137 -2.55522 4.14152 0.107899 0.077194 0.349269 -1.18604 -1.46371 0.871822 -0.0770289 -0.298641 2.04938
4 5.9 1.5 0 1.5 0 0 1.57075 0 0 0 0 0 0
5 5.9 50 0.00666714 15
6 5.9 -181.38 -0.454971 -0.704755 5.90122
0 5.91 1.23864 -2.51944 4.04055 0.10035 0.0707943 0.34562 -0.885266 -1.65718 4.24538 0.278951 0.279675 0.290046
1 5.91 1.20323 -2.58572 4.21037 0.112406 0.0807627 0.358316 -1.18677 -1.44521 0.865339 0.334482 -0.310887 2.07719
4 5.91 1.5 0 1.5 0 0 1.57075 0 0 0 0 0 0
5 5.91 50 0.00711608 16
6 5.91 -184.38 0.0687692 -0.684276 5.70555
0 5.93 1.23083 -2.53893 4.08508 0.103311 0.0731694 0.349254 -0.868217 -1.65401 4.27092 0.257041 0.268544 0.343384
1 5.93 1.1961 -2.60509 4.25592 0.114675 0.0824374 0.364064 -1.18475 -1.434 0.848006 -0.137776 -0.263569 2.00422
4 5.93 1.5 0 1.5 0 0 1.57075 0 0 0 0 0 0
5 5.93 50 0.00640416 15
6 5.93 -187.114 -0.43422 -0.617827 5.30228
0 5.94 1.2216 -2.56505 4.14346 0.105939 0.0752712 0.353261 -0.840924 -1.64744 4.30229 0.227955 0.250738 0.38322
1 5.94 1.18796 -2.63095 4.31555 0.116287 0.0836236 0.36961 -1.17236 -1.41972 0.831059 -0.124511 -0.0583697 1.839
4 5.94 1.5 0 1.5 0 0 1.57075 0 0 0 0 0 0
5 5.94 50 0.00726151 16
6 5.94 -190.18 -0.386517 -0.361892 4.64764
0 5.94 1.21502 -2.58232 4.18384 0.108338 0.0772244 0.357644 -0.822751 -1.64328 4.32388 0.198012 0.233462 0.418024
1 5.94 1.18211 -2.64805 4.35679 0.117622 0.0847001 0.375329 -1.16649 -1.41003 0.825516 -0.0282383 -0.229006 2.14924
4 5.94 1.5 0 1.5 0 0 1.57075 0 0 0 0 0 0
5 5.94 50 0.00660181 15
6 5.94 -191.934 -0.245169 -0.537465 5.52695
0 5.97 1.20028 -2.62654 4.28631 0.112778 0.080589 0.369181 -0.780539 -1.63918 4.37932 0.131762 0.188066 0.540415
1 5.97 1.16906 -2.69211 4.46148 0.119852 0.0856311 0.39158 -1.15136 -1.39427 0.799108 -0.152223 -0.0595289 2.0618
4 5.97 1.5 0 1.5 0 0 1.57075 0 0 0 0 0 0
5 5.97 50 0.00728631 15
6 5.97 -197.141 -0.309438 -0.289977 4.85706
0 5.98 1.19319 -2.65005 4.3409 0.115751 0.0825328 0.381629 -0.755187 -1.63566 4.40773 0.0710671 0.150074 0.62344
1 5.98 1.16298 -2.71547 4.51721 0.1207 0.0856156 0.40718 -1.14393 -1.38517 0.781794 -0.357331 -0.0911989 1.90658
4 5.98 1.5 0 1.5 0 0 1.57075 0 0 0 0 0 0
5 5.98 50 0.00649762 14
6 5.98 -200.069 -0.471684 -0.280493 4.09645
0 6 1.1847 -2.676 4.40386 0.116531 0.0829943 0.386329 -0.722295 -1.64062 4.43842 0.0498606 0.138082 0.661849
1 6 1.15581 -2.74163 4.5814 0.120766 0.0854021 0.413359 -1.12076 -1.38618 0.761417 -0.0924319 -0.0443616 1.96291
4 6 1.5 0 1.5 0 0 1.57075 0 0 0 0 0 0
5 6 50 0.00613189 15
6 6 -203.255 -0.151736 -0.212059 4.15363
0 6 1.1795 -2.69597 4.45073 0.117641 0.0835171 0.393608 -0.699711 -1.64382 4.4616 0.0277819 0.124892 0.695876
1 6 1.15151 -2.76173 4.62919 0.121116 0.0852113 0.421936 -1.10774 -1.38655 0.746415 -0.317403 -0.0492686 1.67689
4 6 1.5 0 1.5 0 0 1.57075 0 0 0 0 0 0
5 6 50 0.00714874 15
6 6 -205.654 -0.37912 -0.201422 3.1319
0 6.02 1.17296 -2.71863 4.50615 0.118583 0.0838195 0.402587 -0.673958 -1.64602 4.48848 -0.0109512 0.10368 0.748441
1 6.02 1.14601 -2.78448 4.68569 0.120684 0.0843958 0.432911 -1.09139 -1.38682 0.733568 -0.143267 -0.155118 2.05954
4 6.02 1.5 0 1.5 0 0 1.57075 0 0 0 0 0 0
5 6.02 50 0.00662589 15
6 6.02 -208.141 -0.141702 -0.296245 4.18568
0 6.04 1.16866 -2.73653 4.54891 0.119238 0.0836414 0.41446 -0.6511 -1.64566 4.50806 -0.0467985 0.0630118 0.81329
1 6.04 1.14261 -2.80236 4.72923 0.120099 0.0822742 0.447175 -1.07597 -1.38669 0.720914 0.00953084 -0.144626 2.253
4 6.04 1.5 0 1.5 0 0 1.57075 0 0 0 0 0 0
5 6.04 50 0.00667906 15
6 6.04 -210.15 0.0672197 -0.23507 4.59626
0 6.05 1.16206 -2.76071 4.60964 0.119331 0.0828146 0.427374 -0.621353 -1.64335 4.536 -0.0868612 0.0339448 0.877463
1 6.05 1.1372 -2.82645 4.79108 0.118763 0.0799844 0.462505 -1.05273 -1.38506 0.703766 -0.12147 -0.19923 2.13404
4 6.05 1.5 0 1.5 0 0 1.57075 0 0 0 0 0 0
5 6.05 50 0.00884247 15
6 6.05 -212.929 -0.0362875 -0.261204 4.01161
0 6.06 1.15761 -2.78106 4.65946 0.119151 0.0821795 0.434206 -0.595569 -1.64065 4.55762 -0.112278 0.0159836 0.917844
1 6.06 1.13379 -2.84668 4.84177 0.117669 0.0784501 0.470859 -1.03249 -1.38139 0.677022 -0.0329578 0.0350925 1.81405
4 6.06 1.5 0 1.5 0 0 1.57075 0 0 0 0 0 0
5 6.06 50 0.0062573 15
6 6.06 -215.906 0.0899522 0.0304718 2.86112
0 6.08 1.15262 -2.80128 4.7112 0.117751 0.079586 0.454712 -0.570866 -1.63736 4.58077 -0.169243 -0.0292012 1.00296
1 6.08 1.12978 -2.86678 4.89443 0.114148 0.073713 0.494542 -1.31415 -1.20747 -1.81685 0.734067 0.698113 8.34814
4 6.08 1.5 0 1.5 0 0 1.57075 0 0 0 0 0 0
5 6.08 50 0.00357556 7
6 6.08 -371.561 1.00833 0.848543 23.4495
0 6.09 1.14893 -2.82107 4.76054 0.116557 0.0775421 0.466562 -0.550301 -1.63642 4.60482 -0.201484 -0.0679137 1.05732
1 6.09 1.12692 -2.88653 4.94473 0.111737 0.0699256 0.508377 -1.25669 -1.2322 -1.56722 0.0241971 0.796522 5.63627
4 6.09 1.5 0 1.5 0 0 1.57075 0 0 0 0 0 0
5 6.09 50 0.00323319 7
6 6.09 -357.495 0.246642 1.00946 14.6183
0 6.1 1.14315 -2.84786 4.83025 0.115317 0.0755244 0.477171 -0.522239 -1.63397 4.63848 -0.215077 -0.0843871 1.08391
1 6.1 1.12226 -2.91322 5.01578 0.109944 0.0671827 0.519973 -0.957121 -1.38712 0.639063 -0.209296 -0.234892 1.71449
4 6.1 1.5 0 1.5 0 0 1.57075 0 0 0 0 0 0
5 6.1 50 0.00710177 14
6 6.1 -223.043 -0.00101417 -0.153342 2.01317
0 6.11 1.14026 -2.86581 4.87563 0.114504 0.0742323 0.48346 -0.500946 -1.63023 4.65789 -0.23348 -0.104136 1.12142
1 6.11 1.12022 -2.93102 5.06194 0.108444 0.0649691 0.527668 -0.938544 -1.38281 0.602166 -0.179804 0.181196 1.65684
4 6.11 1.5 0 1.5 0 0 1.57075 0 0 0 0 0 0
5 6.11 50 0.00877762 15
6 6.11 -226.481 0.0505058 0.349084 1.70938
0 6.12 1.13586 -2.88868 4.93622 0.112185 0.07076 0.49929 -0.47456 -1.62513 4.68429 -0.261279 -0.132661 1.16463
1 6.12 1.11688 -2.95368 5.12359 0.104973 0.0602717 0.545103 -0.90987 -1.38103 0.548951 -0.230914 -0.417681 1.03325
4 6.12 1.5 0 1.5 0 0 1.57075 0 0 0 0 0 0
5 6.12 50 0.00614524 9
6 6.12 -231.284 0.0213364 -0.301771 -0.419381
0 6.14 1.13272 -2.91137 4.99522 0.108992 0.0661271 0.518097 -0.451372 -1.62172 4.71159 -0.298886 -0.181034 1.23272
1 6.14 1.11467 -2.97624 5.18369 0.100231 0.0535651 0.566431 -0.877226 -1.38383 0.51155 1.61343 0.661001 -0.194766
4 6.14 1.5 0 1.5 0 0 1.57075 0 0 0 0 0 0
5 6.14 50 0.00837874 20
6 6.14 -235.124 2.12144 0.996646 -4.55718
0 6.15 1.12913 -2.9333 5.05437 0.105733 0.0615389 0.535407 -0.429001 -1.61745 4.73943 -0.326381 -0.204243 1.26414
1 6.15 1.11197 -2.998 5.24395 0.0957231 0.0480783 0.584922 -0.850937 -1.38133 0.412627 2.15688 1.2644 3.96297
4 6.15 1.5 0 1.5 0 0 1.57075 0 0 0 0 0 0
5 6.15 50 0.00850511 17
6 6.15 -242.795 2.75741 1.71923 8.61609
0 6.16 1.12743 -2.94916 5.09583 0.103837 0.0589839 0.544973 -0.411432 -1.61252 4.75011 -0.330193 -0.211288 1.2902
1 6.16 1.11097 -3.01366 5.28584 0.0936083 0.0452287 0.595515 -0.826102 -1.38001 0.39393 1.91926 1.23534 4.20832
4 6.16 1.5 0 1.5 0 0 1.57075 0 0 0 0 0 0
5 6.16 50 0.00831676 18
6 6.16 -244.521 2.49463 1.69508 9.31619
0 6.17 1.12469 -2.96887 5.14952 0.101436 0.0557365 0.557601 -0.391234 -1.60624 4.75913 -0.319639 -0.205859 1.29435
1 6.17 1.10904 -3.03312 5.33988 0.091478 0.0423018 0.608353 -0.787921 -1.38309 0.450253 0.620888 -0.879379 4.92059
4 6.17 1.5 0 1.5 0 0 1.57075 0 0 0 0 0 0
5 6.17 50 0.00829196 19
6 6.17 -241.499 1.03057 -0.738429 11.5769
0 6.19 1.12176 -2.99872 5.23058 0.0966443 0.0493942 0.583343 -0.367465 -1.60279 4.78808 -0.313001 -0.189488 1.28781
1 6.19 1.10706 -3.06283 5.42211 0.0866227 0.0368794 0.633946 -0.752171 -1.38436 0.334344 0.882396 1.66324 0.466729
4 6.19 1.5 0 1.5 0 0 1.57075 0 0 0 0 0 0
5 6.19 50 0.00772047 16
6 6.19 -250.228 1.31758 2.15911 -2.62123
0 6.2 1.11968 -3.01779 5.28332 0.0940202 0.0460583 0.596755 -0.346099 -1.60459 4.80882 -0.336799 -0.206142 1.30527
1 6.2 1.10583 -3.08198 5.47567 0.0829084 0.0329474 0.648015 -0.709231 -1.39676 0.433529 0.241165 -0.256494 4.08938
4 6.2 1.5 0 1.5 0 0 1.57075 0 0 0 0 0 0
5 6.2 50 0.00588942 11
6 6.2 -245.295 0.624676 -0.0213071 8.88835
0 6.21 1.1182 -3.03907 5.34141 0.0908196 0.0420247 0.612256 -0.321423 -1.60287 4.83214 -0.34599 -0.23267 1.34183
1 6.21 1.10534 -3.10318 5.53469 0.0791922 0.0278884 0.66491 -0.567743 -1.45977 1.60186 0.769045 1.28386 5.22827
4 6.21 1.5 0 1.5 0 0 1.57075 0 0 0 0 0 0
5 6.21 50 0.00678992 15
6 6.21 -174.693 1.22208 1.77845 12.4076
0 6.22 1.11585 -3.0635 5.41075 0.0894484 0.0402747 0.618716 -0.295775 -1.59857 4.86292 -0.350168 -0.244661 1.35082
1 6.22 1.10402 -3.12744 5.60527 0.0775751 0.0257006 0.671701 -0.546805 -1.45145 1.51329 -1.43753 1.62766 -1.9842
4 6.22 1.5 0 1.5 0 0 1.57075 0 0 0 0 0 0
5 6.22 50 0.00482512 9
6 6.22 -182.005 -1.2437 2.18739 -10.6469
0 6.24 1.11485 -3.08574 5.473 0.0827527 0.0318289 0.649339 -0.275279 -1.59521 4.89458 -0.337707 -0.246491 1.36354
1 6.24 1.10384 -3.14955 5.66878 0.0709492 0.0174947 0.702906 -0.597953 -1.39511 0.230447 -2.3568 -0.919403 -5.51771
4 6.24 1.5 0 1.5 0 0 1.57075 0 0 0 0 0 0
5 6.24 50 0.0079937 20
6 6.24 -262.675 -2.28668 -0.733854 -21.9683
0 6.25 1.11338 -3.10705 5.53463 0.0793651 0.0276042 0.665722 -0.257198 -1.59019 4.92883 -0.325177 -0.23782 1.36936
1 6.25 1.10309 -3.17066 5.73178 0.0678448 0.0137787 0.71959 -0.538332 -1.40958 0.568705 4.54698 -3.45387 -1.17187
4 6.25 1.5 0 1.5 0 0 1.57075 0 0 0 0 0 0
5 6.25 50 0.00974917 20
6 6.25 -243.883 5.42485 -3.65292 -8.11279
0 6.26 1.11287 -3.12619 5.58932 0.0765184 0.0240657 0.679242 -0.239788 -1.5827 4.96082 -0.333098 -0.261965 1.35841
1 6.26 1.10328 -3.1895 5.78775 0.0644792 0.00946407 0.732634 -0.430683 -1.45559 1.71519 -0.468346 -0.308259 1.25678
4 6.26 1.5 0 1.5 0 0 1.57075 0 0 0 0 0 0
5 6.26 50 0.00792646 20
6 6.26 -175.324 -0.180441 -0.0155839 -0.324356
0 6.27 1.11183 -3.14549 5.64662 0.0735326 0.0204023 0.692321 -0.224091 -1.57497 4.99556 -0.341653 -0.280842 1.33668
1 6.27 1.10287 -3.20849 5.84644 0.0609377 0.00527088 0.744829 -0.36025 -1.48015 2.43293 -0.466442 -0.407177 1.0624
4 6.27 1.5 0 1.5 0 0 1.57075 0 0 0 0 0 0
5 6.27 50 0.00851345 20
6 6.27 -133.314 -0.170337 -0.107068 -0.875535
0 6.29 1.11149 -3.17173 5.72447 0.0677925 0.0128773 0.715779 -0.206412 -1.5683 5.04633 -0.317437 -0.364606 1.25641
1 6.29 1.10323 -3.23447 5.92632 0.055728 -0.00507783 0.764936 -0.448202 -1.37769 0.199041 -0.314906 1.10685 0.506962
4 6.29 1.5 0 1.5 0 0 1.57075 0 0 0 0 0 0
5 6.29 50 0.00821638 20
6 6.29 -273.513 -0.0346432 1.72131 -2.39248
0 6.3 1.1107 -3.19297 5.7895 0.0653458 0.0085241 0.726725 -0.193169 -1.56175 5.09055 -0.286244 -0.417282 1.23845
1 6.3 1.10298 -3.25544 5.99312 0.0543082 -0.0113664 0.77507 -0.303519 -1.46603 2.48457 -0.372954 -0.642279 0.901546
4 6.3 1.5 0 1.5 0 0 1.57075 0 0 0 0 0 0
5 6.3 50 0.00879335 20
6 6.3 -135.877 -0.139298 -0.228741 -1.07544
0 6.31 1.11095 -3.21076 5.84309 0.0622666 0.00206378 0.741786 -0.178783 -1.5526 5.13539 -0.238519 -0.444057 1.23076
1 6.31 1.1038 -3.27286 6.04851 0.052825 -0.0187275 0.789816 -0.379419 -1.34769 0.145859 -1.19224 -0.162998 -3.11323
4 6.31 1.5 0 1.5 0 0 1.57075 0 0 0 0 0 0
5 6.31 50 0.00384498 9
6 6.31 -282.121 -1.11184 0.346815 -13.8681
0 6.32 1.11076 -3.22528 5.88846 0.0603236 -0.00309111 0.754477 -0.16773 -1.54534 5.17367 -0.165622 -0.403895 1.23009
1 6.32 1.10406 -3.28709 6.0954 0.0535499 -0.0221839 0.802617 -0.344261 -1.33717 0.268041 1.40069 -1.89817 13.7791
4 6.32 1.5 0 1.5 0 0 1.57075 0 0 0 0 0 0
5 6.32 50 0.00801206 15
6 6.32 -276.94 1.71191 -1.69751 40.0629
