3 0.53 -10 0 0 0 0 0 0 0 0 0 0 0 0
0 0.53 0.0877003 -0.327909 1.21424 -0.05371 0.130007 1.48298 0.0150205 0.0342161 0.55308 -0.0483859 0.0941527 0.00428194
1 0.53 0.0883011 -0.32654 1.23636 -0.0556495 0.133776 1.48295 -0.00100941 0.0850807 0.537467 0.51023 -0.28878 0.0733875
4 0.53 1.5 0 1.5 0 0 1.57075 0 0 0 0 0 0
5 0.53 50 0.000676394 1
6 0.53 23.3083 0.625073 -0.43933 0.220614
0 0.55 0.0879705 -0.328978 1.21845 -0.0545176 0.131512 1.48297 0.0132978 0.0432639 0.538301 -0.0457432 0.0843319 -0.000407542
1 0.55 0.0885024 -0.327248 1.23999 -0.0563738 0.13488 1.48277 -0.00301997 0.0948206 0.523345 0.511551 -0.298204 0.0702064
4 0.55 1.5 0 1.5 0 0 1.57075 0 0 0 0 0 0
5 0.55 50 0.000926018 1
6 0.55 23.3545 0.623558 -0.438894 0.225431
0 0.56 0.0882187 -0.329611 1.22359 -0.054874 0.132216 1.48295 0.0114108 0.0536667 0.524793 -0.0288366 0.0673743 -0.00187161
1 0.56 0.0886751 -0.327464 1.24458 -0.0560571 0.134902 1.48272 -0.00504519 0.105585 0.510422 0.513274 -0.306067 0.069022
4 0.56 1.5 0 1.5 0 0 1.57075 0 0 0 0 0 0
5 0.56 50 0.000793457 1
6 0.56 23.3934 0.606561 -0.428462 0.226326
0 0.57 0.0884842 -0.330574 1.22916 -0.0546153 0.132411 1.48295 0.00931044 0.0662897 0.516406 0.0508754 -0.000216733 0.00613794
1 0.57 0.0888566 -0.327922 1.24982 -0.0525476 0.132416 1.4832 -0.00705246 0.118311 0.502302 0.518946 -0.314795 0.0737967
4 0.57 1.5 0 1.5 0 0 1.57075 0 0 0 0 0 0
5 0.57 50 0.000935316 1
6 0.57 23.4101 0.523727 -0.360948 0.216
0 0.58 0.0886585 -0.330808 1.23431 -0.0523729 0.13101 1.48318 0.00749846 0.0774302 0.514824 0.273564 -0.191813 0.0247635
1 0.58 0.0889584 -0.327711 1.2549 -0.041247 0.1234 1.48459 -0.00807821 0.128878 0.501035 0.531727 -0.321892 0.0856067
4 0.58 1.5 0 1.5 0 0 1.57075 0 0 0 0 0 0
5 0.58 50 0.000854731 1
6 0.58 23.4225 0.288472 -0.149805 0.194182
0 0.6 0.0888404 -0.33157 1.23935 -0.0441122 0.12507 1.48419 0.00630077 0.0886098 0.516873 0.544631 -0.398232 0.0506329
1 0.6 0.0890924 -0.328025 1.26003 -0.0219843 0.109245 1.48693 -0.00640726 0.137663 0.50443 0.53743 -0.314968 0.101706
4 0.6 1.5 0 1.5 0 0 1.57075 0 0 0 0 0 0
5 0.6 50 0.000695944 1
6 0.6 23.4784 -0.00970725 0.093243 0.162803
0 0.61 0.0889614 -0.331728 1.24393 -0.0359052 0.119145 1.48517 0.00503883 0.098611 0.520804 0.700186 -0.515775 0.0761305
1 0.61 0.0891629 -0.327784 1.26476 -0.00744479 0.0986364 1.48898 -0.00479237 0.145228 0.509367 0.535231 -0.304858 0.116905
4 0.61 1.5 0 1.5 0 0 1.57075 0 0 0 0 0 0
5 0.61 50 0.000693321 1
6 0.61 23.5157 -0.187782 0.237568 0.129761
0 0.62 0.0891149 -0.332188 1.24948 -0.0283129 0.113636 1.48618 0.00353437 0.112187 0.528194 0.763257 -0.561686 0.0881069
1 0.62 0.0892563 -0.327701 1.27061 0.00269201 0.0912773 1.49036 -0.00361533 0.156453 0.516976 0.528048 -0.295023 0.12342
4 0.62 1.5 0 1.5 0 0 1.57075 0 0 0 0 0 0
5 0.62 50 0.000671864 1
6 0.62 23.5084 -0.267226 0.30037 0.112249
0 0.63 0.0891962 -0.332077 1.25372 -0.0204963 0.107952 1.4873 0.00271972 0.121905 0.534259 0.766994 -0.565706 0.106601
1 0.63 0.089305 -0.327201 1.27509 0.0106957 0.0854158 1.49206 -0.00167119 0.163763 0.523368 0.515787 -0.281763 0.13362
4 0.63 1.5 0 1.5 0 0 1.57075 0 0 0 0 0 0
5 0.63 50 0.000653505 1
6 0.63 23.5092 -0.286011 0.318992 0.0857647
0 0.64 0.0893388 -0.332336 1.25941 -0.0128345 0.102391 1.48849 0.00201798 0.133392 0.54302 0.756239 -0.556616 0.113614
1 0.64 0.0894195 -0.327 1.28113 0.0179113 0.0801868 1.49335 0.000335556 0.172844 0.531938 0.503003 -0.269401 0.136746
4 0.64 1.5 0 1.5 0 0 1.57075 0 0 0 0 0 0
5 0.64 50 0.00069046 1
6 0.64 23.4806 -0.28852 0.322402 0.0733702
0 0.66 0.0894444 -0.331924 1.26555 -0.000105782 0.0933484 1.49077 0.00182929 0.144945 0.55236 0.677057 -0.479723 0.130749
1 0.66 0.0895175 -0.326126 1.28764 0.0274663 0.07416 1.49603 0.00464395 0.18055 0.541459 0.476269 -0.24426 0.145037
4 0.66 1.5 0 1.5 0 0 1.57075 0 0 0 0 0 0
5 0.66 50 0.000662804 1
6 0.66 23.469 -0.229795 0.262809 0.0452477
0 0.67 0.0895727 -0.332026 1.27043 0.00619584 0.0891404 1.49218 0.00213069 0.154362 0.552087 0.595016 -0.389673 0.140827
1 0.67 0.0896579 -0.325851 1.29252 0.0304913 0.0735189 1.49774 0.00717643 0.188181 0.541342 0.45955 -0.233028 0.149663
4 0.67 1.5 0 1.5 0 0 1.57075 0 0 0 0 0 0
5 0.67 50 0.000689268 1
6 0.67 23.4701 -0.156062 0.172771 0.0279478
0 0.68 0.0896809 -0.331452 1.27592 0.0118191 0.0856057 1.49355 0.00323794 0.163889 0.555148 0.544164 -0.341039 0.143942
1 0.68 0.0898104 -0.324896 1.29813 0.0340659 0.071897 1.49917 0.0102743 0.196171 0.544129 0.446215 -0.225331 0.150161
4 0.68 1.5 0 1.5 0 0 1.57075 0 0 0 0 0 0
5 0.68 50 0.00072813 1
6 0.68 23.4471 -0.113611 0.126258 0.0196456
0 0.7 0.0898565 -0.331306 1.28171 0.0215343 0.0799271 1.4965 0.00524837 0.172323 0.560223 0.432906 -0.245511 0.156123
1 0.7 0.0900664 -0.324413 1.30412 0.0393337 0.0699744 1.50255 0.0157268 0.202156 0.548959 0.421067 -0.209012 0.154965
4 0.7 1.5 0 1.5 0 0 1.57075 0 0 0 0 0 0
5 0.7 50 0.000688314 1
6 0.7 23.4248 -0.016383 0.0362709 -0.0038192
0 0.71 0.0900285 -0.330504 1.28792 0.0257009 0.0776703 1.49799 0.00812234 0.180394 0.566913 0.390039 -0.207236 0.154655
1 0.71 0.0903534 -0.323288 1.31059 0.0417671 0.0692246 1.50398 0.0200526 0.209194 0.554733 0.410495 -0.205105 0.152682
4 0.71 1.5 0 1.5 0 0 1.57075 0 0 0 0 0 0
5 0.71 50 0.000802994 1
6 0.71 23.3666 0.0202663 -0.00255753 -0.0063899
0 0.72 0.0902095 -0.330403 1.29228 0.0296527 0.0755938 1.49947 0.0110886 0.186014 0.572282 0.367464 -0.18998 0.153521
1 0.72 0.0906531 -0.322963 1.31518 0.044799 0.0678158 1.5054 0.0244007 0.213887 0.559486 0.40138 -0.200995 0.150728
4 0.72 1.5 0 1.5 0 0 1.57075 0 0 0 0 0 0
5 0.72 50 0.000693798 1
6 0.72 23.3276 0.0355637 -0.0173173 -0.00899666
0 0.73 0.0904371 -0.329679 1.29783 0.0341449 0.0732691 1.50127 0.0153989 0.192199 0.579129 0.360921 -0.186298 0.15566
1 0.73 0.0910531 -0.321991 1.321 0.0490198 0.065609 1.50726 0.030273 0.219035 0.56553 0.392079 -0.197049 0.150458
4 0.73 1.5 0 1.5 0 0 1.57075 0 0 0 0 0 0
5 0.73 50 0.000661373 1
6 0.73 23.2775 0.0324905 -0.0169946 -0.0166849
0 0.74 0.0907123 -0.329363 1.30291 0.0379489 0.0712467 1.50276 0.0202898 0.197316 0.585832 0.369324 -0.196578 0.149672
1 0.74 0.0915239 -0.321471 1.32634 0.0531275 0.0631621 1.50846 0.036479 0.223253 0.571443 0.384747 -0.193926 0.145603
4 0.74 1.5 0 1.5 0 0 1.57075 0 0 0 0 0 0
5 0.74 50 0.0010159 1
6 0.74 23.2288 0.014849 -0.00154255 -0.0130742
0 0.75 0.091055 -0.328395 1.30893 0.0406609 0.0697787 1.50378 0.0261217 0.202674 0.593158 0.372973 -0.200119 0.150831
1 0.75 0.0920999 -0.320288 1.33266 0.0559784 0.0615353 1.50949 0.0432252 0.227932 0.577721 0.378731 -0.192427 0.145305
4 0.75 1.5 0 1.5 0 0 1.57075 0 0 0 0 0 0
5 0.75 50 0.000883818 1
6 0.75 23.1644 0.00397378 0.00415947 -0.0177262
0 0.76 0.0915856 -0.32771 1.316 0.0455488 0.0671154 1.50552 0.0326499 0.207315 0.600856 0.390758 -0.213983 0.149946
1 0.76 0.0928916 -0.319417 1.34004 0.0615557 0.0582919 1.51113 0.0514376 0.231412 0.584429 0.369513 -0.18736 0.143279
4 0.76 1.5 0 1.5 0 0 1.57075 0 0 0 0 0 0
5 0.76 50 0.000683069 1
6 0.76 23.1043 -0.0263969 0.0256845 -0.0213772
0 0.78 0.0921692 -0.326401 1.32345 0.0538861 0.0622468 1.50825 0.0399474 0.211909 0.608768 0.408879 -0.243866 0.146927
1 0.78 0.0937671 -0.317924 1.3478 0.0705743 0.0521897 1.5136 0.0612676 0.233596 0.585018 0.386687 -0.16126 0.146772
4 0.78 1.5 0 1.5 0 0 1.57075 0 0 0 0 0 0
5 0.78 50 0.0015924 3
6 0.78 22.6565 -0.0277618 0.0897923 -0.000609517
0 0.79 0.0927582 -0.325836 1.32941 0.0568851 0.0603918 1.50918 0.0475738 0.215475 0.615155 0.411862 -0.253324 0.140438
1 0.79 0.0946612 -0.317217 1.35402 0.0736639 0.0499558 1.51422 0.0698559 0.236351 0.590049 0.380912 -0.157716 0.142316
4 0.79 1.5 0 1.5 0 0 1.57075 0 0 0 0 0 0
5 0.79 50 0.00099206 2
6 0.79 22.5744 -0.0375402 0.104896 0.00587439
0 0.8 0.0936038 -0.324261 1.33746 0.0621319 0.0570069 1.51068 0.0578463 0.220571 0.624085 0.410611 -0.262865 0.131374
1 0.8 0.0959177 -0.315438 1.36242 0.0788184 0.0461863 1.51528 0.0818728 0.240055 0.597779 0.366755 -0.152129 0.135034
4 0.8 1.5 0 1.5 0 0 1.57075 0 0 0 0 0 0
5 0.8 50 0.000984669 2
6 0.8 22.5032 -0.0518957 0.122575 0.011564
0 0.82 0.0944573 -0.323618 1.3439 0.0682085 0.0529585 1.51234 0.0672243 0.223942 0.631431 0.402621 -0.256564 0.129396
1 0.82 0.0971463 -0.31466 1.36916 0.08455 0.0423671 1.51681 0.0932941 0.241806 0.604203 0.350462 -0.142593 0.132068
4 0.82 1.5 0 1.5 0 0 1.57075 0 0 0 0 0 0
5 0.82 50 0.00101113 2
6 0.82 22.4503 -0.0610769 0.12644 0.0084124
0 0.83 0.0954182 -0.322326 1.35089 0.0732413 0.049818 1.51372 0.0771321 0.227163 0.639181 0.390821 -0.229481 0.125642
1 0.83 0.0985035 -0.31324 1.37646 0.0890905 0.0402956 1.51807 0.104847 0.243747 0.610547 0.337315 -0.134036 0.128632
4 0.83 1.5 0 1.5 0 0 1.57075 0 0 0 0 0 0
5 0.83 50 0.00109148 2
6 0.83 22.3683 -0.0622277 0.105434 0.00944298
0 0.84 0.0963851 -0.321713 1.35688 0.0770699 0.0475486 1.51479 0.0877527 0.229656 0.64592 0.380012 -0.218665 0.123016
1 0.84 0.0998952 -0.312527 1.38271 0.0924718 0.0384491 1.51902 0.116718 0.24532 0.616259 0.324532 -0.128829 0.125873
4 0.84 1.5 0 1.5 0 0 1.57075 0 0 0 0 0 0
5 0.84 50 0.00114059 2
6 0.84 22.3091 -0.0642771 0.0991937 0.0090272
0 0.85 0.0975002 -0.320441 1.3635 0.0817298 0.0448765 1.51609 0.0987227 0.232041 0.653235 0.365068 -0.191522 0.118136
1 0.85 0.101449 -0.311159 1.38963 0.096516 0.0368554 1.52018 0.129205 0.246628 0.622307 0.310235 -0.121557 0.121637
4 0.85 1.5 0 1.5 0 0 1.57075 0 0 0 0 0 0
5 0.85 50 0.000977039 2
6 0.85 22.2367 -0.0632042 0.0766958 0.0110968
0 0.87 0.0990214 -0.31963 1.37117 0.0880058 0.0415829 1.51781 0.110593 0.228266 0.661267 0.349267 -0.166037 0.113185
1 0.87 0.103445 -0.310499 1.39762 0.10214 0.0345692 1.52174 0.143151 0.241547 0.629071 0.291235 -0.109534 0.117013
4 0.87 1.5 0 1.5 0 0 1.57075 0 0 0 0 0 0
5 0.87 50 0.00137496 2
6 0.87 22.1674 -0.0664693 0.0615493 0.0121546
0 0.88 0.100382 -0.318528 1.37789 0.0923942 0.0394077 1.51906 0.120767 0.226295 0.668569 0.331921 -0.146984 0.109556
1 0.88 0.105212 -0.309476 1.40463 0.105822 0.0331491 1.52289 0.154744 0.238709 0.635165 0.276756 -0.101996 0.113602
4 0.88 1.5 0 1.5 0 0 1.57075 0 0 0 0 0 0
5 0.88 50 0.00147533 2
6 0.88 22.0999 -0.0630423 0.0485999 0.0128617
0 0.89 0.101884 -0.317814 1.3845 0.0949069 0.038178 1.51983 0.132357 0.224558 0.676031 0.318729 -0.143699 0.106785
1 0.89 0.107178 -0.308831 1.41155 0.107798 0.0320511 1.52354 0.167086 0.236468 0.641355 0.265748 -0.0979322 0.11117
4 0.89 1.5 0 1.5 0 0 1.57075 0 0 0 0 0 0
5 0.89 50 0.00101805 2
6 0.89 22.0257 -0.0605359 0.0496863 0.0139474
0 0.9 0.10362 -0.316498 1.39198 0.0987513 0.0362379 1.52103 0.144795 0.223366 0.684124 0.306577 -0.143344 0.10356
1 0.9 0.109412 -0.307564 1.41935 0.111143 0.0301237 1.52459 0.180719 0.234511 0.648042 0.251635 -0.0926605 0.108011
4 0.9 1.5 0 1.5 0 0 1.57075 0 0 0 0 0 0
5 0.9 50 0.00108266 2
6 0.9 21.9457 -0.0626892 0.0555173 0.014158
0 0.91 0.105821 -0.315529 1.40025 0.101712 0.0346906 1.52192 0.157378 0.222137 0.692942 0.298457 -0.145847 0.103339
1 0.91 0.112116 -0.306643 1.42796 0.113773 0.0284671 1.52544 0.194167 0.232664 0.655312 0.239496 -0.0884048 0.107008
4 0.91 1.5 0 1.5 0 0 1.57075 0 0 0 0 0 0
5 0.91 50 0.00115061 2
6 0.91 21.8557 -0.0672048 0.063347 0.0116654
0 0.93 0.108075 -0.31407 1.40865 0.106656 0.0319813 1.52341 0.170142 0.221617 0.702194 0.271633 -0.140201 0.0997443
1 0.93 0.114881 -0.305205 1.43674 0.117629 0.0259804 1.52678 0.20846 0.231109 0.662912 0.221791 -0.081171 0.103268
4 0.93 1.5 0 1.5 0 0 1.57075 0 0 0 0 0 0
5 0.93 50 0.00099349 2
6 0.93 21.7632 -0.0569121 0.0654792 0.0112051
0 0.94 0.109758 -0.313546 1.41425 0.10996 0.0301149 1.52443 0.180303 0.220469 0.708892 0.254859 -0.133534 0.100413
1 0.94 0.116971 -0.304727 1.4426 0.120257 0.024365 1.52784 0.219625 0.229258 0.668428 0.209188 -0.0754077 0.102686
4 0.94 1.5 0 1.5 0 0 1.57075 0 0 0 0 0 0
5 0.94 50 0.00111866 2
6 0.94 21.6969 -0.0521985 0.0645666 0.00721643
0 0.95 0.111571 -0.312622 1.42028 0.111795 0.0290238 1.52506 0.191044 0.219689 0.716108 0.241057 -0.132283 0.100143
1 0.95 0.119213 -0.303834 1.44893 0.121536 0.0233186 1.52846 0.230852 0.228058 0.674378 0.199616 -0.0724282 0.101883
4 0.95 1.5 0 1.5 0 0 1.57075 0 0 0 0 0 0
5 0.95 50 0.000998974 2
6 0.95 21.6226 -0.0474523 0.0666705 0.00552116
0 0.96 0.114017 -0.311795 1.42767 0.114054 0.0276318 1.52588 0.204692 0.218115 0.724886 0.223155 -0.127419 0.0971967
1 0.96 0.122205 -0.303071 1.45667 0.123071 0.0221257 1.52917 0.245091 0.225958 0.681595 0.187416 -0.0680258 0.0992447
4 0.96 1.5 0 1.5 0 0 1.57075 0 0 0 0 0 0
5 0.96 50 0.00105238 2
6 0.96 21.531 -0.0410015 0.0663446 0.00650587
0 0.97 0.116109 -0.310775 1.43401 0.116734 0.0259572 1.5269 0.216033 0.216957 0.732129 0.203981 -0.119304 0.0910719
1 0.97 0.12475 -0.302097 1.46329 0.124972 0.0207932 1.52997 0.257186 0.224187 0.687501 0.175243 -0.0630262 0.0944126
4 0.97 1.5 0 1.5 0 0 1.57075 0 0 0 0 0 0
5 0.97 50 0.00111008 2
6 0.97 21.4542 -0.0330444 0.0630281 0.0106377
0 0.98 0.118759 -0.310003 1.44128 0.11818 0.0250157 1.52747 0.230599 0.214991 0.740589 0.195699 -0.116722 0.088374
1 0.98 0.127983 -0.301404 1.4709 0.126082 0.0199626 1.53043 0.272059 0.221865 0.694434 0.164761 -0.0597385 0.0921883
4 0.98 1.5 0 1.5 0 0 1.57075 0 0 0 0 0 0
5 0.98 50 0.0011425 2
6 0.98 21.3631 -0.0354602 0.0639435 0.0121511
0 0.99 0.121062 -0.309015 1.44763 0.120127 0.0237266 1.52821 0.242508 0.213509 0.747739 0.185508 -0.112371 0.0845529
1 0.99 0.130762 -0.300474 1.47754 0.127614 0.0188588 1.53103 0.284465 0.219914 0.700256 0.154307 -0.0557615 0.0890618
4 0.99 1.5 0 1.5 0 0 1.57075 0 0 0 0 0 0
5 0.99 50 0.00120091 2
6 0.99 21.2855 -0.0356881 0.0636488 0.0143711
0 1 0.123892 -0.308307 1.45477 0.122324 0.02229 1.52911 0.256796 0.211631 0.756699 0.175375 -0.103338 0.0908422
1 1 0.134164 -0.299842 1.48504 0.129408 0.0177439 1.53221 0.299296 0.217519 0.707623 0.142122 -0.0507147 0.092148
4 1 1.5 0 1.5 0 0 1.57075 0 0 0 0 0 0
5 1 50 0.00106907 2
6 1 21.1922 -0.0379752 0.0590549 0.00414807
0 1.02 0.126354 -0.307377 1.46105 0.125215 0.0202926 1.53043 0.268588 0.210092 0.764286 0.158152 -0.103121 0.085142
1 1.02 0.137098 -0.298973 1.49162 0.131599 0.0157747 1.53329 0.311879 0.215288 0.713794 0.129134 -0.0451195 0.0872955
4 1.02 1.5 0 1.5 0 0 1.57075 0 0 0 0 0 0
5 1.02 50 0.00108838 2
6 1.02 21.1115 -0.033187 0.0654292 0.00685644
0 1.03 0.130332 -0.306487 1.47023 0.127178 0.0189061 1.53123 0.283954 0.208121 0.774597 0.154901 -0.0968153 0.0801483
1 1.03 0.141691 -0.298163 1.50122 0.133425 0.0146581 1.53392 0.327659 0.212825 0.722213 0.117101 -0.0404979 0.0833803
4 1.03 1.5 0 1.5 0 0 1.57075 0 0 0 0 0 0
5 1.03 50 0.0013206 2
6 1.03 20.9993 -0.0429294 0.0635844 0.0103013
0 1.04 0.133563 -0.305456 1.4778 0.12832 0.0181242 1.53172 0.296437 0.206668 0.782806 0.150568 -0.091804 0.0812523
1 1.04 0.14542 -0.297189 1.50911 0.134393 0.0140663 1.53448 0.340325 0.211092 0.728897 0.108102 -0.0378084 0.0835996
4 1.04 1.5 0 1.5 0 0 1.57075 0 0 0 0 0 0
5 1.04 50 0.00114441 2
6 1.04 20.9079 -0.0481256 0.0609356 0.00747797
0 1.05 0.136883 -0.304888 1.48494 0.129432 0.0173641 1.53221 0.309473 0.204659 0.791196 0.145466 -0.0895823 0.0795904
1 1.05 0.149262 -0.296701 1.51658 0.135297 0.0133999 1.5349 0.353533 0.208814 0.735767 0.0987297 -0.0348894 0.0821087
4 1.05 1.5 0 1.5 0 0 1.57075 0 0 0 0 0 0
5 1.05 50 0.00111175 2
6 1.05 20.8167 -0.0528764 0.0617901 0.00802502
0 1.06 0.140757 -0.30378 1.49344 0.130818 0.0163781 1.53289 0.324497 0.20277 0.800988 0.134136 -0.0882105 0.0769454
1 1.06 0.153737 -0.295669 1.52548 0.136226 0.0124783 1.53548 0.368778 0.206585 0.743758 0.0872832 -0.0317442 0.0797965
4 1.06 1.5 0 1.5 0 0 1.57075 0 0 0 0 0 0
5 1.06 50 0.00145555 2
6 1.06 20.7088 -0.0529796 0.063929 0.00908878
0 1.07 0.143967 -0.303391 1.49988 0.132586 0.0148952 1.53394 0.336082 0.195934 0.804429 0.110431 -0.0782327 0.0723914
1 1.07 0.15741 -0.295554 1.53206 0.13704 0.0114105 1.5364 0.380797 0.199266 0.746118 0.0754012 -0.0237646 0.0760761
4 1.07 1.5 0 1.5 0 0 1.57075 0 0 0 0 0 0
5 1.07 50 0.0011611 2
6 1.07 20.6464 -0.0396581 0.0618295 0.0117534
0 1.08 0.148137 -0.302443 1.50845 0.133344 0.014208 1.53441 0.350771 0.189267 0.810382 0.101477 -0.0705296 0.070143
1 1.08 0.162168 -0.294873 1.54086 0.137438 0.0110388 1.53682 0.395538 0.192367 0.750622 0.0650299 -0.0182552 0.0743366
4 1.08 1.5 0 1.5 0 0 1.57075 0 0 0 0 0 0
5 1.08 50 0.00171041 2
6 1.08 20.5588 -0.0411853 0.0593853 0.0133799
0 1.1 0.153069 -0.301713 1.51795 0.13538 0.0123107 1.53588 0.368673 0.182387 0.81903 0.0794309 -0.0673897 0.0688082
1 1.1 0.167815 -0.294417 1.55071 0.138587 0.00926835 1.53824 0.413844 0.184883 0.75738 0.0493295 -0.00970477 0.0722096
4 1.1 1.5 0 1.5 0 0 1.57075 0 0 0 0 0 0
5 1.1 50 0.00131774 2
6 1.1 20.447 -0.03406 0.0657299 0.0108529
0 1.11 0.156491 -0.300955 1.52465 0.136085 0.0114811 1.53642 0.380628 0.178707 0.825545 0.0674711 -0.0679627 0.0621137
1 1.11 0.171716 -0.293806 1.55767 0.138808 0.00845067 1.53851 0.425843 0.180936 0.762572 0.0404093 -0.00593041 0.0675302
4 1.11 1.5 0 1.5 0 0 1.57075 0 0 0 0 0 0
5 1.11 50 0.00152683 2
6 1.11 20.367 -0.0306249 0.0708234 0.0172872
0 1.12 0.16111 -0.300514 1.5329 0.136537 0.0109099 1.53679 0.394028 0.174851 0.833538 0.0604177 -0.064484 0.0628465
1 1.12 0.176872 -0.29352 1.56624 0.138977 0.00801233 1.53893 0.43917 0.176894 0.768986 0.0313053 -0.00225183 0.0676776
4 1.12 1.5 0 1.5 0 0 1.57075 0 0 0 0 0 0
5 1.12 50 0.00126839 2
6 1.12 20.2705 -0.0329057 0.0710854 0.015419
0 1.13 0.166334 -0.299629 1.54247 0.137115 0.0102066 1.53741 0.409111 0.171416 0.843633 0.0530384 -0.057212 0.0652373
1 1.13 0.182699 -0.292772 1.57622 0.13926 0.00758292 1.53968 0.454174 0.173239 0.777182 0.0209831 0.00157146 0.0686421
4 1.13 1.5 0 1.5 0 0 1.57075 0 0 0 0 0 0
5 1.13 50 0.00178719 2
6 1.13 20.1546 -0.0361722 0.0671566 0.0108664
0 1.14 0.171689 -0.299135 1.55169 0.137683 0.00938167 1.53818 0.424754 0.167855 0.85375 0.0360844 -0.0517883 0.0648858
1 1.14 0.188679 -0.292421 1.58584 0.139148 0.00697352 1.54047 0.469732 0.169429 0.7854 0.00957454 0.0057818 0.0677489
4 1.14 1.5 0 1.5 0 0 1.57075 0 0 0 0 0 0
5 1.14 50 0.00151181 2
6 1.14 20.0386 -0.029937 0.0658573 0.00913839
0 1.15 0.177256 -0.298213 1.56154 0.137976 0.00874097 1.53873 0.440196 0.1649 0.864636 0.0272282 -0.0536817 0.061796
1 1.15 0.194864 -0.291617 1.59613 0.139084 0.00627413 1.54088 0.484986 0.16628 0.794303 -0.000653923 0.00857098 0.0653097
4 1.15 1.5 0 1.5 0 0 1.57075 0 0 0 0 0 0
5 1.15 50 0.00159407 2
6 1.15 19.9166 -0.0314689 0.0712843 0.011216
0 1.17 0.18342 -0.297707 1.57175 0.138336 0.00756247 1.53985 0.458199 0.160759 0.876781 0.011129 -0.0418993 0.063682
1 1.17 0.201748 -0.291277 1.60682 0.138798 0.00555126 1.54214 0.50279 0.161799 0.80427 -0.0130938 0.0144198 0.0655084
4 1.17 1.5 0 1.5 0 0 1.57075 0 0 0 0 0 0
5 1.17 50 0.00111914 2
6 1.17 19.7827 -0.0273214 0.0645573 0.00583028
0 1.18 0.188867 -0.296877 1.58103 0.138368 0.00713727 1.54059 0.473404 0.157784 0.887781 -0.00186206 -0.0232047 0.0684499
1 1.18 0.207803 -0.290565 1.61654 0.138312 0.00584031 1.54317 0.517731 0.158715 0.813333 -0.0230954 0.0179753 0.0679062
4 1.18 1.5 0 1.5 0 0 1.57075 0 0 0 0 0 0
5 1.18 50 0.00159216 2
6 1.18 19.663 -0.0238881 0.0472572 -0.00173576
0 1.19 0.193872 -0.296729 1.5888 0.138297 0.00693781 1.54104 0.486327 0.154941 0.896967 -0.0153799 -0.0179172 0.064895
1 1.19 0.213325 -0.290531 1.62467 0.137699 0.00587012 1.54351 0.530402 0.155825 0.820896 -0.0318089 0.0202986 0.0653308
4 1.19 1.5 0 1.5 0 0 1.57075 0 0 0 0 0 0
5 1.19 50 0.00106311 2
6 1.19 19.5624 -0.0184776 0.0439286 0.00139152
0 1.2 0.200232 -0.296088 1.59903 0.138079 0.00657786 1.54181 0.502248 0.151757 0.909113 -0.0208451 -0.0162825 0.0610674
1 1.2 0.220322 -0.290017 1.63539 0.13726 0.00559654 1.54414 0.545957 0.152557 0.830944 -0.0415488 0.0227829 0.0623009
4 1.2 1.5 0 1.5 0 0 1.57075 0 0 0 0 0 0
5 1.2 50 0.00115013 2
6 1.2 19.432 -0.0232469 0.0449263 0.00393827
0 1.21 0.205092 -0.295985 1.60637 0.137806 0.00633686 1.54242 0.514744 0.148747 0.918389 -0.0291566 -0.0120903 0.0616758
1 1.21 0.225682 -0.290035 1.64311 0.136654 0.00551894 1.5448 0.558145 0.149498 0.838651 -0.049332 0.0253077 0.0621978
4 1.21 1.5 0 1.5 0 0 1.57075 0 0 0 0 0 0
5 1.21 50 0.0015595 2
6 1.21 19.3342 -0.0226354 0.0430567 0.00166699
0 1.23 0.211071 -0.295435 1.61577 0.137072 0.0058811 1.54372 0.529449 0.145812 0.929817 -0.0469537 -0.0130652 0.0606204
1 1.23 0.232249 -0.289603 1.65296 0.135207 0.00503206 1.54605 0.572345 0.146478 0.848149 -0.0582579 0.0277132 0.0604588
4 1.23 1.5 0 1.5 0 0 1.57075 0 0 0 0 0 0
5 1.23 50 0.00147867 2
6 1.23 19.2128 -0.0127132 0.047022 -0.000515265
0 1.24 0.217986 -0.295288 1.62595 0.136494 0.00564414 1.54431 0.54339 0.143124 0.941275 -0.0644652 -0.0140422 0.0663268
1 1.24 0.239721 -0.289563 1.6636 0.13393 0.00472667 1.54686 0.585826 0.143743 0.857608 -0.0675482 0.0298221 0.0635405
4 1.24 1.5 0 1.5 0 0 1.57075 0 0 0 0 0 0
5 1.24 50 0.00156713 2
6 1.24 19.0877 -0.00352574 0.0506811 -0.00889426
0 1.25 0.224542 -0.294844 1.63588 0.135986 0.00542643 1.54472 0.556822 0.140885 0.952473 -0.0668197 -0.0170508 0.0598749
1 1.25 0.246814 -0.289208 1.67398 0.133326 0.00442601 1.547 0.598831 0.141455 0.866875 -0.0756241 0.0312853 0.0591394
4 1.25 1.5 0 1.5 0 0 1.57075 0 0 0 0 0 0
5 1.25 50 0.00126934 2
6 1.25 18.967 -0.00993485 0.055789 -0.00234651
0 1.26 0.231898 -0.294715 1.64653 0.13515 0.00514944 1.54543 0.57173 0.137966 0.965002 -0.0722176 -0.0109318 0.0628591
1 1.26 0.254767 -0.289196 1.68513 0.132274 0.00437738 1.54787 0.61319 0.138484 0.877297 -0.0843446 0.0340574 0.0604218
4 1.26 1.5 0 1.5 0 0 1.57075 0 0 0 0 0 0
5 1.26 50 0.00103498 2
6 1.26 18.8346 -0.0136252 0.0519937 -0.00778014
0 1.27 0.23812 -0.294403 1.65578 0.134427 0.00491712 1.54607 0.582392 0.131939 0.972265 -0.0737055 -0.00850928 0.0651818
1 1.27 0.261416 -0.289126 1.69468 0.131491 0.00423039 1.54861 0.623425 0.132415 0.88308 -0.0906635 0.0382706 0.0614002
4 1.27 1.5 0 1.5 0 0 1.57075 0 0 0 0 0 0
5 1.27 50 0.00106668 2
6 1.27 18.7412 -0.0190198 0.0540701 -0.0120722
0 1.28 0.245753 -0.294359 1.66663 0.133827 0.00475151 1.54658 0.595697 0.125959 0.982125 -0.0804138 -0.00281769 0.0652453
1 1.28 0.26958 -0.28932 1.70591 0.130623 0.00429159 1.54915 0.636289 0.126408 0.891053 -0.0995563 0.0426448 0.0610574
4 1.28 1.5 0 1.5 0 0 1.57075 0 0 0 0 0 0
5 1.28 50 0.00170064 2
6 1.28 18.6231 -0.0214338 0.0525953 -0.0133696
0 1.29 0.253487 -0.293941 1.67801 0.132705 0.00454106 1.54734 0.609099 0.120971 0.993581 -0.0917445 0.000253058 0.061957
1 1.29 0.277851 -0.289102 1.71775 0.129047 0.00422318 1.5498 0.649073 0.121393 0.900478 -0.107728 0.0461765 0.0583868
4 1.29 1.5 0 1.5 0 0 1.57075 0 0 0 0 0 0
5 1.29 50 0.00108695 2
6 1.29 18.4947 -0.0178827 0.0531605 -0.0113977
0 1.3 0.259185 -0.294052 1.68585 0.131772 0.00445219 1.54793 0.619356 0.117171 1.0022 -0.093294 0.00517675 0.0601925
1 1.3 0.28396 -0.289365 1.72594 0.128051 0.00434111 1.55034 0.658852 0.117595 0.907635 -0.113343 0.0490375 0.0568231
4 1.3 1.5 0 1.5 0 0 1.57075 0 0 0 0 0 0
5 1.3 50 0.00106192 2
6 1.3 18.4022 -0.0224072 0.0507882 -0.0107574
0 1.32 0.266465 -0.29379 1.69632 0.1297 0.00434826 1.54915 0.632127 0.113168 1.01378 -0.115629 0.0100469 0.0582346
1 1.32 0.29175 -0.289264 1.73687 0.125085 0.00444549 1.55151 0.670746 0.113619 0.917318 -0.119887 0.0518173 0.0546235
4 1.32 1.5 0 1.5 0 0 1.57075 0 0 0 0 0 0
5 1.32 50 0.00105429 2
6 1.32 18.28 -0.00471582 0.0484827 -0.0115298
0 1.33 0.277565 -0.293839 1.71162 0.128778 0.00439088 1.5496 0.648993 0.108859 1.02999 -0.123672 0.0187327 0.0577581
1 1.33 0.303524 -0.289485 1.75282 0.123841 0.00483729 1.55198 0.68697 0.109342 0.930713 -0.131667 0.0550813 0.0539504
4 1.33 1.5 0 1.5 0 0 1.57075 0 0 0 0 0 0
5 1.33 50 0.000997543 2
6 1.33 18.104 -0.00885736 0.042296 -0.0121587
0 1.34 0.284865 -0.293625 1.72198 0.127451 0.00447357 1.55026 0.659851 0.106554 1.04095 -0.13908 0.0207138 0.0589956
1 1.34 0.311259 -0.289363 1.76361 0.121898 0.00499546 1.55271 0.697196 0.10709 0.939829 -0.138515 0.056382 0.0541761
4 1.34 1.5 0 1.5 0 0 1.57075 0 0 0 0 0 0
5 1.34 50 0.00130868 2
6 1.34 17.9867 0.000731266 0.0416035 -0.0153894
0 1.35 0.291289 -0.293851 1.73056 0.126035 0.00457692 1.55098 0.670236 0.104185 1.05079 -0.138447 0.0182154 0.0611035
1 1.35 0.318099 -0.289684 1.77259 0.120509 0.00499252 1.55349 0.706961 0.104783 0.948085 -0.14358 0.0575733 0.0549171
4 1.35 1.5 0 1.5 0 0 1.57075 0 0 0 0 0 0
5 1.35 50 0.00150752 2
6 1.35 17.8858 -0.00565269 0.045858 -0.0197532
0 1.36 0.299088 -0.293721 1.74145 0.124296 0.00465186 1.55179 0.682006 0.101864 1.06345 -0.147725 0.0182293 0.0596224
1 1.36 0.326368 -0.289646 1.78399 0.118399 0.00507974 1.55424 0.717969 0.102519 0.958732 -0.149957 0.0588313 0.0533133
4 1.36 1.5 0 1.5 0 0 1.57075 0 0 0 0 0 0
5 1.36 50 0.0012238 2
6 1.36 17.7577 -0.00240744 0.0473141 -0.0201449
0 1.37 0.305779 -0.293994 1.75033 0.122807 0.00478904 1.55229 0.691767 0.0997734 1.07404 -0.150121 0.0247867 0.0584462
1 1.37 0.33345 -0.290003 1.79329 0.116814 0.00548666 1.55473 0.72709 0.10049 0.967668 -0.154966 0.0603936 0.0521642
4 1.37 1.5 0 1.5 0 0 1.57075 0 0 0 0 0 0
5 1.37 50 0.00105953 2
6 1.37 17.6522 -0.00530301 0.0415804 -0.0200595
0 1.39 0.313114 -0.29396 1.76046 0.119775 0.00507454 1.55343 0.702042 0.0979835 1.08591 -0.154671 0.0238586 0.0534413
1 1.39 0.341196 -0.290041 1.8039 0.1136 0.00576662 1.55566 0.736274 0.0988316 0.977779 -0.157393 0.0606596 0.0481186
4 1.39 1.5 0 1.5 0 0 1.57075 0 0 0 0 0 0
5 1.39 50 0.00101733 2
6 1.39 17.5372 -0.00294145 0.0429081 -0.016997
0 1.4 0.321348 -0.294256 1.77143 0.118499 0.00519379 1.55389 0.713124 0.0962846 1.09899 -0.160127 0.0225749 0.0497663
1 1.4 0.349873 -0.290405 1.81539 0.112105 0.00585512 1.55597 0.746742 0.0971821 0.988786 -0.164582 0.0616438 0.0454013
4 1.4 1.5 0 1.5 0 0 1.57075 0 0 0 0 0 0
5 1.4 50 0.00118661 2
6 1.4 17.4067 -0.0048922 0.0454855 -0.0139393
0 1.41 0.330266 -0.294159 1.78382 0.116496 0.00539023 1.55455 0.724662 0.0948342 1.11411 -0.173165 0.026265 0.0540549
1 1.41 0.359252 -0.290366 1.82839 0.109582 0.0061824 1.55682 0.757435 0.0958106 1.00159 -0.171346 0.0625022 0.0475173
4 1.41 1.5 0 1.5 0 0 1.57075 0 0 0 0 0 0
5 1.41 50 0.00131059 2
6 1.41 17.2598 0.00215175 0.0423521 -0.0208764
0 1.42 0.341001 -0.2946 1.7981 0.115129 0.00555388 1.555 0.736982 0.09297 1.13106 -0.175695 0.0287888 0.0543319
1 1.42 0.37048 -0.290881 1.84334 0.108113 0.00644816 1.55729 0.769058 0.094003 1.01586 -0.180096 0.0639677 0.0472706
4 1.42 1.5 0 1.5 0 0 1.57075 0 0 0 0 0 0
5 1.42 50 0.00114465 2
6 1.42 17.092 -0.00479712 0.0411533 -0.0225489
0 1.44 0.35313 -0.294537 1.81495 0.11117 0.00608773 1.55629 0.750845 0.0914171 1.15133 -0.188577 0.0339064 0.0532317
1 1.44 0.383164 -0.29088 1.86101 0.10364 0.00719939 1.55856 0.781475 0.0926422 1.03313 -0.185642 0.0641331 0.0455163
4 1.44 1.5 0 1.5 0 0 1.57075 0 0 0 0 0 0
5 1.44 50 0.00127578 2
6 1.44 16.8994 0.00343177 0.0355124 -0.0246388
0 1.45 0.360091 -0.295025 1.82401 0.109292 0.00634857 1.55682 0.758942 0.0898889 1.16316 -0.192698 0.0331504 0.0498386
1 1.45 0.390448 -0.291429 1.87053 0.101598 0.00744923 1.55895 0.788863 0.0912008 1.04324 -0.189653 0.0647976 0.0429331
4 1.45 1.5 0 1.5 0 0 1.57075 0 0 0 0 0 0
5 1.45 50 0.00119543 2
6 1.45 16.79 0.00354305 0.0371061 -0.0220531
0 1.46 0.369039 -0.295164 1.83629 0.107361 0.00660974 1.55748 0.769021 0.0878135 1.17846 -0.19598 0.0306534 0.0521268
1 1.46 0.3998 -0.291651 1.88342 0.0995368 0.00760539 1.55968 0.79816 0.0892112 1.05622 -0.19547 0.0656456 0.0437787
4 1.46 1.5 0 1.5 0 0 1.57075 0 0 0 0 0 0
5 1.46 50 0.00117707 2
6 1.46 16.6438 0.000701833 0.0409946 -0.026658
0 1.47 0.382229 -0.2959 1.8539 0.105353 0.00682747 1.55805 0.778516 0.0816561 1.19344 -0.204322 0.0265994 0.0490211
1 1.47 0.413369 -0.292634 1.90164 0.097194 0.00767935 1.56011 0.806816 0.0831213 1.06846 -0.203011 0.0694272 0.0412803
4 1.47 1.5 0 1.5 0 0 1.57075 0 0 0 0 0 0
5 1.47 50 0.00121903 2
6 1.47 16.4713 0.00157387 0.049968 -0.0247187
0 1.48 0.390917 -0.296112 1.86589 0.103276 0.00702424 1.55861 0.785076 0.0785873 1.20449 -0.205939 0.0329318 0.0550597
1 1.48 0.42232 -0.292969 1.91407 0.0950552 0.00810744 1.56093 0.812622 0.0801172 1.07766 -0.206564 0.0717741 0.0445724
4 1.48 1.5 0 1.5 0 0 1.57075 0 0 0 0 0 0
5 1.48 50 0.00150108 2
6 1.48 16.3538 -0.000550982 0.0455052 -0.0334884
0 1.5 0.400207 -0.296764 1.87821 0.099418 0.0074001 1.55972 0.792237 0.0751385 1.21839 -0.221555 0.0289897 0.0513639
1 1.5 0.431896 -0.293759 1.92695 0.0905717 0.00835004 1.56188 0.818528 0.0767963 1.08936 -0.207003 0.0728863 0.0412752
4 1.5 1.5 0 1.5 0 0 1.57075 0 0 0 0 0 0
5 1.5 50 0.00097537 2
6 1.5 16.212 0.0164043 0.0513074 -0.0322156
0 1.51 0.407801 -0.297002 1.88873 0.0967257 0.00763534 1.56043 0.797876 0.0730491 1.2309 -0.226369 0.0319917 0.0550187
1 1.51 0.439716 -0.29408 1.93797 0.0876887 0.00869649 1.56275 0.823274 0.0747831 1.10006 -0.208549 0.074323 0.0429441
4 1.51 1.5 0 1.5 0 0 1.57075 0 0 0 0 0 0
5 1.51 50 0.00107265 2
6 1.51 16.096 0.0200822 0.0496007 -0.0385563
0 1.52 0.419622 -0.297742 1.90474 0.094989 0.00785977 1.56083 0.80635 0.070254 1.25085 -0.233177 0.039981 0.0495178
1 1.52 0.451876 -0.294932 1.95478 0.0856786 0.00926393 1.56295 0.831003 0.0720404 1.117 -0.216108 0.0770681 0.0390966
4 1.52 1.5 0 1.5 0 0 1.57075 0 0 0 0 0 0
5 1.52 50 0.00106931 2
6 1.52 15.9084 0.0192602 0.0435087 -0.0332804
0 1.53 0.427639 -0.297965 1.91604 0.0926371 0.00820705 1.56133 0.811878 0.0687901 1.26499 -0.235232 0.0440405 0.0438805
1 1.53 0.460114 -0.295213 1.96664 0.0832435 0.00979875 1.56324 0.835728 0.0706696 1.1291 -0.218536 0.0779186 0.0351221
4 1.53 1.5 0 1.5 0 0 1.57075 0 0 0 0 0 0
5 1.53 50 0.00131321 2
6 1.53 15.7795 0.0188394 0.0397253 -0.0279729
0 1.54 0.437003 -0.298746 1.92864 0.0903246 0.00855425 1.56183 0.818583 0.0673327 1.28015 -0.23105 0.0415348 0.0462937
1 1.54 0.469746 -0.296052 1.97985 0.0810997 0.0100418 1.56382 0.841632 0.0693011 1.14201 -0.222113 0.0787667 0.0361506
4 1.54 1.5 0 1.5 0 0 1.57075 0 0 0 0 0 0
5 1.54 50 0.00107718 2
6 1.54 15.638 0.0101569 0.0436042 -0.0323926
0 1.55 0.44863 -0.299228 1.94504 0.0874746 0.00900887 1.5625 0.826547 0.0659993 1.30013 -0.225734 0.044829 0.045203
1 1.55 0.481692 -0.296589 1.99704 0.0784629 0.0106372 1.56446 0.848607 0.0680805 1.15905 -0.226541 0.0796576 0.0348374
4 1.55 1.5 0 1.5 0 0 1.57075 0 0 0 0 0 0
5 1.55 50 0.00112557 2
6 1.55 15.4531 -0.000737037 0.040806 -0.0331037
0 1.57 0.459107 -0.300072 1.9594 0.082856 0.00982675 1.56346 0.833258 0.0645794 1.31853 -0.243901 0.0446614 0.0454649
1 1.57 0.492437 -0.297489 2.01214 0.0731192 0.0114566 1.56542 0.853514 0.0668256 1.16983 -0.205486 0.0660756 0.0336188
4 1.57 1.5 0 1.5 0 0 1.57075 0 0 0 0 0 0
5 1.57 50 0.000750542 1
6 1.57 14.9786 0.0431493 0.0254887 -0.0378311
0 1.58 0.468231 -0.30046 1.97246 0.0810693 0.0100998 1.56382 0.838757 0.0638908 1.33494 -0.24174 0.0416633 0.0412764
1 1.58 0.501781 -0.297905 2.02586 0.0714176 0.0116271 1.5656 0.858362 0.066189 1.18363 -0.209361 0.0663395 0.0307509
4 1.58 1.5 0 1.5 0 0 1.57075 0 0 0 0 0 0
5 1.58 50 0.000923157 1
6 1.58 14.8159 0.0363703 0.0291392 -0.0336141
0 1.59 0.480459 -0.301479 1.98955 0.0780372 0.0105741 1.56437 0.846189 0.0628164 1.35527 -0.247739 0.043609 0.037674
1 1.59 0.514307 -0.298966 2.04376 0.068145 0.0121957 1.56601 0.864802 0.0652117 1.20069 -0.214159 0.0669662 0.0280487
4 1.59 1.5 0 1.5 0 0 1.57075 0 0 0 0 0 0
5 1.59 50 0.000799894 1
6 1.59 14.6116 0.0377077 0.0275724 -0.0307412
0 1.6 0.490365 -0.301986 2.00389 0.0755603 0.0109707 1.56475 0.85171 0.0623473 1.37244 -0.252454 0.045113 0.0387501
1 1.6 0.524434 -0.299493 2.05878 0.0654806 0.012653 1.56643 0.869522 0.0648186 1.21511 -0.217869 0.0671409 0.0282851
4 1.6 1.5 0 1.5 0 0 1.57075 0 0 0 0 0 0
5 1.6 50 0.000710964 1
6 1.6 14.4402 0.0388406 0.0260846 -0.0334224
0 1.61 0.502037 -0.302989 2.02048 0.0736995 0.011275 1.56519 0.857317 0.0615309 1.3929 -0.25342 0.0440405 0.0410336
1 1.61 0.53633 -0.300527 2.0762 0.0635826 0.012911 1.56696 0.874445 0.0640483 1.23228 -0.223556 0.0680837 0.0291688
4 1.61 1.5 0 1.5 0 0 1.57075 0 0 0 0 0 0
5 1.61 50 0.000701666 1
6 1.61 14.236 0.0335637 0.0284478 -0.037891
0 1.62 0.511313 -0.303459 2.03418 0.071245 0.011629 1.56571 0.861408 0.0612174 1.40985 -0.24655 0.0380005 0.040955
1 1.62 0.545769 -0.301011 2.09057 0.0614032 0.0130285 1.56746 0.877775 0.0637989 1.24658 -0.225627 0.0679634 0.028613
4 1.62 1.5 0 1.5 0 0 1.57075 0 0 0 0 0 0
5 1.62 50 0.000660181 1
6 1.62 14.0707 0.0235383 0.0352146 -0.0394125
0 1.64 0.522227 -0.304455 2.04995 0.0665061 0.0122007 1.56644 0.865519 0.060946 1.42979 -0.237986 0.0302581 0.0318051
1 1.64 0.556848 -0.302017 2.10715 0.0570031 0.0133238 1.56779 0.880596 0.0636399 1.26356 -0.224256 0.067429 0.0224804
4 1.64 1.5 0 1.5 0 0 1.57075 0 0 0 0 0 0
5 1.64 50 0.000895023 1
6 1.64 13.8847 0.0154413 0.0432748 -0.0297775
0 1.65 0.533587 -0.304964 2.06722 0.0635869 0.0125695 1.56688 0.869269 0.0610141 1.45164 -0.234939 0.0343709 0.0334925
1 1.65 0.568357 -0.302523 2.12528 0.0542072 0.0138564 1.56831 0.883466 0.063759 1.28202 -0.226948 0.067766 0.0230057
4 1.65 1.5 0 1.5 0 0 1.57075 0 0 0 0 0 0
5 1.65 50 0.00082469 1
6 1.65 13.674 0.00903568 0.0389676 -0.0334885
0 1.66 0.5451 -0.306123 2.08421 0.0618159 0.0127727 1.56713 0.873002 0.0604876 1.47302 -0.238361 0.0279128 0.0319052
1 1.66 0.58002 -0.303704 2.14313 0.0522986 0.0138082 1.56847 0.886592 0.06324 1.3 -0.232491 0.0687689 0.0216978
4 1.66 1.5 0 1.5 0 0 1.57075 0 0 0 0 0 0
5 1.66 50 0.000683069 1
6 1.66 13.4639 0.00664117 0.0475059 -0.0325945
0 1.67 0.554516 -0.306771 2.09862 0.0588791 0.0130021 1.56756 0.874317 0.0577917 1.48688 -0.243121 0.026606 0.0339962
1 1.67 0.589489 -0.304459 2.1581 0.0491727 0.0139844 1.56898 0.887118 0.0605718 1.31148 -0.233282 0.0709473 0.0224835
4 1.67 1.5 0 1.5 0 0 1.57075 0 0 0 0 0 0
5 1.67 50 0.000734091 1
6 1.67 13.3154 0.0110829 0.0515592 -0.0367616
0 1.68 0.566239 -0.307992 2.11635 0.0570654 0.0131643 1.56782 0.87574 0.0547528 1.50595 -0.243637 0.0306551 0.031624
1 1.68 0.601269 -0.305802 2.17659 0.0473375 0.0143163 1.56915 0.887961 0.0575307 1.32732 -0.237435 0.0743116 0.0207056
4 1.68 1.5 0 1.5 0 0 1.57075 0 0 0 0 0 0
5 1.68 50 0.000692844 1
6 1.68 13.1159 0.00701876 0.0507271 -0.0348654
0 1.69 0.577812 -0.308706 2.13469 0.0539845 0.0134923 1.56824 0.877138 0.0528759 1.52703 -0.249804 0.0354656 0.0307337
1 1.69 0.612898 -0.306591 2.19577 0.04401 0.0148426 1.56955 0.888515 0.0556855 1.34501 -0.239755 0.0763784 0.0196808
4 1.69 1.5 0 1.5 0 0 1.57075 0 0 0 0 0 0
5 1.69 50 0.000742197 1
6 1.69 12.9059 0.0113338 0.047577 -0.0352967
0 1.7 0.587054 -0.309807 2.1489 0.0515317 0.0137742 1.56852 0.878027 0.051714 1.54415 -0.244811 0.0332992 0.0218816
1 1.7 0.622175 -0.307739 2.21066 0.0417522 0.0150593 1.56946 0.888746 0.0545505 1.35944 -0.240915 0.0777105 0.0140548
4 1.7 1.5 0 1.5 0 0 1.57075 0 0 0 0 0 0
5 1.7 50 0.000670195 1
6 1.7 12.7392 0.00441892 0.0513984 -0.0249964
0 1.72 0.59838 -0.310618 2.1672 0.0465653 0.0143635 1.56917 0.87849 0.0512162 1.56657 -0.25871 0.0364891 0.0304461
1 1.72 0.633519 -0.308569 2.22987 0.0362353 0.0157647 1.57046 0.888016 0.0541354 1.37846 -0.239867 0.0783216 0.0184738
4 1.72 1.5 0 1.5 0 0 1.57075 0 0 0 0 0 0
5 1.72 50 0.000686169 1
6 1.72 12.528 0.021175 0.0486487 -0.0382322
0 1.73 0.610852 -0.311997 2.18718 0.0439357 0.0147186 1.56951 0.879622 0.0509167 1.59157 -0.26676 0.0421923 0.0266013
1 1.73 0.646037 -0.30996 2.25084 0.033282 0.016358 1.57065 0.888436 0.0538548 1.39954 -0.244204 0.0799249 0.0157149
4 1.73 1.5 0 1.5 0 0 1.57075 0 0 0 0 0 0
5 1.73 50 0.000893354 1
6 1.73 12.2861 0.0253304 0.0438801 -0.0347674
0 1.74 0.620565 -0.312715 2.20335 0.0415902 0.015081 1.5697 0.879878 0.0512417 1.61235 -0.268561 0.046118 0.0235373
1 1.74 0.65576 -0.310665 2.26784 0.0308631 0.016885 1.57071 0.888087 0.0542064 1.41712 -0.246558 0.0804612 0.0135861
4 1.74 1.5 0 1.5 0 0 1.57075 0 0 0 0 0 0
5 1.74 50 0.000718355 1
6 1.74 12.0883 0.0247077 0.0399271 -0.0317831
0 1.75 0.63203 -0.314029 2.22221 0.0391791 0.0154533 1.56987 0.879594 0.0514061 1.63756 -0.270094 0.0445956 0.0205332
1 1.75 0.667214 -0.311973 2.28772 0.0283891 0.0172036 1.57076 0.887176 0.0543868 1.43848 -0.249796 0.0814241 0.0114583
4 1.75 1.5 0 1.5 0 0 1.57075 0 0 0 0 0 0
5 1.75 50 0.000796318 1
6 1.75 11.8514 0.0227857 0.0427141 -0.0289852
0 1.77 0.643349 -0.314788 2.24179 0.034524 0.0161649 1.57021 0.879046 0.0518281 1.66368 -0.276678 0.046018 0.0186538
1 1.77 0.678511 -0.312715 2.30834 0.02347 0.0179788 1.57102 0.885592 0.054887 1.46072 -0.249211 0.0812889 0.00986933
4 1.77 1.5 0 1.5 0 0 1.57075 0 0 0 0 0 0
5 1.77 50 0.0013082 1
6 1.77 11.6122 0.0308031 0.0408952 -0.028059
0 1.78 0.651512 -0.315904 2.25541 0.0303961 0.016789 1.57053 0.877856 0.0518375 1.68325 -0.276531 0.0465894 0.0147969
1 1.78 0.686626 -0.313831 2.32274 0.0193458 0.0186337 1.57118 0.883534 0.0549702 1.47752 -0.24661 0.0814456 0.00716883
4 1.78 1.5 0 1.5 0 0 1.57075 0 0 0 0 0 0
5 1.78 50 0.000855923 1
6 1.78 11.4403 0.0335352 0.0403307 -0.0243674
0 1.79 0.66404 -0.316783 2.27781 0.0282262 0.0171507 1.57067 0.875062 0.0532635 1.71482 -0.267932 0.0482418 0.0120245
1 1.79 0.699042 -0.314652 2.3464 0.0175181 0.019066 1.5712 0.880199 0.0563832 1.50433 -0.249585 0.0820128 0.00521318
4 1.79 1.5 0 1.5 0 0 1.57075 0 0 0 0 0 0
5 1.79 50 0.000656366 1
6 1.79 11.1485 0.0205751 0.0390135 -0.0217599
0 1.8 0.675692 -0.318288 2.29827 0.0250808 0.017711 1.5708 0.873417 0.0540515 1.74235 -0.263181 0.0497665 0.0123249
1 1.8 0.710629 -0.316126 2.36796 0.0145632 0.0196887 1.57134 0.877877 0.0572 1.5277 -0.251261 0.0826862 0.0050645
4 1.8 1.5 0 1.5 0 0 1.57075 0 0 0 0 0 0
5 1.8 50 0.00105262 1
6 1.8 10.8924 0.0133873 0.0380385 -0.0231937
0 1.81 0.687294 -0.319174 2.31974 0.0223885 0.0181826 1.57093 0.871109 0.0554269 1.77093 -0.271636 0.049307 0.0137728
1 1.81 0.722139 -0.316957 2.39058 0.0115339 0.0201421 1.57153 0.874991 0.0585803 1.55191 -0.254582 0.0828916 0.00559687
4 1.81 1.5 0 1.5 0 0 1.57075 0 0 0 0 0 0
5 1.81 50 0.000725508 1
6 1.81 10.6241 0.019137 0.0388427 -0.0261167
0 1.83 0.70014 -0.320799 2.34328 0.017036 0.0190078 1.57107 0.866887 0.0566365 1.80368 -0.271406 0.0421687 0.00882355
1 1.83 0.734816 -0.318534 2.41543 0.00618704 0.0206883 1.57145 0.869758 0.0598419 1.57985 -0.252311 0.0827035 0.00228172
4 1.83 1.5 0 1.5 0 0 1.57075 0 0 0 0 0 0
5 1.83 50 0.000788689 1
6 1.83 10.3283 0.0213964 0.0467051 -0.0208978
0 1.84 0.711261 -0.321576 2.36486 0.0143326 0.0194062 1.57117 0.862685 0.0582778 1.8333 -0.273461 0.0425168 0.0114341
1 1.84 0.745768 -0.319244 2.43819 0.00340348 0.0211001 1.57165 0.865036 0.0614635 1.60499 -0.254136 0.0830887 0.00355125
4 1.84 1.5 0 1.5 0 0 1.57075 0 0 0 0 0 0
5 1.84 50 0.000878572 1
6 1.84 10.0536 0.0216632 0.0468083 -0.0251791
0 1.85 0.720752 -0.323074 2.38266 0.0121275 0.0197304 1.57122 0.85979 0.0591253 1.85777 -0.278821 0.0428654 0.00784648
1 1.85 0.755144 -0.320709 2.45697 0.00098121 0.0214411 1.57155 0.861734 0.0622912 1.62576 -0.256756 0.0843221 0.00116502
4 1.85 1.5 0 1.5 0 0 1.57075 0 0 0 0 0 0
5 1.85 50 0.000890493 1
6 1.85 9.82681 0.0247165 0.0477457 -0.0213441
0 1.86 0.731659 -0.324156 2.40429 0.00883999 0.0201675 1.57134 0.855749 0.0606725 1.88717 -0.275889 0.0402293 0.0123616
1 1.86 0.765889 -0.321729 2.47978 -0.0021853 0.0217722 1.57185 0.857126 0.0638189 1.65072 -0.257613 0.08484 0.00353216
4 1.86 1.5 0 1.5 0 0 1.57075 0 0 0 0 0 0
5 1.86 50 0.00102043 1
6 1.86 9.55439 0.0204895 0.0514657 -0.0282006
0 1.88 0.742654 -0.325809 2.42587 0.00340675 0.021022 1.57144 0.850109 0.0584782 1.91083 -0.275166 0.0501585 0.00747142
1 1.88 0.776658 -0.32347 2.5023 -0.00759347 0.0230273 1.57174 0.850625 0.061677 1.67055 -0.253118 0.0880363 0.000255769
4 1.88 1.5 0 1.5 0 0 1.57075 0 0 0 0 0 0
5 1.88 50 0.00100017 1
6 1.88 9.31999 0.0247001 0.0436285 -0.0230517
0 1.89 0.753605 -0.32681 2.44864 0.000689429 0.0214715 1.57153 0.843952 0.0576386 1.9374 -0.273655 0.0496728 0.000106239
1 1.89 0.787363 -0.324504 2.52613 -0.0102567 0.0234584 1.57153 0.844051 0.0608131 1.69282 -0.253773 0.0906434 -0.00445678
4 1.89 1.5 0 1.5 0 0 1.57075 0 0 0 0 0 0
5 1.89 50 0.000716448 1
6 1.89 9.05606 0.0222471 0.0470089 -0.0145829
0 1.9 0.763236 -0.328343 2.46827 -0.00210311 0.0218981 1.5716 0.836602 0.0569964 1.96317 -0.284791 0.0457964 0.00477711
1 1.9 0.7967 -0.326063 2.5468 -0.0134906 0.0237304 1.57178 0.836297 0.0601468 1.71463 -0.253279 0.0932628 -0.00195894
4 1.9 1.5 0 1.5 0 0 1.57075 0 0 0 0 0 0
5 1.9 50 0.000683069 1
6 1.9 8.8134 0.0352772 0.0545721 -0.0215197
0 1.91 0.771158 -0.329158 2.48534 -0.00425059 0.022212 1.57163 0.830668 0.0567846 1.98568 -0.288233 0.0467956 0.00211986
1 1.91 0.804385 -0.326887 2.56477 -0.0157782 0.0240841 1.57171 0.830069 0.0599029 1.73367 -0.253172 0.0954074 -0.00375348
4 1.91 1.5 0 1.5 0 0 1.57075 0 0 0 0 0 0
5 1.91 50 0.000695705 1
6 1.91 8.60091 0.0392385 0.0558242 -0.018766
0 1.92 0.783362 -0.331042 2.51168 -0.00780857 0.0227936 1.57164 0.82444 0.0564258 2.01829 -0.2843 0.0534918 3.81361e-05
1 1.92 0.81634 -0.328785 2.59241 -0.0191809 0.0249332 1.57163 0.823381 0.059508 1.76113 -0.254407 0.099145 -0.0053551
4 1.92 1.5 0 1.5 0 0 1.57075 0 0 0 0 0 0
5 1.92 50 0.000767946 1
6 1.92 8.28567 0.0334482 0.0523799 -0.0172352
0 1.94 0.794952 -0.332194 2.53803 -0.0133789 0.0238384 1.57162 0.817644 0.0568706 2.05159 -0.282283 0.0548272 -0.000155236
1 1.94 0.827658 -0.329919 2.62009 -0.024671 0.0260312 1.57159 0.815901 0.0599706 1.78927 -0.251626 0.100586 -0.00581271
4 1.94 1.5 0 1.5 0 0 1.57075 0 0 0 0 0 0
5 1.94 50 0.00074482 1
6 1.94 7.97041 0.0343011 0.0524964 -0.0180791
0 1.95 0.805844 -0.333953 2.56254 -0.0161515 0.0243596 1.57167 0.809055 0.0575871 2.08521 -0.27939 0.0574174 -0.00170146
1 1.95 0.838206 -0.331649 2.64595 -0.0273296 0.0266549 1.57157 0.807034 0.0606297 1.81776 -0.252182 0.103704 -0.00706144
4 1.95 1.5 0 1.5 0 0 1.57075 0 0 0 0 0 0
5 1.95 50 0.000828028 1
6 1.95 7.65656 0.0304351 0.0530658 -0.01713
0 1.96 0.815436 -0.334904 2.58546 -0.0182185 0.0247353 1.57163 0.800838 0.0590817 2.11647 -0.277603 0.0556255 -0.00271444
1 1.96 0.847469 -0.33254 2.67012 -0.0293263 0.026958 1.57148 0.798645 0.0620524 1.84422 -0.253439 0.105654 -0.00786871
4 1.96 1.5 0 1.5 0 0 1.57075 0 0 0 0 0 0
5 1.96 50 0.000881672 1
6 1.96 7.36277 0.0270249 0.0573369 -0.0164726
0 1.98 0.827182 -0.336885 2.61343 -0.0242144 0.0260012 1.57158 0.792952 0.0602813 2.1531 -0.267709 0.0643028 -0.00624939
1 1.98 0.8589 -0.334474 2.69955 -0.0349309 0.0285665 1.57126 0.790174 0.0632579 1.87524 -0.250171 0.107811 -0.0103473
4 1.98 1.5 0 1.5 0 0 1.57075 0 0 0 0 0 0
5 1.98 50 0.00141931 1
6 1.98 7.01982 0.0195909 0.049779 -0.0131023
0 1.99 0.838232 -0.338065 2.64126 -0.0262092 0.0264762 1.57151 0.784811 0.0622908 2.18973 -0.270951 0.0663207 -0.00566952
1 1.99 0.869625 -0.335573 2.72885 -0.0370551 0.0291222 1.57122 0.781956 0.0651707 1.90615 -0.255017 0.110524 -0.0103045
4 1.99 1.5 0 1.5 0 0 1.57075 0 0 0 0 0 0
5 1.99 50 0.000669241 1
6 1.99 6.67008 0.0177976 0.0505876 -0.0148176
0 2 0.846144 -0.339613 2.66067 -0.0290953 0.0271289 1.57142 0.776951 0.063652 2.21717 -0.271805 0.0643634 -0.00630561
1 2 0.877222 -0.337067 2.74936 -0.0399764 0.029695 1.57109 0.773902 0.0664909 1.92947 -0.254116 0.112345 -0.0108671
4 2 1.5 0 1.5 0 0 1.57075 0 0 0 0 0 0
5 2 50 0.00102401 1
6 2 6.41748 0.0197589 0.0549079 -0.0145823
0 2.01 0.857718 -0.340846 2.69146 -0.0315818 0.0277078 1.57141 0.764384 0.0668052 2.26023 -0.26861 0.0676938 -0.00217788
1 2.01 0.888293 -0.338174 2.78187 -0.042331 0.0304115 1.57123 0.761282 0.0695226 1.96595 -0.255756 0.115136 -0.00870527
4 2.01 1.5 0 1.5 0 0 1.57075 0 0 0 0 0 0
5 2.01 50 0.000902176 1
6 2.01 6.01498 0.0143706 0.0543833 -0.0208594
0 2.03 0.869371 -0.342965 2.72251 -0.036931 0.0290681 1.57138 0.753766 0.0690805 2.30184 -0.27362 0.0743928 -0.00375525
1 2.03 0.899522 -0.340202 2.81459 -0.0478833 0.0320362 1.57112 0.750374 0.071746 2.00118 -0.255074 0.117985 -0.0101097
4 2.03 1.5 0 1.5 0 0 1.57075 0 0 0 0 0 0
5 2.03 50 0.0012145 1
6 2.03 5.62525 0.0207285 0.0499293 -0.0203098
0 2.04 0.879326 -0.344107 2.75064 -0.0396408 0.0297609 1.5713 0.743258 0.0719056 2.33925 -0.274746 0.0733499 -0.00885796
1 2.04 0.909056 -0.341231 2.84421 -0.0506447 0.0326786 1.57083 0.739847 0.0744618 2.03278 -0.257278 0.120461 -0.0134451
4 2.04 1.5 0 1.5 0 0 1.57075 0 0 0 0 0 0
5 2.04 50 0.000847578 1
6 2.04 5.26926 0.0194922 0.0538495 -0.0146673
0 2.05 0.886525 -0.345669 2.77037 -0.042373 0.0304597 1.57119 0.733125 0.0738657 2.36815 -0.276116 0.0741581 -0.011078
1 2.05 0.91585 -0.342714 2.86509 -0.0534349 0.0334046 1.57062 0.729663 0.0763506 2.05735 -0.255227 0.122943 -0.0149197
4 2.05 1.5 0 1.5 0 0 1.57075 0 0 0 0 0 0
5 2.05 50 0.000768185 1
6 2.05 5.00464 0.0233059 0.0557178 -0.012288
0 2.06 0.897055 -0.346846 2.802 -0.0458777 0.0313494 1.57097 0.71771 0.0776087 2.41304 -0.286538 0.0761349 -0.0120999
1 2.06 0.925764 -0.343742 2.89852 -0.0573588 0.0343694 1.57035 0.714275 0.079953 2.09541 -0.254304 0.126061 -0.0156985
4 2.06 1.5 0 1.5 0 0 1.57075 0 0 0 0 0 0
5 2.06 50 0.0006814 1
6 2.06 4.58707 0.0359915 0.0569939 -0.0115133
0 2.07 0.905864 -0.348789 2.82805 -0.0480362 0.0319074 1.57085 0.709458 0.0762023 2.44191 -0.288121 0.0792937 -0.0116439
1 2.07 0.934243 -0.345741 2.92573 -0.0595808 0.0350532 1.57024 0.706095 0.0784339 2.11943 -0.258486 0.134394 -0.0158832
4 2.07 1.5 0 1.5 0 0 1.57075 0 0 0 0 0 0
5 2.07 50 0.000791311 1
6 2.07 4.28986 0.0330841 0.0629395 -0.01356
0 2.08 0.915148 -0.35017 2.85714 -0.0512616 0.0326997 1.57066 0.699138 0.076166 2.47566 -0.285361 0.0802518 -0.0134932
1 2.08 0.943114 -0.347124 2.95617 -0.062699 0.0358779 1.56996 0.695834 0.0782718 2.14762 -0.260435 0.141595 -0.0173873
4 2.08 1.5 0 1.5 0 0 1.57075 0 0 0 0 0 0
5 2.08 50 0.00105214 1
6 2.08 3.94942 0.0278012 0.0700606 -0.0124579
0 2.1 0.92487 -0.352181 2.88794 -0.0569268 0.0342252 1.57022 0.686947 0.0768385 2.5136 -0.281881 0.0863522 -0.0157846
1 2.1 0.952348 -0.349107 2.98848 -0.0682304 0.0376378 1.5694 0.683624 0.0788365 2.1795 -0.257842 0.148607 -0.0190637
4 2.1 1.5 0 1.5 0 0 1.57075 0 0 0 0 0 0
5 2.1 50 0.000973463 1
6 2.1 3.57879 0.0267859 0.0710571 -0.0104961
0 2.11 0.934118 -0.353334 2.91926 -0.0589297 0.0348 1.57013 0.673887 0.0789612 2.55313 -0.276646 0.0837544 -0.0123901
1 2.11 0.961074 -0.350175 3.02139 -0.0700196 0.0381152 1.56943 0.670821 0.0807723 2.2127 -0.261457 0.156018 -0.0174732
4 2.11 1.5 0 1.5 0 0 1.57075 0 0 0 0 0 0
5 2.11 50 0.00078392 1
6 2.11 3.19025 0.01691 0.0826255 -0.0162543
0 2.12 0.942375 -0.35517 2.94701 -0.0623472 0.0357648 1.56991 0.659889 0.081064 2.59126 -0.277938 0.08762 -0.0105343
1 2.12 0.968771 -0.351927 3.05066 -0.0734876 0.0392366 1.56927 0.657013 0.082715 2.24494 -0.260173 0.163785 -0.0166854
4 2.12 1.5 0 1.5 0 0 1.57075 0 0 0 0 0 0
5 2.12 50 0.000771284 1
6 2.12 2.82928 0.0198012 0.0871425 -0.0196649
0 2.13 0.950511 -0.356177 2.97662 -0.0650894 0.0366262 1.56972 0.645173 0.0841892 2.6317 -0.274712 0.0960658 -0.0164807
1 2.13 0.976318 -0.35281 3.08189 -0.0761112 0.0404179 1.56881 0.642579 0.0856498 2.27909 -0.260214 0.171546 -0.020548
4 2.13 1.5 0 1.5 0 0 1.57075 0 0 0 0 0 0
5 2.13 50 0.000753403 1
6 2.13 2.44362 0.0160928 0.0862249 -0.0130149
0 2.15 0.959822 -0.358307 3.01066 -0.0706088 0.0386196 1.56915 0.63146 0.0870813 2.67599 -0.276426 0.107319 -0.0237112
1 2.15 0.985081 -0.354824 3.1177 -0.0817141 0.0428347 1.5679 0.629138 0.0883541 2.31643 -0.261432 0.180905 -0.02532
4 2.15 1.5 0 1.5 0 0 1.57075 0 0 0 0 0 0
5 2.15 50 0.000744343 1
6 2.15 2.01802 0.0165685 0.0838835 -0.00516996
0 2.16 0.967306 -0.359406 3.03975 -0.0733207 0.0396547 1.56886 0.61918 0.0905645 2.71418 -0.281573 0.118606 -0.022071
1 2.16 0.992074 -0.355783 3.14832 -0.0846323 0.0443215 1.56763 0.617209 0.091633 2.34861 -0.266156 0.189659 -0.0248164
4 2.16 1.5 0 1.5 0 0 1.57075 0 0 0 0 0 0
5 2.16 50 0.000775337 1
6 2.16 1.64924 0.0170362 0.0810057 -0.00880269
0 2.17 0.976769 -0.361492 3.07712 -0.0761965 0.0408541 1.56853 0.600967 0.0953488 2.76545 -0.282895 0.126513 -0.0244705
1 2.17 1.00081 -0.357678 3.18774 -0.087568 0.0458255 1.56717 0.599527 0.0961233 2.39192 -0.270881 0.203837 -0.0268774
4 2.17 1.5 0 1.5 0 0 1.57075 0 0 0 0 0 0
5 2.17 50 0.000695705 1
6 2.17 1.15998 0.0131898 0.0881416 -0.00772451
0 2.18 0.984542 -0.362394 3.11035 -0.0788784 0.0420933 1.56818 0.584608 0.100235 2.81003 -0.275681 0.139013 -0.0270866
1 2.18 1.00793 -0.358384 3.22275 -0.0899696 0.0475511 1.56666 0.583671 0.100737 2.4295 -0.274083 0.216096 -0.0289596
4 2.18 1.5 0 1.5 0 0 1.57075 0 0 0 0 0 0
5 2.18 50 0.000707388 1
6 2.18 0.729524 0.00148012 0.0878199 -0.00602306
0 2.2 0.993167 -0.364584 3.14732 -0.0845168 0.0448764 1.56743 0.568072 0.104763 2.85875 -0.279972 0.146213 -0.0299724
1 2.2 1.01589 -0.360394 3.26167 -0.0957915 0.0506029 1.56574 0.567714 0.104954 2.47058 -0.278433 0.231858 -0.0315184
4 2.2 1.5 0 1.5 0 0 1.57075 0 0 0 0 0 0
5 2.2 50 0.000703573 1
6 2.2 0.260421 0.00136356 0.0975658 -0.00498214
0 2.21 1.00082 -0.365687 3.18277 -0.0872277 0.046179 1.56705 0.551507 0.110018 2.90541 -0.286452 0.145154 -0.0346977
1 2.21 1.02288 -0.361287 3.29899 -0.098773 0.0518422 1.56516 0.551781 0.109871 2.50987 -0.287624 0.250304 -0.035319
4 2.21 1.5 0 1.5 0 0 1.57075 0 0 0 0 0 0
5 2.21 50 0.000715256 1
6 2.21 -0.193426 -0.00172352 0.119816 -0.00203084
0 2.22 1.0065 -0.367396 3.20847 -0.0900792 0.0476355 1.56656 0.537068 0.113789 2.94147 -0.287645 0.158985 -0.0342916
1 2.22 1.02798 -0.362845 3.32613 -0.101677 0.0538457 1.56462 0.537854 0.11337 2.54036 -0.289746 0.269052 -0.0357533
4 2.22 1.5 0 1.5 0 0 1.57075 0 0 0 0 0 0
5 2.22 50 0.000723124 1
6 2.22 -0.536594 -0.00279737 0.125464 -0.00471837
0 2.23 1.01326 -0.368467 3.24226 -0.0931724 0.049314 1.56611 0.518655 0.119601 2.98777 -0.292523 0.167349 -0.0286868
1 2.23 1.03401 -0.363683 3.36177 -0.10496 0.0558722 1.56434 0.520144 0.118807 2.57942 -0.295274 0.294206 -0.0335163
4 2.23 1.5 0 1.5 0 0 1.57075 0 0 0 0 0 0
5 2.23 50 0.000780821 1
6 2.23 -0.982501 -0.00347113 0.14485 -0.0154741
0 2.24 1.01948 -0.370211 3.27327 -0.0959182 0.050859 1.56565 0.499182 0.125249 3.0325 -0.294901 0.176637 -0.0321762
1 2.24 1.03945 -0.365201 3.39457 -0.107814 0.0577688 1.56369 0.501377 0.124075 2.61726 -0.296594 0.326327 -0.0366731
4 2.24 1.5 0 1.5 0 0 1.57075 0 0 0 0 0 0
5 2.24 50 0.000691414 1
6 2.24 -1.40754 -0.00235855 0.170955 -0.0144157
0 2.25 1.02433 -0.370928 3.29976 -0.0990829 0.0527921 1.56508 0.483356 0.130592 3.07009 -0.302608 0.202493 -0.0429708
1 2.25 1.04366 -0.365705 3.42257 -0.11132 0.0606821 1.56256 0.486199 0.129062 2.64903 -0.299078 0.356749 -0.0442072
4 2.25 1.5 0 1.5 0 0 1.57075 0 0 0 0 0 0
5 2.25 50 0.00077033 1
6 2.25 -1.76607 0.0032386 0.175903 -0.00401682
0 2.27 1.03204 -0.373108 3.34258 -0.104298 0.0562938 1.56395 0.467369 0.131692 3.11453 -0.303723 0.226913 -0.0499758
1 2.27 1.05073 -0.36784 3.46716 -0.116612 0.0651129 1.56102 0.471168 0.129617 2.68576 -0.326616 0.428734 -0.0527276
4 2.27 1.5 0 1.5 0 0 1.57075 0 0 0 0 0 0
5 2.27 50 0.000715017 1
6 2.27 -2.24333 -0.0265425 0.230294 -0.00886339
0 2.28 1.03899 -0.374176 3.38452 -0.108043 0.059073 1.56291 0.449492 0.135232 3.16133 -0.310468 0.254804 -0.0577926
1 2.28 1.05697 -0.368767 3.51098 -0.120663 0.0689564 1.55951 0.454283 0.132575 2.72464 -0.362896 0.521106 -0.0635353
4 2.28 1.5 0 1.5 0 0 1.57075 0 0 0 0 0 0
5 2.28 50 0.000800848 1
6 2.28 -2.73329 -0.0598664 0.304046 -0.0184235
0 2.29 1.04509 -0.376042 3.42167 -0.111472 0.0619132 1.56198 0.430175 0.139491 3.20645 -0.311246 0.284726 -0.0637596
1 2.29 1.06229 -0.370462 3.54992 -0.124158 0.0729478 1.55817 0.435944 0.136234 2.76235 -0.39841 0.645118 -0.0757069
4 2.29 1.5 0 1.5 0 0 1.57075 0 0 0 0 0 0
5 2.29 50 0.000720978 1
6 2.29 -3.19254 -0.0990133 0.411841 -0.0382425
0 2.3 1.05095 -0.37683 3.46153 -0.114435 0.0646241 1.56107 0.409189 0.145936 3.25601 -0.314186 0.311524 -0.066328
1 2.3 1.06732 -0.370993 3.59177 -0.127265 0.0767006 1.557 0.416037 0.142 2.80382 -0.464502 0.834454 -0.094782
4 2.3 1.5 0 1.5 0 0 1.57075 0 0 0 0 0 0
5 2.3 50 0.000752211 1
6 2.3 -3.69396 -0.16988 0.598242 -0.0909507
0 2.32 1.05584 -0.378486 3.4944 -0.120956 0.071447 1.55874 0.388572 0.152356 3.30053 -0.327625 0.393493 -0.075552
1 2.32 1.07138 -0.372392 3.62642 -0.134411 0.0867071 1.55383 0.396646 0.147482 2.84139 -0.545475 1.07857 -0.131545
4 2.32 1.5 0 1.5 0 0 1.57075 0 0 0 0 0 0
5 2.32 50 0.00071454 1
6 2.32 -4.12801 -0.246186 0.783951 -0.178903
0 2.33 1.06063 -0.379095 3.53119 -0.123342 0.0742572 1.55783 0.366158 0.161171 3.35039 -0.345112 0.442713 -0.0756223
1 2.33 1.07527 -0.372648 3.6652 -0.137532 0.091459 1.55264 0.375351 0.155506 2.88345 -0.852325 1.28416 -0.254265
4 2.33 1.5 0 1.5 0 0 1.57075 0 0 0 0 0 0
5 2.33 50 0.00103617 1
6 2.33 -4.6132 -0.570263 0.963249 -0.57049
0 2.34 1.06612 -0.380906 3.57438 -0.12798 0.0802161 1.5559 0.343823 0.170217 3.40607 -0.380402 0.551574 -0.0978695
1 2.34 1.07987 -0.374097 3.71062 -0.143735 0.101599 1.54918 0.354487 0.163355 2.93028 -0.58895 0.0437067 -0.188286
4 2.34 1.5 0 1.5 0 0 1.57075 0 0 0 0 0 0
5 2.34 50 0.000767708 1
6 2.34 -5.16601 -0.237762 -0.585776 -0.288894
0 2.35 1.07115 -0.381492 3.61915 -0.132147 0.0861414 1.55403 0.319624 0.182163 3.46494 -0.407468 0.636106 -0.109327
1 2.35 1.08394 -0.374205 3.75775 -0.14911 0.110788 1.54632 0.331879 0.173936 2.97967 -0.221807 -0.0207518 -0.0927738
4 2.35 1.5 0 1.5 0 0 1.57075 0 0 0 0 0 0
5 2.35 50 0.00109315 1
6 2.35 -5.76009 0.202048 -0.757322 0.0525515
0 2.37 1.07612 -0.383179 3.66476 -0.141871 0.10053 1.54914 0.296223 0.193396 3.52303 -0.519788 0.826515 -0.1675
1 2.37 1.08796 -0.375443 3.80568 -0.163803 0.132311 1.53778 0.310606 0.182817 3.02886 -0.12647 -0.0174632 -0.11035
4 2.37 1.5 0 1.5 0 0 1.57075 0 0 0 0 0 0
5 2.37 50 0.000799894 1
6 2.37 -6.32844 0.428761 -0.975537 0.181961
0 2.38 1.08055 -0.383608 3.71142 -0.147577 0.108211 1.54617 0.271384 0.205791 3.58327 -0.548466 0.798199 -0.190988
1 2.38 1.09141 -0.375377 3.85475 -0.170847 0.138668 1.53385 0.287735 0.193286 3.07949 -0.0750065 -0.0229167 -0.11787
4 2.38 1.5 0 1.5 0 0 1.57075 0 0 0 0 0 0
5 2.38 50 0.000919104 1
6 2.38 -6.93724 0.517286 -0.950773 0.232934
0 2.39 1.08458 -0.385017 3.75503 -0.151879 0.113218 1.54381 0.24576 0.217622 3.64237 -0.53717 0.691639 -0.218292
1 2.39 1.09441 -0.376312 3.90072 -0.174823 0.139244 1.53091 0.26385 0.203499 3.1301 -0.0376181 -0.0310539 -0.131955
4 2.39 1.5 0 1.5 0 0 1.57075 0 0 0 0 0 0
5 2.39 50 0.00077796 1
6 2.39 -7.47543 0.546601 -0.838888 0.27521
0 2.4 1.08745 -0.385263 3.79094 -0.15842 0.119551 1.53984 0.224796 0.228018 3.69196 -0.42901 0.425292 -0.237289
1 2.4 1.09644 -0.376142 3.93862 -0.177028 0.134852 1.5277 0.244946 0.211981 3.17131 -0.0176636 -0.0525633 -0.141929
4 2.4 1.5 0 1.5 0 0 1.57075 0 0 0 0 0 0
5 2.4 50 0.000782013 1
6 2.4 -8.01209 0.452002 -0.556698 0.304229
0 2.41 1.0907 -0.386387 3.83321 -0.162233 0.121778 1.53701 0.198236 0.241075 3.75338 -0.331257 0.226857 -0.24647
1 2.41 1.09863 -0.376744 3.98334 -0.176854 0.129141 1.52573 0.220227 0.223571 3.2241 0.00747327 -0.0651483 -0.146424
4 2.41 1.5 0 1.5 0 0 1.57075 0 0 0 0 0 0
5 2.41 50 0.000718355 1
6 2.41 -8.55835 0.374434 -0.341796 0.319312
0 2.42 1.09306 -0.38637 3.87004 -0.164899 0.121594 1.53439 0.17545 0.253488 3.80748 -0.198764 -0.0262796 -0.250109
1 2.42 1.10008 -0.376231 4.02234 -0.174035 0.118915 1.52462 0.199649 0.234463 3.2667 0.0272166 -0.0840658 -0.14719
4 2.42 1.5 0 1.5 0 0 1.57075 0 0 0 0 0 0
5 2.42 50 0.00101495 2
6 2.42 -9.28169 0.253389 -0.0704227 0.328574
0 2.44 1.09562 -0.387263 3.91114 -0.167472 0.117137 1.53033 0.147761 0.268725 3.87076 -0.0505437 -0.280234 -0.232577
1 2.44 1.10153 -0.376514 4.06597 -0.170354 0.104534 1.52297 0.173686 0.249206 3.32154 0.0508954 -0.0962688 -0.136138
4 2.44 1.5 0 1.5 0 0 1.57075 0 0 0 0 0 0
5 2.44 50 0.00162315 2
6 2.44 -9.80871 0.118833 0.210093 0.307896
0 2.45 1.09755 -0.386937 3.95128 -0.167792 0.114318 1.52904 0.12112 0.284062 3.9316 -0.0215158 -0.316125 -0.216677
1 2.45 1.10239 -0.375574 4.10855 -0.169392 0.100403 1.52256 0.148484 0.263924 3.37391 0.0662039 -0.0956226 -0.126963
4 2.45 1.5 0 1.5 0 0 1.57075 0 0 0 0 0 0
5 2.45 50 0.00152349 2
6 2.45 -10.3355 0.103754 0.252601 0.28642
0 2.46 1.10005 -0.387536 4.01059 -0.168036 0.110054 1.52735 0.0885568 0.302419 4.01432 0.000696275 -0.315959 -0.185017
1 2.46 1.1036 -0.375439 4.17116 -0.168581 0.0963557 1.52214 0.118044 0.281456 3.44398 0.0743372 -0.0921517 -0.108784
4 2.46 1.5 0 1.5 0 0 1.57075 0 0 0 0 0 0
5 2.46 50 0.00111914 2
6 2.46 -11.1221 0.0871796 0.25679 0.243374
0 2.47 1.10174 -0.386883 4.0629 -0.168027 0.106715 1.52627 0.0626912 0.31274 4.07915 0.0121007 -0.297407 -0.159711
1 2.47 1.10425 -0.374374 4.22607 -0.168004 0.0939177 1.52193 0.0940585 0.291039 3.4974 0.0785245 -0.088987 -0.0941065
4 2.47 1.5 0 1.5 0 0 1.57075 0 0 0 0 0 0
5 2.47 50 0.00104642 2
6 2.47 -11.8306 0.0782078 0.239285 0.209437
0 2.49 1.10327 -0.387365 4.12119 -0.167768 0.101726 1.52485 0.0356084 0.324588 4.14977 0.0189707 -0.214393 -0.106444
1 2.49 1.1047 -0.374381 4.28718 -0.167291 0.0925597 1.52207 0.0687636 0.302576 3.55688 0.0814887 -0.0799269 -0.0632403
4 2.49 1.5 0 1.5 0 0 1.57075 0 0 0 0 0 0
5 2.49 50 0.00169301 2
6 2.49 -12.5195 0.0718187 0.154443 0.137925
0 2.5 1.10419 -0.386441 4.17753 -0.167463 0.0992371 1.52419 0.00771786 0.337958 4.21969 0.0278527 -0.157187 -0.0743277
1 2.5 1.1045 -0.372923 4.34632 -0.166537 0.092542 1.5223 0.0426022 0.315266 3.61595 0.0866426 -0.0738688 -0.0450733
4 2.5 1.5 0 1.5 0 0 1.57075 0 0 0 0 0 0
5 2.5 50 0.00114846 2
6 2.5 -13.1934 0.0667362 0.0957648 0.0933896
0 2.51 1.10481 -0.386896 4.2163 -0.16715 0.0977258 1.52385 -0.0156638 0.348529 4.27267 0.0330303 -0.130405 -0.0576349
1 2.51 1.10418 -0.372955 4.38721 -0.165967 0.0921987 1.52244 0.0204301 0.325331 3.66118 0.0936899 -0.0705525 -0.0358246
4 2.51 1.5 0 1.5 0 0 1.57075 0 0 0 0 0 0
5 2.51 50 0.0010159 2
6 2.51 -13.6741 0.0684874 0.0688282 0.0696247
0 2.52 1.10503 -0.386302 4.25579 -0.166773 0.0965012 1.5237 -0.0385753 0.359672 4.32589 0.0403875 -0.102853 -0.0408346
1 2.52 1.10348 -0.371915 4.42882 -0.165247 0.092173 1.52277 -0.00126998 0.335921 3.70654 0.0999939 -0.0672987 -0.0266294
4 2.52 1.5 0 1.5 0 0 1.57075 0 0 0 0 0 0
5 2.52 50 0.0017066 2
6 2.52 -14.162 0.0670376 0.0409292 0.0453451
0 2.53 1.10512 -0.386399 4.29978 -0.166172 0.0952814 1.52353 -0.0620955 0.370897 4.38305 0.0529289 -0.081094 -0.0226389
1 2.53 1.10263 -0.371563 4.4751 -0.164089 0.0919325 1.52317 -0.0227353 0.346041 3.75032 0.103496 -0.0671389 -0.0165832
4 2.53 1.5 0 1.5 0 0 1.57075 0 0 0 0 0 0
5 2.53 50 0.0015533 3
6 2.53 -14.9936 0.0567297 0.0161104 0.0193281
0 2.54 1.10472 -0.385167 4.35087 -0.165744 0.0946294 1.52352 -0.0885995 0.384183 4.44871 0.0591353 -0.0802895 -0.0143175
1 2.54 1.10118 -0.369799 4.52881 -0.163382 0.0913673 1.52349 -0.0476902 0.358453 3.80588 0.108087 -0.0656745 -0.0126277
4 2.54 1.5 0 1.5 0 0 1.57075 0 0 0 0 0 0
5 2.54 50 0.0015409 3
6 2.54 -15.6218 0.0548663 0.0168383 0.00538918
0 2.55 1.10416 -0.38483 4.40357 -0.165162 0.093815 1.52357 -0.116469 0.397345 4.51699 0.0589512 -0.0764942 -0.00893301
1 2.55 1.09951 -0.368936 4.58425 -0.16279 0.0907382 1.52372 -0.0739925 0.370758 3.86365 0.112653 -0.0639356 -0.0103783
4 2.55 1.5 0 1.5 0 0 1.57075 0 0 0 0 0 0
5 2.55 50 0.00217366 3
6 2.55 -16.2743 0.0601426 0.0144524 -0.00461927
0 2.57 1.10275 -0.382461 4.4687 -0.163741 0.0920403 1.5237 -0.149006 0.413789 4.59937 0.0810926 -0.0957873 -6.16742e-06
1 2.57 1.09679 -0.36591 4.65268 -0.160439 0.0882601 1.52433 -0.104718 0.386346 3.93256 0.11964 -0.0628241 -0.00632393
4 2.57 1.5 0 1.5 0 0 1.57075 0 0 0 0 0 0
5 2.57 50 0.00147343 3
6 2.57 -17.1079 0.0431309 0.0378195 -0.0201783
0 2.58 1.1017 -0.382339 4.51665 -0.162868 0.0909692 1.52392 -0.170712 0.423307 4.65757 0.0921809 -0.110902 0.00509374
1 2.58 1.09487 -0.365407 4.70296 -0.159097 0.0866249 1.52485 -0.125165 0.395263 3.98147 0.122701 -0.0621715 -0.00400391
4 2.58 1.5 0 1.5 0 0 1.57075 0 0 0 0 0 0
5 2.58 50 0.00157809 3
6 2.58 -17.6826 0.0341026 0.0558703 -0.0290559
0 2.59 1.09985 -0.380566 4.57713 -0.162053 0.0899822 1.52414 -0.197555 0.435702 4.72932 0.0967736 -0.119702 0.00248799
1 2.59 1.09194 -0.363138 4.7663 -0.158103 0.085273 1.52501 -0.150112 0.406664 4.03996 0.124799 -0.0616042 -0.0064815
4 2.59 1.5 0 1.5 0 0 1.57075 0 0 0 0 0 0
5 2.59 50 0.00155377 3
6 2.59 -18.5052 0.0313331 0.0666368 -0.0286483
0 2.61 1.09762 -0.379586 4.64326 -0.160077 0.0875742 1.5246 -0.227806 0.448538 4.80892 0.105885 -0.126139 0.00448657
1 2.61 1.0885 -0.361644 4.83561 -0.155755 0.0826218 1.52559 -0.177786 0.418375 4.09965 0.127191 -0.061981 -0.00658002
4 2.61 1.5 0 1.5 0 0 1.57075 0 0 0 0 0 0
5 2.61 50 0.0011766 2
6 2.61 -19.7356 0.0237924 0.0735706 -0.0353452
0 2.62 1.09573 -0.377921 4.68963 -0.158647 0.0858889 1.52498 -0.248255 0.457818 4.86383 0.115343 -0.138186 0.0122333
1 2.62 1.0858 -0.359608 4.88419 -0.153916 0.0805082 1.52634 -0.197263 0.427392 4.14554 0.131199 -0.0602672 -0.00283934
4 2.62 1.5 0 1.5 0 0 1.57075 0 0 0 0 0 0
5 2.62 50 0.00142479 2
6 2.62 -20.2891 0.0176025 0.0892806 -0.0481376
0 2.63 1.09358 -0.377323 4.74251 -0.157643 0.0847141 1.52525 -0.273148 0.468023 4.9285 0.120235 -0.143493 0.014196
1 2.63 1.08265 -0.358602 4.93965 -0.152709 0.0791347 1.52671 -0.220844 0.437047 4.19975 0.134966 -0.0584969 -0.00248739
4 2.63 1.5 0 1.5 0 0 1.57075 0 0 0 0 0 0
5 2.63 50 0.00152016 2
6 2.63 -20.9355 0.0163152 0.0973762 -0.0532814
0 2.64 1.09085 -0.375159 4.79781 -0.156486 0.0833268 1.52559 -0.297274 0.479186 4.99444 0.123152 -0.14936 0.012081
1 2.64 1.07896 -0.355992 4.99759 -0.151442 0.0775007 1.52701 -0.24366 0.447728 4.25477 0.138123 -0.0563075 -0.00459706
4 2.64 1.5 0 1.5 0 0 1.57075 0 0 0 0 0 0
5 2.64 50 0.00112224 2
6 2.64 -21.6082 0.0166033 0.106638 -0.0532655
0 2.65 1.08756 -0.374169 4.86305 -0.154843 0.081555 1.5261 -0.320892 0.488982 5.06835 0.133299 -0.138655 0.0166563
1 2.65 1.07473 -0.35461 5.06579 -0.149387 0.076178 1.52762 -0.265902 0.457079 4.31608 0.140467 -0.0530702 -0.00271919
4 2.65 1.5 0 1.5 0 0 1.57075 0 0 0 0 0 0
5 2.65 50 0.00131488 2
6 2.65 -22.3833 0.00783128 0.0980088 -0.0618771
0 2.67 1.0837 -0.371681 4.93148 -0.152063 0.0787572 1.52678 -0.34257 0.491031 5.14202 0.138348 -0.132995 0.0139422
1 2.67 1.07 -0.35204 5.13716 -0.146422 0.0735832 1.52814 -0.286617 0.45912 4.37686 0.143306 -0.0497436 -0.00463107
4 2.67 1.5 0 1.5 0 0 1.57075 0 0 0 0 0 0
5 2.67 50 0.00112104 2
6 2.67 -23.1703 0.00539564 0.0953565 -0.0593162
0 2.68 1.08083 -0.371094 4.98314 -0.150271 0.0770172 1.52723 -0.362302 0.493462 5.20244 0.138549 -0.129663 0.0178593
1 2.68 1.06634 -0.351356 5.19124 -0.144615 0.0719961 1.52872 -0.305498 0.46141 4.42715 0.146103 -0.0475775 -0.00264634
4 2.68 1.5 0 1.5 0 0 1.57075 0 0 0 0 0 0
5 2.68 50 0.00114632 2
6 2.68 -23.7898 0.00826345 0.0939735 -0.0654846
0 2.69 1.07688 -0.368628 5.04533 -0.149541 0.0763212 1.52746 -0.38483 0.49917 5.27366 0.140389 -0.129913 0.0194876
1 2.69 1.06148 -0.348661 5.25628 -0.143807 0.0712988 1.52901 -0.326375 0.466332 4.48536 0.146711 -0.0463602 -0.0022364
4 2.69 1.5 0 1.5 0 0 1.57075 0 0 0 0 0 0
5 2.69 50 0.00128818 2
6 2.69 -24.5942 0.00686673 0.0956354 -0.0693747
0 2.7 1.07315 -0.367813 5.10378 -0.147914 0.0748333 1.5279 -0.402582 0.503407 5.3365 0.140759 -0.126749 0.0183027
1 2.7 1.05705 -0.347676 5.31724 -0.142173 0.0699266 1.52937 -0.34286 0.470161 4.53523 0.147079 -0.044728 -0.00336647
4 2.7 1.5 0 1.5 0 0 1.57075 0 0 0 0 0 0
5 2.7 50 0.00148702 2
6 2.7 -25.3905 0.00688196 0.0938905 -0.0691991
0 2.72 1.06775 -0.364899 5.18115 -0.144816 0.0721575 1.52867 -0.426094 0.511099 5.41993 0.145152 -0.113298 0.016305
1 2.72 1.05071 -0.344455 5.39795 -0.138916 0.0677671 1.52997 -0.365503 0.4779 4.60395 0.150981 -0.0401653 -0.00524088
4 2.72 1.5 0 1.5 0 0 1.57075 0 0 0 0 0 0
5 2.72 50 0.00135541 2
6 2.72 -26.2875 0.00637163 0.0837102 -0.0688038
0 2.73 1.06326 -0.363712 5.24559 -0.14336 0.0710187 1.52899 -0.446994 0.517159 5.49215 0.144163 -0.110296 0.0149011
1 2.73 1.04538 -0.343026 5.46528 -0.137507 0.0667373 1.53021 -0.384342 0.483039 4.65733 0.149806 -0.0396764 -0.00682008
4 2.73 1.5 0 1.5 0 0 1.57075 0 0 0 0 0 0
5 2.73 50 0.0017457 3
6 2.73 -27.4478 0.00617991 0.080845 -0.0693629
0 2.74 1.05828 -0.360991 5.31142 -0.142241 0.070127 1.52924 -0.467276 0.523904 5.56513 0.146701 -0.116914 0.0143081
1 2.74 1.03959 -0.340034 5.53402 -0.136286 0.0655788 1.53047 -0.402942 0.489042 4.7149 0.149891 -0.038548 -0.00780179
4 2.74 1.5 0 1.5 0 0 1.57075 0 0 0 0 0 0
5 2.74 50 0.00142241 3
6 2.74 -28.3981 0.00343252 0.0897365 -0.0706053
0 2.75 1.05372 -0.359993 5.37237 -0.140221 0.0685141 1.52966 -0.484301 0.528666 5.63084 0.148588 -0.119469 0.0184357
1 2.75 1.03435 -0.338846 5.5976 -0.134182 0.0638853 1.53106 -0.419235 0.493731 4.76877 0.152063 -0.036115 -0.00582288
4 2.75 1.5 0 1.5 0 0 1.57075 0 0 0 0 0 0
5 2.75 50 0.00154686 3
6 2.75 -29.1204 0.00370714 0.095407 -0.0774657
0 2.76 1.04696 -0.356573 5.45639 -0.138505 0.0670414 1.53012 -0.507014 0.536801 5.72103 0.147394 -0.125151 0.0174858
1 2.76 1.02668 -0.335101 5.68523 -0.132516 0.0621799 1.5315 -0.439263 0.50078 4.83361 0.149403 -0.0353109 -0.00743184
4 2.76 1.5 0 1.5 0 0 1.57075 0 0 0 0 0 0
5 2.76 50 0.0025239 4
6 2.76 -30.6819 0.00206915 0.102862 -0.0795706
0 2.78 1.04157 -0.355275 5.52418 -0.135855 0.0648111 1.53048 -0.525274 0.542248 5.79525 0.147914 -0.120022 0.00593058
1 2.78 1.02056 -0.333585 5.75599 -0.129881 0.0600866 1.53137 -0.457012 0.506468 4.89441 0.152497 -0.0311538 -0.0144225
4 2.78 1.5 0 1.5 0 0 1.57075 0 0 0 0 0 0
5 2.78 50 0.0020256 4
6 2.78 -31.4981 0.00506959 0.101888 -0.0649973
0 2.79 1.03682 -0.353097 5.58082 -0.134435 0.0636745 1.53068 -0.539928 0.547172 5.85702 0.148182 -0.116023 0.00712225
1 2.79 1.01522 -0.331211 5.8151 -0.12845 0.0591136 1.53159 -0.469753 0.510651 4.93643 0.150402 -0.0302231 -0.0145955
4 2.79 1.5 0 1.5 0 0 1.57075 0 0 0 0 0 0
5 2.79 50 0.00211763 3
6 2.79 -32.7123 0.00241666 0.0983529 -0.0693534
0 2.8 1.03102 -0.35179 5.65025 -0.132966 0.0625333 1.53092 -0.555033 0.551342 5.929 0.146835 -0.111008 0.00656697
1 2.8 1.00881 -0.329736 5.88741 -0.12704 0.058167 1.53177 -0.483443 0.514349 4.99184 0.149637 -0.0283197 -0.0153042
4 2.8 1.5 0 1.5 0 0 1.57075 0 0 0 0 0 0
5 2.8 50 0.00142431 3
6 2.8 -33.73 0.00307571 0.0947906 -0.0698421
0 2.81 1.02267 -0.347959 5.74508 -0.131467 0.0613969 1.53115 -0.575456 0.558358 6.02774 0.151387 -0.109839 0.00753846
1 2.81 0.999653 -0.325624 5.98619 -0.125357 0.0570808 1.53203 -0.501045 0.520175 5.06268 0.146713 -0.0270416 -0.0156161
4 2.81 1.5 0 1.5 0 0 1.57075 0 0 0 0 0 0
5 2.81 50 0.00213456 4
6 2.81 -35.4477 -0.00529786 0.0949003 -0.0739399
0 2.82 1.01634 -0.346484 5.81809 -0.129507 0.0600056 1.53136 -0.591721 0.562713 6.1063 0.159264 -0.108492 0.000231147
1 2.82 0.992669 -0.323976 6.06234 -0.123102 0.0557035 1.53193 -0.51539 0.523847 5.11757 0.145661 -0.0256153 -0.020284
4 2.82 1.5 0 1.5 0 0 1.57075 0 0 0 0 0 0
5 2.82 50 0.00238562 5
6 2.82 -36.9001 -0.0152219 0.0950832 -0.0655142
0 2.84 1.00965 -0.343444 5.89157 -0.127136 0.0583157 1.53165 -0.607384 0.567916 6.18497 0.161371 -0.109452 0.00427422
1 2.84 0.985356 -0.320727 6.13897 -0.120639 0.0539946 1.53237 -0.529452 0.528628 5.17239 0.144905 -0.0233251 -0.0187536
4 2.84 1.5 0 1.5 0 0 1.57075 0 0 0 0 0 0
5 2.84 50 0.00243783 6
6 2.84 -38.3604 -0.0184623 0.098758 -0.0735364
0 2.85 1.0036 -0.342323 5.95938 -0.125462 0.0571995 1.53179 -0.619962 0.570758 6.25517 0.168383 -0.104742 0.00464165
1 2.85 0.978797 -0.319493 6.20958 -0.118687 0.053066 1.5325 -0.539992 0.53068 5.21786 0.142623 -0.0226108 -0.0191541
4 2.85 1.5 0 1.5 0 0 1.57075 0 0 0 0 0 0
5 2.85 50 0.00229502 5
6 2.85 -39.8787 -0.0288629 0.0941659 -0.075988
0 2.86 0.995421 -0.339052 6.04726 -0.123036 0.0555893 1.53193 -0.636206 0.575563 6.34644 0.156956 -0.103009 -0.00116139
1 2.86 0.969972 -0.316029 6.30112 -0.116732 0.0514944 1.53239 -0.518645 0.517151 4.98723 0.0128025 -0.0993379 0.012513
4 2.86 1.5 0 1.5 0 0 1.57075 0 0 0 0 0 0
5 2.86 50 0.00655794 16
6 2.86 -59.7605 -0.161285 0.0042273 0.0436372
0 2.87 0.988727 -0.337801 6.12078 -0.121929 0.0548005 1.53196 -0.645187 0.566986 6.4151 0.151461 -0.105646 -0.00663918
1 2.87 0.96292 -0.315122 6.37738 -0.115857 0.0505738 1.53221 -0.526416 0.508262 5.03704 0.0124286 -0.101112 0.00987056
4 2.87 1.5 0 1.5 0 0 1.57075 0 0 0 0 0 0
5 2.87 50 0.00430369 11
6 2.87 -60.9147 -0.155507 0.00528486 0.0526892
0 2.89 0.981204 -0.334879 6.20058 -0.118787 0.0522445 1.53206 -0.655843 0.562758 6.49169 0.145572 -0.107602 -0.00664216
1 2.89 0.954971 -0.312369 6.46025 -0.112951 0.0479392 1.53231 -0.537644 0.505488 5.09246 0.0120717 -0.092179 0.00974077
4 2.89 1.5 0 1.5 0 0 1.57075 0 0 0 0 0 0
5 2.89 50 0.00333881 8
6 2.89 -62.1911 -0.149316 0.0177755 0.0522847
0 2.9 0.97318 -0.333246 6.28626 -0.117387 0.0510264 1.53211 -0.666954 0.559841 6.57375 0.134734 -0.108786 -0.00623501
1 2.9 0.946502 -0.310852 6.54921 -0.111985 0.0466757 1.53238 -0.547556 0.502623 5.15224 0.0112735 -0.0901711 0.0101655
4 2.9 1.5 0 1.5 0 0 1.57075 0 0 0 0 0 0
5 2.9 50 0.0033133 8
6 2.9 -63.553 -0.138085 0.021427 0.0523419
0 2.91 0.966542 -0.330904 6.35553 -0.116141 0.0497834 1.53221 -0.676453 0.559343 6.64047 0.116393 -0.113848 -0.000744754
1 2.91 0.939484 -0.30853 6.62115 -0.111461 0.0452567 1.53271 -0.556227 0.502483 5.20082 0.00994903 -0.0842558 0.0121054
4 2.91 1.5 0 1.5 0 0 1.57075 0 0 0 0 0 0
5 2.91 50 0.00279903 7
6 2.91 -64.6592 -0.119094 0.0339587 0.0410091
0 2.92 0.961625 -0.33023 6.40791 -0.115373 0.0487778 1.53229 -0.684714 0.558078 6.69489 0.0878828 -0.128776 -0.00373862
1 2.92 0.934236 -0.307906 6.67571 -0.111836 0.0436438 1.53273 -0.563657 0.501564 5.24115 0.00772076 -0.0795168 0.0110038
4 2.92 1.5 0 1.5 0 0 1.57075 0 0 0 0 0 0
5 2.92 50 0.00288367 7
6 2.92 -65.5206 -0.0896546 0.0565436 0.0470524
0 2.93 0.955968 -0.328283 6.4663 -0.114523 0.0469108 1.53244 -0.693788 0.558139 6.75405 0.0540896 -0.148543 -0.000753325
1 2.93 0.928217 -0.305957 6.73647 -0.112329 0.0410046 1.53309 -0.571802 0.502861 5.28468 0.00516454 -0.0673864 0.0120973
4 2.93 1.5 0 1.5 0 0 1.57075 0 0 0 0 0 0
5 2.93 50 0.00292087 6
6 2.93 -66.4722 -0.0547335 0.0931164 0.0410166
0 2.94 0.947686 -0.326567 6.55242 -0.114173 0.0456828 1.53256 -0.705084 0.557893 6.83538 0.04058 -0.159676 -0.00169052
1 2.94 0.919482 -0.304251 6.82583 -0.11252 0.0393296 1.53322 -0.580927 0.50286 5.34385 0.00418571 -0.0611077 0.0117545
4 2.94 1.5 0 1.5 0 0 1.57075 0 0 0 0 0 0
5 2.94 50 0.00252128 6
6 2.94 -67.8336 -0.0406998 0.113096 0.0429157
0 2.95 0.9389 -0.323318 6.64164 -0.113852 0.0435527 1.53285 -0.716429 0.558545 6.91912 0.0154021 -0.167174 0.0129786
1 2.95 0.910243 -0.300976 6.9184 -0.11318 0.036968 1.53413 -0.589952 0.504809 5.40467 0.00228437 -0.0486847 0.018127
4 2.95 1.5 0 1.5 0 0 1.57075 0 0 0 0 0 0
5 2.95 50 0.00232077 6
6 2.95 -69.2389 -0.0148551 0.135929 0.0164334
0 2.96 0.931967 -0.322218 6.71353 -0.113812 0.0417022 1.53322 -0.725571 0.557972 6.98703 5.82117e-06 -0.172353 0.018189
1 2.96 0.902944 -0.299899 6.99302 -0.113749 0.0349354 1.53473 -0.596968 0.505513 5.4541 0.00113205 -0.0386559 0.0204473
4 2.96 1.5 0 1.5 0 0 1.57075 0 0 0 0 0 0
5 2.96 50 0.0045445 6
6 2.96 -70.3739 0.00100368 0.153393 0.00720963
0 2.98 0.923835 -0.319489 6.7958 -0.113988 0.0383753 1.53411 -0.735735 0.558307 7.06412 -0.0127807 -0.16565 0.0312158
1 2.98 0.894405 -0.297157 7.07836 -0.114422 0.0319343 1.5361 -0.604371 0.508854 5.51005 0.000205028 -0.0195559 0.0259633
4 2.98 1.5 0 1.5 0 0 1.57075 0 0 0 0 0 0
5 2.98 50 0.00266147 6
6 2.98 -71.6694 0.0141068 0.167651 -0.0167662
0 2.99 0.916072 -0.318168 6.87559 -0.114054 0.0367776 1.53454 -0.74571 0.557218 7.13895 -0.00953346 -0.160703 0.0367811
1 2.99 0.886244 -0.295879 7.16115 -0.114354 0.0305586 1.53673 -0.611871 0.508839 5.56443 0.000567249 -0.0120283 0.0283887
4 2.99 1.5 0 1.5 0 0 1.57075 0 0 0 0 0 0
5 2.99 50 0.0034368 6
6 2.99 -72.9275 0.0108182 0.170607 -0.0267909
0 3 0.907638 -0.315236 6.96013 -0.114092 0.0355474 1.5349 -0.756096 0.557209 7.21707 -0.00719636 -0.154085 0.0361472
1 3 0.877394 -0.292947 7.24882 -0.114304 0.0295887 1.53704 -0.619711 0.509481 5.62104 0.000862924 -0.00596729 0.0281979
4 3 1.5 0 1.5 0 0 1.57075 0 0 0 0 0 0
5 3 50 0.00270867 6
6 3 -74.2517 0.00856194 0.169961 -0.0253769
0 3.01 0.897698 -0.313607 7.0617 -0.114087 0.033827 1.53548 -0.76745 0.556096 7.30802 0.00191296 -0.136962 0.0370506
1 3.01 0.867 -0.291363 7.35402 -0.11394 0.0285528 1.53758 -0.628084 0.509552 5.68647 0.00173285 0.000482407 0.0285997
4 3.01 1.5 0 1.5 0 0 1.57075 0 0 0 0 0 0
5 3.01 50 0.00318336 6
6 3.01 -75.8216 -0.000616654 0.157687 -0.0269796
0 3.03 0.885703 -0.309603 7.18134 -0.113888 0.0316749 1.53644 -0.780531 0.556044 7.41415 0.0172736 -0.113174 0.0375063
1 3.03 0.854482 -0.287361 7.4779 -0.113134 0.0273478 1.53844 -0.637888 0.51122 5.7626 0.00315978 0.0103489 0.0286944
4 3.03 1.5 0 1.5 0 0 1.57075 0 0 0 0 0 0
5 3.03 50 0.0026567 6
6 3.03 -77.6652 -0.0161393 0.141667 -0.0281342
0 3.04 0.878538 -0.308874 7.25489 -0.113686 0.0305884 1.53696 -0.788995 0.553948 7.48163 0.0180161 -0.105649 0.0405796
1 3.04 0.846979 -0.286716 7.55416 -0.112901 0.0265739 1.53905 -0.644431 0.509933 5.81139 0.00334705 0.014328 0.0299616
4 3.04 1.5 0 1.5 0 0 1.57075 0 0 0 0 0 0
5 3.04 50 0.0026629 6
6 3.04 -78.8133 -0.016764 0.137591 -0.0339001
0 3.05 0.872211 -0.307111 7.31823 -0.113429 0.0293787 1.53765 -0.796077 0.552894 7.53863 0.0175077 -0.0902964 0.0457438
1 3.05 0.840368 -0.284995 7.61978 -0.112664 0.0259971 1.53988 -0.649964 0.510006 5.85241 0.00342314 0.0192225 0.0320475
4 3.05 1.5 0 1.5 0 0 1.57075 0 0 0 0 0 0
5 3.05 50 0.00329995 6
6 3.05 -79.7939 -0.0160973 0.125587 -0.0437272
0 3.06 0.862426 -0.305862 7.41805 -0.113204 0.0285684 1.53817 -0.806337 0.55067 7.62539 0.0200415 -0.0814773 0.04392
1 3.06 0.830172 -0.283835 7.72307 -0.112342 0.0255286 1.54029 -0.657668 0.508117 5.91436 0.00459874 0.0245348 0.0308107
4 3.06 1.5 0 1.5 0 0 1.57075 0 0 0 0 0 0
5 3.06 50 0.0044899 7
6 3.06 -81.32 -0.0175717 0.121557 -0.0418533
0 3.08 0.85256 -0.30336 7.51731 -0.112815 0.0271301 1.53911 -0.811294 0.536209 7.69678 0.0172873 -0.0733178 0.0419807
1 3.08 0.820108 -0.281912 7.82518 -0.112069 0.0244051 1.54111 -0.660485 0.495008 5.96292 0.00457117 0.0240455 0.0297387
4 3.08 1.5 0 1.5 0 0 1.57075 0 0 0 0 0 0
5 3.08 50 0.00358891 7
6 3.08 -82.7207 -0.01448 0.111647 -0.0390839
0 3.09 0.843927 -0.302563 7.60574 -0.112435 0.0258439 1.53993 -0.816793 0.524184 7.76407 0.0143677 -0.0672853 0.0435028
1 3.09 0.811256 -0.281596 7.9163 -0.111808 0.0233647 1.54196 -0.664088 0.484239 6.00942 0.00452957 0.0240401 0.0301721
4 3.09 1.5 0 1.5 0 0 1.57075 0 0 0 0 0 0
5 3.09 50 0.00370622 7
6 3.09 -83.9964 -0.0112474 0.104728 -0.0425595
0 3.1 0.834818 -0.300257 7.69702 -0.112298 0.0253165 1.5403 -0.823293 0.515702 7.83595 0.0111557 -0.0589094 0.0403844
1 3.1 0.801886 -0.279629 8.01046 -0.111805 0.023156 1.54217 -0.668307 0.475913 6.05955 0.00455918 0.0210256 0.0285461
4 3.1 1.5 0 1.5 0 0 1.57075 0 0 0 0 0 0
5 3.1 50 0.00388455 7
6 3.1 -85.3343 -0.00757551 0.0916738 -0.0377947
0 3.11 0.82453 -0.299295 7.80216 -0.112111 0.0246702 1.54082 -0.831467 0.50794 7.91977 0.0144824 -0.0560019 0.0403923
1 3.11 0.791271 -0.278977 8.11895 -0.111486 0.022625 1.54268 -0.673887 0.468429 6.11823 0.0050977 0.0188407 0.0284538
4 3.11 1.5 0 1.5 0 0 1.57075 0 0 0 0 0 0
5 3.11 50 0.00360489 7
6 3.11 -86.8814 -0.0106857 0.08582 -0.0381144
0 3.13 0.80498 -0.296354 8.00034 -0.111742 0.0232462 1.54163 -0.847257 0.497685 8.07858 0.0147093 -0.0578461 0.0330707
1 3.13 0.77109 -0.276446 8.32349 -0.111117 0.0210943 1.54321 -0.684815 0.459063 6.22949 0.00573722 0.0224519 0.0250118
4 3.13 1.5 0 1.5 0 0 1.57075 0 0 0 0 0 0
5 3.13 50 0.00243807 6
6 3.13 -89.8065 -0.0101954 0.0920873 -0.0257288
0 3.15 0.793613 -0.294136 8.11483 -0.111444 0.0220386 1.54236 -0.856009 0.493505 8.16987 0.0191356 -0.0633066 0.0323766
1 3.15 0.759372 -0.274396 8.44163 -0.110644 0.0196661 1.54392 -0.690881 0.45608 6.29334 0.00645001 0.0305552 0.0245493
4 3.15 1.5 0 1.5 0 0 1.57075 0 0 0 0 0 0
5 3.15 50 0.00363016 6
6 3.15 -91.4929 -0.0143616 0.107638 -0.02499
0 3.16 0.783171 -0.293388 8.22201 -0.111201 0.021277 1.54279 -0.863576 0.489305 8.25563 0.0215067 -0.0639162 0.0322199
1 3.16 0.748628 -0.273815 8.55223 -0.110307 0.0188792 1.54435 -0.695954 0.452475 6.35376 0.00627574 -0.0799792 0.0246544
4 3.16 1.5 0 1.5 0 0 1.57075 0 0 0 0 0 0
5 3.16 50 0.00267124 4
6 3.16 -93.0507 -0.0172105 -0.018487 -0.0241546
0 3.18 0.769898 -0.290361 8.35528 -0.110767 0.0199623 1.54366 -0.873486 0.485475 8.36197 0.0211277 -0.0652205 0.0336138
1 3.18 0.734958 -0.270942 8.68976 -0.109889 0.0175181 1.54528 -0.70291 0.450059 6.42814 0.00660825 -0.0793006 0.0249068
4 3.18 1.5 0 1.5 0 0 1.57075 0 0 0 0 0 0
5 3.18 50 0.0018878 4
6 3.18 -95.0137 -0.0164253 -0.0162133 -0.0277989
0 3.19 0.763252 -0.290485 8.42445 -0.11048 0.0191934 1.54404 -0.878295 0.481569 8.41786 0.0241377 -0.0722577 0.0285143
1 3.19 0.72812 -0.271222 8.76117 -0.109487 0.0164465 1.5455 -0.70628 0.447046 6.46734 0.00707719 -0.0780987 0.022556
4 3.19 1.5 0 1.5 0 0 1.57075 0 0 0 0 0 0
5 3.19 50 0.0019536 4
6 3.19 -96.0381 -0.0192577 -0.00675866 -0.019024
0 3.21 0.755343 -0.28931 8.50485 -0.110311 0.0186653 1.54428 -0.884026 0.478533 8.48249 0.0196855 -0.0739232 0.0267996
1 3.21 0.719982 -0.270168 8.84415 -0.109497 0.0158443 1.54567 -0.710123 0.444464 6.51267 0.00693042 -0.0800091 0.0217009
4 3.21 1.5 0 1.5 0 0 1.57075 0 0 0 0 0 0
5 3.21 50 0.00195932 4
6 3.21 -97.2247 -0.0144339 -0.00702634 -0.0162792
0 3.22 0.746697 -0.289078 8.59444 -0.110033 0.0175517 1.54471 -0.890285 0.474195 8.55442 0.0197436 -0.0952775 0.0266003
1 3.22 0.711085 -0.27011 8.93662 -0.109217 0.0138805 1.54618 -0.714399 0.441529 6.56307 0.00718695 -0.0748671 0.0213809
4 3.22 1.5 0 1.5 0 0 1.57075 0 0 0 0 0 0
5 3.22 50 0.00167584 4
6 3.22 -98.5466 -0.0142571 0.0233737 -0.016665
0 3.23 0.737042 -0.287329 8.69226 -0.10985 0.0167218 1.54495 -0.897113 0.470848 8.63205 0.0210983 -0.115327 0.0239492
1 3.23 0.701158 -0.268495 9.03755 -0.108981 0.0122415 1.5464 -0.718917 0.439101 6.61733 0.00757991 -0.0723185 0.0200856
4 3.23 1.5 0 1.5 0 0 1.57075 0 0 0 0 0 0
5 3.23 50 0.0019114 4
6 3.23 -99.9835 -0.0153518 0.0493032 -0.0123374
0 3.24 0.725187 -0.286951 8.81541 -0.109552 0.0150439 1.54541 -0.905897 0.466377 8.72878 0.0221557 -0.142072 0.0216403
1 3.24 0.688951 -0.268295 9.16456 -0.108644 0.00948973 1.54689 -0.724899 0.436924 6.68475 0.00803701 -0.0645321 0.0188276
4 3.24 1.5 0 1.5 0 0 1.57075 0 0 0 0 0 0
5 3.24 50 0.00175166 4
6 3.24 -101.784 -0.0160491 0.0889231 -0.00898299
0 3.26 0.713385 -0.285073 8.93564 -0.109037 0.0118981 1.54619 -0.914537 0.463147 8.82247 0.0257632 -0.165892 0.0333912
1 3.26 0.676804 -0.266547 9.28854 -0.107982 0.00544717 1.54824 -0.731136 0.438635 6.74986 0.00874328 -0.0459062 0.0234889
4 3.26 1.5 0 1.5 0 0 1.57075 0 0 0 0 0 0
5 3.26 50 0.0022831 4
6 3.26 -103.535 -0.0194969 0.137591 -0.0316178
0 3.27 0.706278 -0.285481 9.01062 -0.108764 0.0100008 1.54675 -0.91761 0.44894 8.87379 0.0185116 -0.171141 0.0306593
1 3.27 0.669573 -0.267523 9.36558 -0.108004 0.00332876 1.54871 -0.732741 0.427515 6.78423 0.00831895 -0.0386031 0.0220196
4 3.27 1.5 0 1.5 0 0 1.57075 0 0 0 0 0 0
5 3.27 50 0.00281334 4
6 3.27 -104.574 -0.0118338 0.152016 -0.0275856
0 3.28 0.698529 -0.284811 9.09056 -0.108521 0.00810442 1.54723 -0.921471 0.437781 8.93046 0.0197605 -0.175124 0.0311864
1 3.28 0.66167 -0.2673 9.44778 -0.107715 0.00127578 1.54923 -0.734946 0.419478 6.82261 0.00862145 -0.0312154 0.0220006
4 3.28 1.5 0 1.5 0 0 1.57075 0 0 0 0 0 0
5 3.28 50 0.00182772 4
6 3.28 -105.697 -0.0129104 0.165059 -0.0293296
0 3.29 0.690071 -0.285042 9.17976 -0.108262 0.00582374 1.54798 -0.925789 0.427386 8.99477 0.0175889 -0.17014 0.0347821
1 3.29 0.653039 -0.267947 9.53955 -0.107546 -0.000791688 1.55009 -0.737387 0.412973 6.8664 0.00866058 -0.0230914 0.023197
4 3.29 1.5 0 1.5 0 0 1.57075 0 0 0 0 0 0
5 3.29 50 0.00183558 4
6 3.29 -106.956 -0.010474 0.168661 -0.0369888
0 3.3 0.6771 -0.283354 9.31314 -0.108073 0.00407401 1.54853 -0.932603 0.415659 9.09164 0.0167603 -0.164583 0.0352679
1 3.3 0.639796 -0.266727 9.6768 -0.107394 -0.00231873 1.55064 -0.74113 0.404195 6.93253 0.00888165 -0.0220256 0.0231021
4 3.3 1.5 0 1.5 0 0 1.57075 0 0 0 0 0 0
5 3.3 50 0.00262713 4
6 3.3 -108.847 -0.00929028 0.16351 -0.0388423
0 3.31 0.665624 -0.283629 9.43482 -0.10791 0.00279523 1.54893 -0.93892 0.406335 9.17977 0.019943 -0.153243 0.0340352
1 3.31 0.628067 -0.267376 9.80201 -0.107107 -0.00315219 1.55095 -0.74465 0.39707 6.99264 0.00936007 -0.0207729 0.0224595
4 3.31 1.5 0 1.5 0 0 1.57075 0 0 0 0 0 0
5 3.31 50 0.00179625 4
6 3.31 -110.571 -0.012268 0.151929 -0.0369589
0 3.33 0.651616 -0.282058 9.58 -0.10747 -0.000441319 1.55019 -0.946286 0.397494 9.28496 0.0195956 -0.129847 0.0395859
1 3.33 0.613764 -0.266158 9.9514 -0.106688 -0.0054354 1.55232 -0.749081 0.394237 7.06443 0.00955256 -0.00373989 0.0245439
4 3.33 1.5 0 1.5 0 0 1.57075 0 0 0 0 0 0
5 3.33 50 0.00275064 4
6 3.33 -112.623 -0.0116578 0.144622 -0.0480243
0 3.34 0.639792 -0.28268 9.70677 -0.107322 -0.00136283 1.55059 -0.952514 0.389159 9.37628 0.0208192 -0.123535 0.0418455
1 3.34 0.601691 -0.267114 10.0818 -0.106492 -0.0060965 1.55278 -0.75241 0.387647 7.12662 0.00951457 0.0216904 0.0259961
4 3.34 1.5 0 1.5 0 0 1.57075 0 0 0 0 0 0
5 3.34 50 0.00218153 5
6 3.34 -114.416 -0.0130717 0.166548 -0.0506019
0 3.35 0.629622 -0.282122 9.81381 -0.10715 -0.00235571 1.55097 -0.957757 0.383311 9.45303 0.0213207 -0.118196 0.0375293
1 3.35 0.591312 -0.266789 10.1919 -0.106301 -0.0068959 1.55297 -0.7553 0.38373 7.17884 0.00972637 0.0215271 0.0239324
4 3.35 1.5 0 1.5 0 0 1.57075 0 0 0 0 0 0
5 3.35 50 0.00244689 5
6 3.35 -115.925 -0.0133358 0.160241 -0.0434112
0 3.36 0.619182 -0.282841 9.92657 -0.10688 -0.00368919 1.5515 -0.962796 0.375621 9.53312 0.0234898 -0.105602 0.0319603
1 3.36 0.58067 -0.267816 10.3079 -0.105947 -0.00775278 1.55323 -0.758037 0.378709 7.23316 0.0101418 0.0219356 0.0212828
4 3.36 1.5 0 1.5 0 0 1.57075 0 0 0 0 0 0
5 3.36 50 0.0033536 5
6 3.36 -117.509 -0.0152113 0.146264 -0.0340907
0 3.38 0.607872 -0.28213 10.0459 -0.106462 -0.00546728 1.55223 -0.968277 0.368867 9.61742 0.0216477 -0.0974961 0.036459
1 3.38 0.569141 -0.267375 10.4306 -0.105606 -0.00919008 1.5541 -0.761354 0.375606 7.29025 0.0100318 0.0390502 0.0231694
4 3.38 1.5 0 1.5 0 0 1.57075 0 0 0 0 0 0
5 3.38 50 0.00232935 5
6 3.38 -119.181 -0.0132878 0.156597 -0.0424296
0 3.39 0.596881 -0.283153 10.166 -0.106235 -0.00646037 1.55264 -0.973485 0.36168 9.70225 0.023387 -0.0937799 0.0343322
1 3.39 0.557942 -0.268685 10.5541 -0.105311 -0.0100448 1.55441 -0.764051 0.370556 7.34772 0.0102992 0.0427345 0.0220966
4 3.39 1.5 0 1.5 0 0 1.57075 0 0 0 0 0 0
5 3.39 50 0.00289965 6
6 3.39 -120.864 -0.0149074 0.156559 -0.0390647
0 3.4 0.585077 -0.28286 10.2922 -0.105945 -0.00755903 1.55312 -0.979263 0.355054 9.79045 0.0225261 -0.0792482 0.0314183
1 3.4 0.545906 -0.268658 10.6838 -0.105056 -0.0105783 1.55471 -0.767315 0.366359 7.40725 0.0100691 0.0663294 0.0211637
4 3.4 1.5 0 1.5 0 0 1.57075 0 0 0 0 0 0
5 3.4 50 0.0036478 6
6 3.4 -122.627 -0.014142 0.166966 -0.0327398
0 3.41 0.57386 -0.283948 10.4154 -0.105783 -0.00816523 1.55343 -0.984123 0.34715 9.87504 0.020389 -0.0725715 0.0333263
1 3.41 0.534495 -0.270062 10.8104 -0.104981 -0.0109111 1.55506 -0.769529 0.359908 7.46405 0.00998838 0.0637226 0.0217228
4 3.41 1.5 0 1.5 0 0 1.57075 0 0 0 0 0 0
5 3.41 50 0.00416088 6
6 3.41 -124.338 -0.0118351 0.156317 -0.0370458
0 3.42 0.562372 -0.283583 10.5386 -0.105512 -0.00904786 1.55394 -0.989425 0.340747 9.95895 0.0239961 -0.0647772 0.0332131
1 3.42 0.522795 -0.269953 10.937 -0.104567 -0.0114846 1.55554 -0.772419 0.355607 7.52024 0.0103774 0.0672396 0.0214779
4 3.42 1.5 0 1.5 0 0 1.57075 0 0 0 0 0 0
5 3.42 50 0.00396442 6
6 3.42 -126.042 -0.0154141 0.1514 -0.0374666
0 3.44 0.55127 -0.28477 10.6615 -0.104978 -0.010237 1.5547 -0.993379 0.332017 10.0397 0.0213639 -0.0577593 0.0314026
1 3.44 0.511535 -0.271489 11.0631 -0.104139 -0.012403 1.5562 -0.774557 0.349728 7.57359 0.00961552 0.149893 0.0217846
4 3.44 1.5 0 1.5 0 0 1.57075 0 0 0 0 0 0
5 3.44 50 0.00209713 5
6 3.44 -127.724 -0.0132937 0.238188 -0.0307069
0 3.45 0.540164 -0.284314 10.7811 -0.104771 -0.0108573 1.55508 -0.99717 0.325461 10.118 0.0121478 -0.0494765 0.0258628
1 3.45 0.500277 -0.271296 11.1858 -0.104298 -0.0127173 1.55632 -0.775978 0.344791 7.62543 0.00877508 0.150685 0.0191729
4 3.45 1.5 0 1.5 0 0 1.57075 0 0 0 0 0 0
5 3.45 50 0.00272202 5
6 3.45 -129.354 -0.0038784 0.229624 -0.0213582
0 3.46 0.5295 -0.286124 10.9016 -0.104681 -0.0112943 1.55527 -1.00101 0.317715 10.1982 0.00832114 -0.0512069 0.02274
1 3.46 0.48946 -0.273416 11.3095 -0.104361 -0.0132364 1.55639 -0.777171 0.338268 7.67874 0.00833761 0.151729 0.0176323
4 3.46 1.5 0 1.5 0 0 1.57075 0 0 0 0 0 0
5 3.46 50 0.0022819 5
6 3.46 -131.007 -7.68265e-05 0.232818 -0.016307
0 3.47 0.520151 -0.286816 11.0052 -0.104651 -0.011918 1.55555 -1.00198 0.301779 10.2544 0.000595615 -0.0597675 0.0240713
1 3.47 0.480072 -0.274745 11.4154 -0.104642 -0.0141951 1.55676 -0.775888 0.323948 7.71301 0.00777118 0.155603 0.0171035
4 3.47 1.5 0 1.5 0 0 1.57075 0 0 0 0 0 0
5 3.47 50 0.00230455 5
6 3.47 -132.356 0.0079111 0.247099 -0.0222448
0 3.49 0.509129 -0.288714 11.1304 -0.104597 -0.0134187 1.55614 -1.0037 0.284459 10.3244 -0.00126029 -0.0544562 0.0256629
1 3.49 0.468981 -0.277336 11.5434 -0.104664 -0.0154778 1.55739 -0.774918 0.3103 7.75675 0.00745776 0.162648 0.017455
4 3.49 1.5 0 1.5 0 0 1.57075 0 0 0 0 0 0
5 3.49 50 0.00232005 5
6 3.49 -133.976 0.00964036 0.249092 -0.0262037
0 3.5 0.500024 -0.289294 11.2316 -0.104562 -0.0139447 1.55637 -1.00559 0.273199 10.3822 0.000671052 -0.0501168 0.0205609
1 3.5 0.459801 -0.278366 11.6469 -0.104549 -0.0158526 1.5574 -0.774624 0.300503 7.7932 0.00753076 0.162597 0.0151056
4 3.5 1.5 0 1.5 0 0 1.57075 0 0 0 0 0 0
5 3.5 50 0.00312948 5
6 3.5 -135.296 0.00759108 0.24405 -0.0174161
0 3.51 0.489531 -0.291196 11.3518 -0.104518 -0.014677 1.55666 -1.00764 0.260295 10.4506 0.000889069 -0.0517065 0.0187264
1 3.51 0.449226 -0.280784 11.7698 -0.104497 -0.0166558 1.55762 -0.774081 0.289612 7.83616 0.00741495 0.165811 0.0141205
4 3.51 1.5 0 1.5 0 0 1.57075 0 0 0 0 0 0
5 3.51 50 0.0032692 5
6 3.51 -136.861 0.00722264 0.249561 -0.0147044
0 3.52 0.478377 -0.291772 11.4762 -0.104461 -0.0154989 1.55699 -1.01012 0.249985 10.5221 0.00362794 -0.0560735 0.0205649
1 3.52 0.437972 -0.281772 11.897 -0.104332 -0.0176438 1.55805 -0.773909 0.281578 7.88131 0.00753118 0.172176 0.0147059
4 3.52 1.5 0 1.5 0 0 1.57075 0 0 0 0 0 0
5 3.52 50 0.00206113 5
6 3.52 -138.485 0.00427304 0.26187 -0.0187051
0 3.54 0.463581 -0.294335 11.6468 -0.104299 -0.0164811 1.55735 -1.01435 0.23767 10.623 0.0116536 -0.0615448 0.0236378
1 3.54 0.423007 -0.284828 12.0717 -0.103852 -0.018831 1.55855 -0.774648 0.272112 7.94565 0.00808907 0.17984 0.0157915
4 3.54 1.5 0 1.5 0 0 1.57075 0 0 0 0 0 0
5 3.54 50 0.00223184 5
6 3.54 -140.735 -0.00410741 0.276923 -0.02505
0 3.55 0.447923 -0.295052 11.8225 -0.10414 -0.0172689 1.55766 -1.01856 0.227035 10.7258 0.0146253 -0.0679244 0.0232056
1 3.55 0.40718 -0.285971 12.2515 -0.103576 -0.0198746 1.55886 -0.775281 0.263951 8.01099 0.00816304 0.186937 0.0154031
4 3.55 1.5 0 1.5 0 0 1.57075 0 0 0 0 0 0
5 3.55 50 0.0023644 5
6 3.55 -143.043 -0.00735962 0.29238 -0.0249107
0 3.57 0.434532 -0.298132 11.9802 -0.103817 -0.0191719 1.55834 -1.02167 0.215684 10.8162 0.00944375 -0.0935722 0.0192802
1 3.57 0.393665 -0.289504 12.4129 -0.103461 -0.0228147 1.5595 -0.775631 0.257793 8.06804 0.00745581 0.211083 0.0134266
4 3.57 1.5 0 1.5 0 0 1.57075 0 0 0 0 0 0
5 3.57 50 0.00225449 5
6 3.57 -145.097 -0.0023719 0.349523 -0.0186888
0 3.58 0.422536 -0.299396 12.1177 -0.103777 -0.0198804 1.55857 -1.02469 0.207109 10.8938 0.0056649 -0.0993567 0.022509
1 3.58 0.381548 -0.291112 12.5535 -0.103576 -0.02374 1.55988 -0.775713 0.251484 8.11669 0.00679307 0.218088 0.0146625
4 3.58 1.5 0 1.5 0 0 1.57075 0 0 0 0 0 0
5 3.58 50 0.00262761 5
6 3.58 -146.882 0.00107936 0.3642 -0.0250504
0 3.59 0.410207 -0.302661 12.2653 -0.103661 -0.0209545 1.55898 -1.02753 0.197249 10.9777 0.0153419 -0.10828 0.0290544
1 3.59 0.369106 -0.294771 12.7044 -0.103081 -0.0251422 1.56059 -0.775561 0.244906 8.16943 0.00746056 0.229621 0.0172555
4 3.59 1.5 0 1.5 0 0 1.57075 0 0 0 0 0 0
5 3.59 50 0.00234675 5
6 3.59 -148.801 -0.00907581 0.387644 -0.0376701
0 3.6 0.399443 -0.304307 12.3909 -0.103452 -0.0221971 1.55939 -1.02978 0.189717 11.0476 0.0226567 -0.117395 0.0241819
1 3.6 0.358252 -0.296719 12.8329 -0.102577 -0.0267679 1.56084 -0.775566 0.241038 8.21308 0.00799593 0.243852 0.0149935
4 3.6 1.5 0 1.5 0 0 1.57075 0 0 0 0 0 0
5 3.6 50 0.00231695 5
6 3.6 -150.422 -0.0166363 0.414421 -0.0293369
0 3.61 0.386624 -0.307601 12.5451 -0.103116 -0.0241121 1.55985 -1.03155 0.178962 11.129 0.0253292 -0.133408 0.0189712
1 3.61 0.345363 -0.300442 12.9903 -0.102134 -0.029342 1.56115 -0.774833 0.235815 8.26273 0.0079512 0.266324 0.0125802
4 3.61 1.5 0 1.5 0 0 1.57075 0 0 0 0 0 0
5 3.61 50 0.00276828 5
6 3.61 -152.376 -0.0196515 0.458582 -0.0204073
0 3.63 0.374903 -0.309133 12.6821 -0.102604 -0.0266889 1.56042 -1.03355 0.1708 11.2 0.0324446 -0.149063 0.0168261
1 3.63 0.333561 -0.302301 13.1301 -0.101341 -0.0325511 1.5617 -0.775179 0.234908 8.30588 0.00858929 0.296895 0.0114389
4 3.63 1.5 0 1.5 0 0 1.57075 0 0 0 0 0 0
5 3.63 50 0.00228906 5
6 3.63 -154.098 -0.0268971 0.511613 -0.0172044
0 3.64 0.361925 -0.312912 12.8407 -0.102232 -0.0283062 1.56075 -1.03556 0.160648 11.2838 0.0398521 -0.164526 0.0168191
1 3.64 0.320503 -0.306486 13.2921 -0.100676 -0.0347842 1.56209 -0.774742 0.229789 8.357 0.00903461 0.317012 0.0112823
4 3.64 1.5 0 1.5 0 0 1.57075 0 0 0 0 0 0
5 3.64 50 0.00220346 5
6 3.64 -156.11 -0.0347083 0.552423 -0.0176838
0 3.65 0.350349 -0.314914 12.9784 -0.101768 -0.0301077 1.56108 -1.03753 0.152904 11.3551 0.0512287 -0.176161 0.017975
1 3.65 0.308848 -0.308798 13.4326 -0.0997619 -0.0370446 1.56251 -0.774982 0.227531 8.40018 0.00991316 0.348585 0.0118834
4 3.65 1.5 0 1.5 0 0 1.57075 0 0 0 0 0 0
5 3.65 50 0.00236487 5
6 3.65 -157.842 -0.0464873 0.601976 -0.0194577
0 3.66 0.339148 -0.318625 13.1175 -0.100934 -0.0323777 1.56144 -1.03461 0.131524 11.4143 0.0740514 -0.180764 0.0150276
1 3.66 0.297763 -0.313364 13.574 -0.098015 -0.0395109 1.56277 -0.771443 0.212935 8.43245 0.0120566 0.391334 0.0111169
4 3.66 1.5 0 1.5 0 0 1.57075 0 0 0 0 0 0
5 3.66 50 0.00298166 6
6 3.66 -159.5 -0.0695887 0.656289 -0.0125001
0 3.68 0.328734 -0.320763 13.2431 -0.0994758 -0.0354753 1.562 -1.03282 0.116372 11.4688 0.106532 -0.192296 0.0193809
1 3.68 0.287421 -0.316108 13.7018 -0.095269 -0.0430521 1.56354 -0.770974 0.206839 8.46254 0.0157049 0.436124 0.0130012
4 3.68 1.5 0 1.5 0 0 1.57075 0 0 0 0 0 0
5 3.68 50 0.0026741 6
6 3.68 -160.997 -0.101932 0.72083 -0.0203905
0 3.69 0.318549 -0.324446 13.3717 -0.0980307 -0.0380894 1.5625 -1.03196 0.103289 11.5289 0.11723 -0.200232 0.0165866
1 3.69 0.27727 -0.320314 13.8328 -0.0933966 -0.0459953 1.56395 -0.771366 0.201715 8.49703 0.0168603 0.485996 0.0120814
4 3.69 1.5 0 1.5 0 0 1.57075 0 0 0 0 0 0
5 3.69 50 0.00312281 7
6 3.69 -162.566 -0.112576 0.787164 -0.0144096
0 3.7 0.306105 -0.327418 13.5243 -0.0964021 -0.0407806 1.5631 -1.03162 0.0902391 11.5989 0.137159 -0.204377 0.0265925
1 3.7 0.26484 -0.323809 13.9883 -0.0909911 -0.0488154 1.56495 -0.772407 0.197182 8.53678 0.0190053 0.571437 0.0170005
4 3.7 1.5 0 1.5 0 0 1.57075 0 0 0 0 0 0
5 3.7 50 0.00263023 6
6 3.7 -164.422 -0.132648 0.889806 -0.0306543
0 3.71 0.295319 -0.331287 13.6613 -0.0952726 -0.0423794 1.56345 -1.0303 0.0778955 11.658 0.151497 -0.204737 0.026792
1 3.71 0.254107 -0.328171 14.1277 -0.089291 -0.0504298 1.5653 -0.771557 0.190341 8.56912 0.0207933 0.591079 0.016872
4 3.71 1.5 0 1.5 0 0 1.57075 0 0 0 0 0 0
5 3.71 50 0.00276589 6
6 3.71 -166.061 -0.146694 0.912721 -0.0317049
0 3.72 0.286042 -0.333625 13.7763 -0.0936833 -0.0444581 1.56392 -1.02936 0.0688239 11.7073 0.161323 -0.198809 0.022631
1 3.72 0.244868 -0.330872 14.2446 -0.0873036 -0.052291 1.56556 -0.772823 0.188018 8.59602 0.0220017 0.623322 0.015111
4 3.72 1.5 0 1.5 0 0 1.57075 0 0 0 0 0 0
5 3.72 50 0.00324988 7
6 3.72 -167.43 -0.156256 0.942947 -0.0240439
0 3.73 0.27702 -0.337141 13.8926 -0.0918999 -0.0465186 1.56436 -1.02795 0.0589109 11.7545 0.172186 -0.184309 0.0236337
1 3.73 0.235902 -0.334785 14.3628 -0.0850877 -0.053773 1.56598 -0.774229 0.184893 8.62081 0.0238969 0.645702 0.0152918
4 3.73 1.5 0 1.5 0 0 1.57075 0 0 0 0 0 0
5 3.73 50 0.00445414 7
6 3.73 -168.797 -0.166279 0.951953 -0.0266678
0 3.75 0.266348 -0.339926 14.0261 -0.0888282 -0.0496684 1.56513 -1.02643 0.0491312 11.8081 0.181108 -0.173675 0.0307539
1 3.75 0.225291 -0.337961 14.4984 -0.0816755 -0.0564789 1.56698 -0.778916 0.185278 8.64873 0.0253517 0.69877 0.0182664
4 3.75 1.5 0 1.5 0 0 1.57075 0 0 0 0 0 0
5 3.75 50 0.0032711 7
6 3.75 -170.36 -0.174714 1.00051 -0.039902
0 3.76 0.255278 -0.344338 14.1705 -0.0866628 -0.0516771 1.56568 -1.02603 0.0390863 11.8735 0.178915 -0.153402 0.026883
1 3.76 0.214237 -0.342775 14.6454 -0.0795891 -0.0576971 1.56729 -0.782086 0.182441 8.68549 0.0261595 0.717755 0.0161948
4 3.76 1.5 0 1.5 0 0 1.57075 0 0 0 0 0 0
5 3.76 50 0.00418925 7
6 3.76 -172.109 -0.171256 0.9991 -0.0341532
0 3.77 0.243021 -0.347893 14.3263 -0.0849203 -0.0532052 1.56607 -1.02537 0.0292933 11.9415 0.173452 -0.142596 0.0220103
1 3.77 0.202007 -0.346721 14.804 -0.0780547 -0.0588138 1.56743 -0.783741 0.178663 8.72287 0.0256827 0.73548 0.0139989
4 3.77 1.5 0 1.5 0 0 1.57075 0 0 0 0 0 0
5 3.77 50 0.00333381 8
6 3.77 -173.977 -0.165597 1.00712 -0.0256044
0 3.78 0.232008 -0.352395 14.4715 -0.0837075 -0.0542138 1.56631 -1.023 0.0185711 11.9968 0.172826 -0.134782 0.023636
1 3.78 0.191088 -0.351653 14.9514 -0.07687 -0.0595072 1.56771 -0.78252 0.172356 8.75074 0.0257585 0.745136 0.0144838
4 3.78 1.5 0 1.5 0 0 1.57075 0 0 0 0 0 0
5 3.78 50 0.00344682 8
6 3.78 -175.662 -0.164816 1.00921 -0.0292447
0 3.79 0.222853 -0.355172 14.5892 -0.0815839 -0.0557996 1.56674 -1.02145 0.0106764 12.0411 0.162828 -0.112506 0.0205633
1 3.79 0.181995 -0.354745 15.0709 -0.0751371 -0.0602179 1.56792 -0.785279 0.170365 8.77267 0.0249759 0.758325 0.0131941
4 3.79 1.5 0 1.5 0 0 1.57075 0 0 0 0 0 0
5 3.79 50 0.00336194 8
6 3.79 -177.018 -0.154433 0.998846 -0.023547
0 3.8 0.213752 -0.359321 14.7118 -0.0803398 -0.0566081 1.56691 -1.01919 0.00179075 12.086 0.157669 -0.0969513 0.0154502
1 3.8 0.172984 -0.35925 15.1952 -0.0740856 -0.060424 1.56784 -0.784764 0.165166 8.79459 0.0247526 0.761465 0.0107499
4 3.8 1.5 0 1.5 0 0 1.57075 0 0 0 0 0 0
5 3.8 50 0.00346828 8
6 3.8 -178.427 -0.148844 0.984679 -0.0150231
0 3.81 0.202749 -0.3629 14.8554 -0.0785165 -0.0576361 1.56715 -1.01671 -0.00757574 12.1385 0.146782 -0.0739363 0.0162464
1 3.81 0.162081 -0.363203 15.3409 -0.072696 -0.0605335 1.56804 -0.785491 0.160419 8.81999 0.0244409 0.765093 0.0107662
4 3.81 1.5 0 1.5 0 0 1.57075 0 0 0 0 0 0
5 3.81 50 0.00449347 8
6 3.81 -180.076 -0.136987 0.962439 -0.0175078
0 3.83 0.192398 -0.367667 14.9962 -0.0757599 -0.0588811 1.56757 -1.01337 -0.0184198 12.1857 0.131005 -0.0450859 0.0129748
1 3.83 0.151863 -0.368404 15.4837 -0.0705583 -0.0606401 1.56823 -0.788316 0.154897 8.84089 0.0213806 0.805265 0.00930801
4 3.83 1.5 0 1.5 0 0 1.57075 0 0 0 0 0 0
5 3.83 50 0.00361252 7
6 3.83 -181.669 -0.122708 0.975486 -0.0117128
