3 2.66 -10 0 0 0 0 0 0 0 0 0 0 0 0
0 2.66 0.10897 -0.308735 1.32533 -0.0644621 0.100014 1.48069 -0.0200876 0.0865115 0.125444 -0.0194111 0.0672083 -0.00100937
1 2.66 0.108166 -0.305274 1.33035 -0.0652599 0.102694 1.48048 -0.0426443 0.129439 0.138863 0.516502 -0.240282 0.0671617
4 2.66 1.5 0 1.5 0 0 1.57075 0 0 0 0 0 0
5 2.66 50 0.000898123 1
6 2.66 25.0332 0.599631 -0.352792 0.217635
0 2.67 0.108842 -0.30954 1.32594 -0.0645872 0.100478 1.48063 -0.0238797 0.0953112 0.12509 -0.0161909 0.0663491 -0.000672732
1 2.67 0.107887 -0.305728 1.33095 -0.0652548 0.103125 1.48043 -0.0464605 0.138418 0.138362 0.518381 -0.245483 0.0671678
4 2.67 1.5 0 1.5 0 0 1.57075 0 0 0 0 0 0
5 2.67 50 0.00067091 1
6 2.67 25.0255 0.598133 -0.357773 0.21658
0 2.68 0.108724 -0.31085 1.32614 -0.0647101 0.101086 1.48053 -0.02745 0.104021 0.124344 -0.0118672 0.0659474 -0.000560923
1 2.68 0.107626 -0.30669 1.33111 -0.0652044 0.103717 1.48034 -0.0500516 0.147375 0.137537 0.520281 -0.25101 0.0670707
4 2.68 1.5 0 1.5 0 0 1.57075 0 0 0 0 0 0
5 2.68 50 0.000667334 1
6 2.68 25.0224 0.595421 -0.363653 0.215913
0 2.69 0.108504 -0.311325 1.32671 -0.0648577 0.101779 1.48041 -0.0311129 0.113591 0.124107 -0.0129372 0.0577621 -0.00336789
1 2.69 0.10726 -0.306782 1.33167 -0.0654042 0.104076 1.48013 -0.0537347 0.157215 0.137106 0.522003 -0.257631 0.0652004
4 2.69 1.5 0 1.5 0 0 1.57075 0 0 0 0 0 0
5 2.69 50 0.000675201 1
6 2.69 25.0124 0.598533 -0.361861 0.218903
0 2.71 0.108192 -0.312561 1.32698 -0.0650748 0.10291 1.4804 -0.0350809 0.122528 0.12365 -0.0115088 0.0606252 0.000990496
1 2.71 0.106788 -0.307659 1.33193 -0.0655474 0.105332 1.48029 -0.0577427 0.166604 0.136478 0.524019 -0.264809 0.0675405
4 2.71 1.5 0 1.5 0 0 1.57075 0 0 0 0 0 0
5 2.71 50 0.000694275 1
6 2.71 25.0052 0.599211 -0.373377 0.21246
0 2.72 0.107831 -0.312896 1.32757 -0.0651694 0.103367 1.48037 -0.0388479 0.131339 0.123701 -0.0110262 0.0573328 -0.00323916
1 2.72 0.106277 -0.307643 1.33252 -0.0656393 0.105647 1.48009 -0.0615203 0.175585 0.136337 0.525774 -0.270174 0.0647854
4 2.72 1.5 0 1.5 0 0 1.57075 0 0 0 0 0 0
5 2.72 50 0.000671864 1
6 2.72 24.9946 0.600615 -0.375759 0.217168
0 2.73 0.107473 -0.313844 1.32775 -0.0652879 0.103857 1.48031 -0.0426991 0.140005 0.123573 -0.0141806 0.0569055 -0.00323411
1 2.73 0.105765 -0.308243 1.3327 -0.065884 0.10612 1.48003 -0.0653921 0.18444 0.136062 0.527288 -0.275326 0.0645685
4 2.73 1.5 0 1.5 0 0 1.57075 0 0 0 0 0 0
5 2.73 50 0.00066328 1
6 2.73 24.987 0.605839 -0.381181 0.216459
0 2.74 0.107028 -0.313931 1.32832 -0.0654176 0.104506 1.48025 -0.0467527 0.149351 0.123452 -0.00634844 0.056125 -0.00354983
1 2.74 0.105158 -0.307957 1.33326 -0.0657018 0.106737 1.47996 -0.0694628 0.194036 0.13575 0.529632 -0.281517 0.0641631
4 2.74 1.5 0 1.5 0 0 1.57075 0 0 0 0 0 0
5 2.74 50 0.000830173 1
6 2.74 24.9772 0.599696 -0.387386 0.216173
0 2.76 0.106358 -0.314677 1.32867 -0.0655487 0.105526 1.48017 -0.0520949 0.160644 0.123482 -0.00803227 0.0527216 -0.00198898
1 2.76 0.104275 -0.308251 1.33361 -0.0658931 0.107626 1.47995 -0.0748062 0.205724 0.135534 0.532096 -0.289765 0.064805
4 2.76 1.5 0 1.5 0 0 1.57075 0 0 0 0 0 0
5 2.76 50 0.000674248 1
6 2.76 24.9649 0.604345 -0.392944 0.213239
0 2.77 0.105736 -0.314457 1.3293 -0.0655893 0.105904 1.48013 -0.0564795 0.170427 0.12378 -0.00442081 0.0542202 -0.00348192
1 2.77 0.103477 -0.30764 1.33425 -0.0657961 0.108059 1.47984 -0.0791802 0.215639 0.135614 0.534319 -0.29536 0.0636526
4 2.77 1.5 0 1.5 0 0 1.57075 0 0 0 0 0 0
5 2.77 50 0.000678301 1
6 2.77 24.9525 0.602784 -0.401083 0.214327
0 2.79 0.104951 -0.315063 1.32954 -0.0656519 0.10691 1.48003 -0.0609809 0.179764 0.12394 -0.00397453 0.0624759 0.00257331
1 2.79 0.102512 -0.307873 1.3345 -0.0658174 0.10941 1.47997 -0.0836566 0.225366 0.135564 0.536415 -0.302353 0.0670394
4 2.79 1.5 0 1.5 0 0 1.57075 0 0 0 0 0 0
5 2.79 50 0.000775337 1
6 2.79 24.9423 0.604659 -0.418575 0.205808
0 2.8 0.104209 -0.314928 1.33003 -0.0657305 0.107866 1.47994 -0.0648293 0.183374 0.121203 -0.00678787 0.0742571 -0.00529636
1 2.8 0.101615 -0.307593 1.33488 -0.0660461 0.110816 1.47953 -0.0875041 0.22938 0.132902 0.537654 -0.306572 0.0622683
4 2.8 1.5 0 1.5 0 0 1.57075 0 0 0 0 0 0
5 2.8 50 0.000857353 1
6 2.8 24.9496 0.609148 -0.436937 0.2157
0 2.81 0.103319 -0.315258 1.33027 -0.0657743 0.108301 1.47988 -0.0695551 0.189765 0.118831 -0.00595913 0.0688447 -0.0049035
1 2.81 0.100536 -0.307668 1.33503 -0.0660536 0.111036 1.4795 -0.0922343 0.235959 0.130607 0.539449 -0.310777 0.0623657
4 2.81 1.5 0 1.5 0 0 1.57075 0 0 0 0 0 0
5 2.81 50 0.00103664 1
6 2.81 24.9557 0.610234 -0.435551 0.214756
0 2.82 0.102654 -0.314911 1.33068 -0.0658419 0.108842 1.47976 -0.0732069 0.195525 0.117681 -0.00725031 0.0597977 0.00253951
1 2.82 0.0997262 -0.30709 1.33539 -0.0661381 0.111235 1.47971 -0.0958867 0.241938 0.129401 0.541114 -0.31555 0.0666969
4 2.82 1.5 0 1.5 0 0 1.57075 0 0 0 0 0 0
5 2.82 50 0.000818491 1
6 2.82 24.9538 0.613582 -0.430643 0.204822
0 2.84 0.101484 -0.314906 1.33099 -0.066008 0.109724 1.47975 -0.0780697 0.204364 0.116544 -0.0162981 0.0579766 0.00857674
1 2.84 0.0983613 -0.306732 1.33565 -0.0666391 0.112061 1.47995 -0.100779 0.251128 0.128129 0.542795 -0.322347 0.0699867
4 2.84 1.5 0 1.5 0 0 1.57075 0 0 0 0 0 0
5 2.84 50 0.0010922 1
6 2.84 24.9481 0.625614 -0.436342 0.19605
0 2.85 0.100454 -0.314094 1.33158 -0.066171 0.110272 1.47978 -0.0819967 0.212996 0.116431 -0.016163 0.0599914 0.00727099
1 2.85 0.0971737 -0.305574 1.33623 -0.066803 0.112685 1.47991 -0.104742 0.259964 0.127801 0.544948 -0.328144 0.0688856
4 2.85 1.5 0 1.5 0 0 1.57075 0 0 0 0 0 0
5 2.85 50 0.00103045 1
6 2.85 24.9366 0.627866 -0.445307 0.196703
0 2.86 0.0995759 -0.314147 1.33169 -0.0663701 0.110945 1.47975 -0.0853846 0.221129 0.116224 -0.0162877 0.0565636 0.00123213
1 2.86 0.0961605 -0.305302 1.33634 -0.0670328 0.113206 1.47964 -0.108177 0.268358 0.127419 0.546748 -0.33392 0.0650416
4 2.86 1.5 0 1.5 0 0 1.57075 0 0 0 0 0 0
5 2.86 50 0.000823259 1
6 2.86 24.928 0.629991 -0.448009 0.203711
0 2.87 0.0988038 -0.313581 1.33204 -0.0665231 0.111449 1.47972 -0.088194 0.228172 0.116304 -0.0145565 0.0530912 0.00147182
1 2.87 0.0952761 -0.304454 1.33669 -0.0671145 0.113572 1.47964 -0.111019 0.275591 0.127311 0.548441 -0.33893 0.0649644
4 2.87 1.5 0 1.5 0 0 1.57075 0 0 0 0 0 0
5 2.87 50 0.000779867 1
6 2.87 24.9181 0.629949 -0.449773 0.202699
0 2.89 0.0975687 -0.313229 1.33226 -0.0666828 0.112367 1.47958 -0.0916952 0.236857 0.1164 -0.00665434 0.0517947 6.65965e-05
1 2.89 0.0939009 -0.303755 1.33691 -0.0669642 0.114434 1.47944 -0.114535 0.284632 0.127186 0.550936 -0.345827 0.0639537
4 2.89 1.5 0 1.5 0 0 1.57075 0 0 0 0 0 0
5 2.89 50 0.000734329 1
6 2.89 24.9073 0.623892 -0.4562 0.203959
0 2.9 0.0964744 -0.312264 1.33273 -0.0667622 0.112979 1.47952 -0.0947939 0.245125 0.116844 -0.00643891 0.0527443 -0.00299556
1 2.9 0.0926827 -0.302459 1.3374 -0.0670493 0.115076 1.47926 -0.117628 0.293124 0.127382 0.552589 -0.351656 0.0618815
4 2.9 1.5 0 1.5 0 0 1.57075 0 0 0 0 0 0
5 2.9 50 0.00103736 1
6 2.9 24.8938 0.625488 -0.463979 0.20712
0 2.91 0.0951038 -0.311594 1.333 -0.0668386 0.113483 1.47947 -0.0986596 0.255387 0.116845 -0.00772588 0.0542456 -0.00152608
1 2.91 0.0911574 -0.301379 1.33768 -0.0671711 0.115644 1.47927 -0.121493 0.303571 0.127178 0.554504 -0.358004 0.0624354
4 2.91 1.5 0 1.5 0 0 1.57075 0 0 0 0 0 0
5 2.91 50 0.00079298 1
6 2.91 24.8827 0.629077 -0.472984 0.204197
0 2.92 0.0941079 -0.310561 1.33343 -0.0668939 0.113906 1.47948 -0.101608 0.262852 0.116821 -0.00638435 0.0591536 0.00258515
1 2.92 0.0900436 -0.300047 1.3381 -0.0671555 0.116273 1.47943 -0.12444 0.311189 0.126986 0.556087 -0.362861 0.0646082
4 2.92 1.5 0 1.5 0 0 1.57075 0 0 0 0 0 0
5 2.92 50 0.000769615 1
6 2.92 24.8735 0.629366 -0.484186 0.198008
0 2.93 0.0929245 -0.310006 1.33357 -0.0669506 0.114491 1.4795 -0.105008 0.271835 0.116336 -0.00653273 0.063099 0.00371462
1 2.93 0.0887242 -0.299133 1.33823 -0.0672143 0.117019 1.47948 -0.127837 0.320395 0.126362 0.557831 -0.368834 0.0649505
4 2.93 1.5 0 1.5 0 0 1.57075 0 0 0 0 0 0
5 2.93 50 0.000751257 1
6 2.93 24.8668 0.63149 -0.495565 0.195495
0 2.94 0.0919204 -0.308945 1.33394 -0.0670392 0.115105 1.47951 -0.107763 0.279453 0.116224 -0.00871553 0.064237 0.00289406
1 2.94 0.0876098 -0.297767 1.33859 -0.0673943 0.117677 1.47946 -0.130597 0.328242 0.126058 0.559167 -0.374451 0.0641671
4 2.94 1.5 0 1.5 0 0 1.57075 0 0 0 0 0 0
5 2.94 50 0.000735283 1
6 2.94 24.8568 0.635424 -0.503314 0.195613
0 2.95 0.0906633 -0.30821 1.33409 -0.0671682 0.115832 1.47951 -0.110838 0.288533 0.115896 -0.0103305 0.058519 1.95499e-05
1 2.95 0.0862298 -0.296669 1.33873 -0.0675996 0.118167 1.47935 -0.133687 0.337599 0.125538 0.560698 -0.381123 0.0621358
4 2.95 1.5 0 1.5 0 0 1.57075 0 0 0 0 0 0
5 2.95 50 0.000974178 1
6 2.95 24.8472 0.638929 -0.504411 0.198306
0 2.96 0.089608 -0.307005 1.33446 -0.0672545 0.116371 1.47947 -0.113618 0.296367 0.115952 -0.00741942 0.0596092 -0.000718831
1 2.96 0.0850633 -0.29515 1.3391 -0.0675734 0.118749 1.47928 -0.136472 0.345632 0.125395 0.562482 -0.386668 0.0614419
4 2.96 1.5 0 1.5 0 0 1.57075 0 0 0 0 0 0
5 2.96 50 0.000817776 1
6 2.96 24.8366 0.637663 -0.512024 0.198448
0 2.98 0.087893 -0.305745 1.33468 -0.0673347 0.11728 1.47939 -0.117465 0.305727 0.115174 -0.00575956 0.0645731 -0.00155538
1 2.98 0.0831944 -0.293516 1.33929 -0.0675929 0.119853 1.47915 -0.140306 0.355345 0.124451 0.564498 -0.393874 0.0606521
4 2.98 1.5 0 1.5 0 0 1.57075 0 0 0 0 0 0
5 2.98 50 0.000668049 1
6 2.98 24.8292 0.638057 -0.525987 0.198597
0 2.99 0.0862156 -0.303667 1.33524 -0.0674371 0.11787 1.47934 -0.121084 0.315627 0.114682 -0.0119624 0.0626516 0.00498366
1 2.99 0.0813722 -0.291042 1.33983 -0.067912 0.120383 1.47937 -0.143931 0.365462 0.123738 0.566056 -0.40084 0.0641888
4 2.99 1.5 0 1.5 0 0 1.57075 0 0 0 0 0 0
5 2.99 50 0.000827551 1
6 2.99 24.8174 0.646774 -0.53177 0.189012
0 3 0.0846772 -0.302597 1.33533 -0.0675439 0.118673 1.47941 -0.124575 0.319801 0.1112 -0.00657231 0.0569467 0.00404931
1 3 0.0796942 -0.289805 1.33977 -0.0678058 0.120956 1.47942 -0.14745 0.369982 0.120405 0.567872 -0.405645 0.0634262
4 3 1.5 0 1.5 0 0 1.57075 0 0 0 0 0 0
5 3 50 0.000684261 1
6 3 24.8292 0.642769 -0.530739 0.18956
0 3.02 0.0830265 -0.300531 1.33578 -0.0676841 0.119393 1.47936 -0.128195 0.326014 0.1089 -0.00914601 0.055042 -0.00115011
1 3.02 0.0778987 -0.28749 1.34013 -0.0680733 0.121586 1.47916 -0.151099 0.376491 0.118075 0.56959 -0.411296 0.0600944
4 3.02 1.5 0 1.5 0 0 1.57075 0 0 0 0 0 0
5 3.02 50 0.000680685 1
6 3.02 24.8297 0.647547 -0.535041 0.195523
0 3.03 0.0811295 -0.298987 1.3359 -0.0678143 0.120063 1.47924 -0.132278 0.333059 0.107231 -0.0102135 0.051931 -0.00843214
1 3.03 0.0758384 -0.285665 1.34019 -0.0682804 0.122113 1.47876 -0.155202 0.383807 0.116346 0.571738 -0.41703 0.055557
4 3.03 1.5 0 1.5 0 0 1.57075 0 0 0 0 0 0
5 3.03 50 0.000696182 1
6 3.03 24.8282 0.651114 -0.538057 0.204285
0 3.04 0.0790044 -0.296197 1.33645 -0.0678876 0.120413 1.47916 -0.13679 0.342373 0.106383 -0.00853371 0.0522137 -0.00362388
1 3.04 0.0735328 -0.282502 1.34071 -0.0682636 0.122487 1.47888 -0.159719 0.393248 0.115342 0.574185 -0.423076 0.0580982
4 3.04 1.5 0 1.5 0 0 1.57075 0 0 0 0 0 0
5 3.04 50 0.000728846 1
6 3.04 24.8197 0.651993 -0.545313 0.197047
0 3.06 0.0773801 -0.294894 1.33648 -0.0680581 0.121471 1.47907 -0.140412 0.350105 0.105353 -0.00649034 0.054367 0.00205905
1 3.06 0.0717636 -0.28089 1.3407 -0.0683257 0.123647 1.47901 -0.163361 0.401399 0.114163 0.576213 -0.430125 0.0612416
4 3.06 1.5 0 1.5 0 0 1.57075 0 0 0 0 0 0
5 3.06 50 0.000705719 1
6 3.06 24.814 0.652 -0.555868 0.18894
0 3.07 0.0753112 -0.292008 1.33701 -0.0681262 0.121997 1.47906 -0.145241 0.360381 0.104925 -0.00777307 0.0581254 0.00333019
1 3.07 0.0695015 -0.277593 1.34121 -0.0684403 0.124326 1.47903 -0.168186 0.411862 0.113505 0.578428 -0.436967 0.0615801
4 3.07 1.5 0 1.5 0 0 1.57075 0 0 0 0 0 0
5 3.07 50 0.000673294 1
6 3.07 24.8015 0.65592 -0.568029 0.185962
0 3.09 0.0729634 -0.289744 1.33712 -0.0683502 0.12305 1.479 -0.150115 0.37039 0.104005 -0.0143842 0.0684964 0.000306878
1 3.09 0.0669588 -0.274928 1.34128 -0.0689472 0.125785 1.47882 -0.173099 0.422278 0.112354 0.580668 -0.444975 0.0593682
4 3.09 1.5 0 1.5 0 0 1.57075 0 0 0 0 0 0
5 3.09 50 0.000703573 1
6 3.09 24.7908 0.66581 -0.589116 0.188552
0 3.1 0.0709789 -0.286977 1.33754 -0.0685005 0.123721 1.479 -0.153645 0.379649 0.103626 -0.0138996 0.0681517 0.000500527
1 3.1 0.0648331 -0.271791 1.34169 -0.0690772 0.126442 1.47884 -0.176653 0.431782 0.111731 0.583016 -0.452075 0.0590874
4 3.1 1.5 0 1.5 0 0 1.57075 0 0 0 0 0 0
5 3.1 50 0.000817537 1
6 3.1 24.778 0.667896 -0.596867 0.187037
0 3.11 0.0687816 -0.284877 1.33754 -0.0686225 0.124428 1.47903 -0.157362 0.388357 0.102774 -0.00431318 0.0580491 -0.000818632
1 3.11 0.0624871 -0.269343 1.34165 -0.0688191 0.126742 1.47884 -0.180388 0.440762 0.110731 0.585844 -0.45906 0.0579579
4 3.11 1.5 0 1.5 0 0 1.57075 0 0 0 0 0 0
5 3.11 50 0.00104928 1
6 3.11 24.7713 0.660327 -0.593291 0.187644
0 3.12 0.0667774 -0.282183 1.33785 -0.0686599 0.12496 1.47902 -0.160892 0.396901 0.102319 -0.00271119 0.0553822 0.000230231
1 3.12 0.0603417 -0.266307 1.34194 -0.0687863 0.12717 1.47888 -0.183904 0.449498 0.11009 0.587765 -0.465315 0.0582376
4 3.12 1.5 0 1.5 0 0 1.57075 0 0 0 0 0 0
5 3.12 50 0.000707626 1
6 3.12 24.7614 0.66069 -0.597407 0.185188
0 3.13 0.0649798 -0.280471 1.3378 -0.068681 0.125329 1.47905 -0.163758 0.404449 0.101561 -0.00272018 0.0513531 0.0053267
1 3.13 0.0584295 -0.264293 1.34186 -0.0687808 0.127393 1.47912 -0.186762 0.457185 0.109244 0.589157 -0.470405 0.0609568
4 3.13 1.5 0 1.5 0 0 1.57075 0 0 0 0 0 0
5 3.13 50 0.00084424 1
6 3.13 24.7572 0.662278 -0.598623 0.177599
0 3.15 0.0624762 -0.276792 1.33823 -0.068757 0.126311 1.479 -0.167598 0.415349 0.100611 -0.00442177 0.0556251 -0.00298639
1 3.15 0.0557722 -0.260178 1.34225 -0.0689684 0.128522 1.47873 -0.190583 0.468452 0.108039 0.591281 -0.479191 0.0555508
4 3.15 1.5 0 1.5 0 0 1.57075 0 0 0 0 0 0
5 3.15 50 0.000685215 1
6 3.15 24.7446 0.666522 -0.613607 0.18688
0 3.16 0.0600703 -0.274214 1.33817 -0.0688689 0.126962 1.47891 -0.171047 0.424048 0.0993404 -0.00904365 0.055078 -0.00171042
1 3.16 0.0532284 -0.257252 1.34215 -0.0692587 0.129156 1.47869 -0.194042 0.477405 0.106647 0.592864 -0.485764 0.0559934
4 3.16 1.5 0 1.5 0 0 1.57075 0 0 0 0 0 0
5 3.16 50 0.000679016 1
6 3.16 24.7393 0.673471 -0.620522 0.184219
0 3.17 0.0572852 -0.270028 1.33858 -0.0689876 0.127497 1.47881 -0.175279 0.434941 0.0984669 -0.0122385 0.0562888 0.000319792
1 3.17 0.050274 -0.25263 1.34252 -0.0694954 0.129744 1.47867 -0.198286 0.488491 0.105546 0.59511 -0.49339 0.0567674
4 3.17 1.5 0 1.5 0 0 1.57075 0 0 0 0 0 0
5 3.17 50 0.000757933 1
6 3.17 24.7272 0.679568 -0.630658 0.180208
0 3.19 0.0546904 -0.267158 1.33844 -0.0691349 0.128315 1.47876 -0.178741 0.443004 0.0941499 -0.00667957 0.0516279 -0.00268702
1 3.19 0.0475407 -0.249438 1.34221 -0.0694343 0.130368 1.47851 -0.201786 0.496912 0.101375 0.597424 -0.500507 0.0546611
4 3.19 1.5 0 1.5 0 0 1.57075 0 0 0 0 0 0
5 3.19 50 0.000832319 1
6 3.19 24.739 0.675924 -0.633479 0.183084
0 3.2 0.0521431 -0.263557 1.33846 -0.0691709 0.128713 1.47868 -0.181026 0.444134 0.072135 0.000231972 0.0302342 -0.00429634
1 3.2 0.0449021 -0.245791 1.34135 -0.0691946 0.129908 1.47843 -0.204176 0.498459 0.081229 0.597628 -0.504222 0.0536776
4 3.2 1.5 0 1.5 0 0 1.57075 0 0 0 0 0 0
5 3.2 50 0.000678062 1
6 3.2 24.8561 0.66842 -0.613194 0.185082
0 3.21 0.0503448 -0.26172 1.33804 -0.0692154 0.128887 1.47865 -0.18216 0.443951 0.0441915 0.00538314 0.0147145 -0.00357174
1 3.21 0.0430584 -0.243962 1.33981 -0.0690238 0.129464 1.47846 -0.205464 0.498688 0.0557893 0.596369 -0.506044 0.0541259
4 3.21 1.5 0 1.5 0 0 1.57075 0 0 0 0 0 0
5 3.21 50 0.000720501 1
6 3.21 25.0117 0.661254 -0.597476 0.1842
0 3.22 0.0480272 -0.258434 1.33733 -0.0691739 0.128909 1.47861 -0.182912 0.443659 -0.0070973 0.0100402 0.00354829 -0.00406504
1 3.22 0.0407107 -0.240688 1.33705 -0.0687946 0.129039 1.47844 -0.206465 0.499036 0.00915781 0.593246 -0.508184 0.0538216
4 3.22 1.5 0 1.5 0 0 1.57075 0 0 0 0 0 0
5 3.22 50 0.000795364 1
6 3.22 25.3001 0.652552 -0.587119 0.184803
0 3.24 0.0458267 -0.255901 1.33607 -0.0690561 0.128708 1.47851 -0.182777 0.442552 -0.069313 0.0119271 -0.0122101 -0.000980328
1 3.24 0.0385156 -0.238199 1.3333 -0.0685797 0.128218 1.4785 -0.206613 0.498621 -0.0473131 0.588776 -0.509487 0.0557589
4 3.24 1.5 0 1.5 0 0 1.57075 0 0 0 0 0 0
5 3.24 50 0.000783443 1
6 3.24 25.6548 0.645442 -0.570536 0.18114
0 3.25 0.0431248 -0.251684 1.33361 -0.0688924 0.12842 1.47859 -0.181785 0.44074 -0.160262 0.0160021 -0.0257219 -0.000650083
1 3.25 0.0358534 -0.234054 1.3272 -0.0682465 0.127392 1.47863 -0.206052 0.497821 -0.129805 0.581811 -0.511118 0.0559151
4 3.25 1.5 0 1.5 0 0 1.57075 0 0 0 0 0 0
5 3.25 50 0.000771761 1
6 3.25 26.1771 0.633089 -0.556905 0.180584
0 3.26 0.040568 -0.248676 1.33032 -0.0687763 0.12817 1.47865 -0.180692 0.438182 -0.244606 0.0203338 -0.0392387 0.00424144
1 3.26 0.0333403 -0.231149 1.32053 -0.0679272 0.126616 1.47893 -0.205378 0.49622 -0.206203 0.575621 -0.512147 0.0588402
4 3.26 1.5 0 1.5 0 0 1.57075 0 0 0 0 0 0
5 3.26 50 0.000768185 1
6 3.26 26.6679 0.621302 -0.542585 0.174306
0 3.27 0.0385868 -0.245814 1.3271 -0.0684009 0.127567 1.47884 -0.179507 0.436032 -0.316299 0.0359668 -0.052518 0.00336111
1 3.27 0.0314066 -0.228373 1.31445 -0.0669266 0.12548 1.47912 -0.204455 0.494713 -0.270993 0.570662 -0.511903 0.0582893
4 3.27 1.5 0 1.5 0 0 1.57075 0 0 0 0 0 0
5 3.27 50 0.000675917 1
6 3.27 27.0925 0.598261 -0.527072 0.175356
0 3.28 0.0362282 -0.242977 1.32243 -0.0679899 0.126955 1.47888 -0.177804 0.432123 -0.413459 0.0416604 -0.061796 0.000904288
1 3.28 0.029116 -0.225692 1.30589 -0.0662975 0.124491 1.47909 -0.203126 0.491762 -0.358803 0.563202 -0.511245 0.0569238
4 3.28 1.5 0 1.5 0 0 1.57075 0 0 0 0 0 0
5 3.28 50 0.000838518 1
6 3.28 27.6683 0.583552 -0.515666 0.178839
0 3.3 0.0336042 -0.238843 1.31551 -0.0670718 0.125183 1.47895 -0.175691 0.427797 -0.52814 0.0448507 -0.0988508 4.16453e-05
1 3.3 0.0265766 -0.221732 1.29439 -0.0652442 0.121238 1.47922 -0.201304 0.488085 -0.462143 0.553486 -0.507979 0.0565857
4 3.3 1.5 0 1.5 0 0 1.57075 0 0 0 0 0 0
5 3.3 50 0.000771046 1
6 3.3 28.3621 0.569116 -0.469403 0.180512
0 3.31 0.0314238 -0.236353 1.30904 -0.066874 0.124738 1.47898 -0.174464 0.424326 -0.609452 0.0473642 -0.106705 -0.000790686
1 3.31 0.0244452 -0.21938 1.28466 -0.0649476 0.120477 1.47924 -0.200451 0.485449 -0.53544 0.547597 -0.507509 0.0561539
4 3.31 1.5 0 1.5 0 0 1.57075 0 0 0 0 0 0
5 3.31 50 0.000808477 1
6 3.31 28.856 0.559721 -0.459848 0.18179
0 3.32 0.029234 -0.23327 1.30144 -0.0659941 0.122791 1.47911 -0.173234 0.421155 -0.69701 0.0657216 -0.140103 -0.000901051
1 3.32 0.0223046 -0.216424 1.27356 -0.0633241 0.117197 1.47945 -0.199388 0.482478 -0.614002 0.541646 -0.503246 0.056237
4 3.32 1.5 0 1.5 0 0 1.57075 0 0 0 0 0 0
5 3.32 50 0.000809431 1
6 3.32 29.4037 0.532526 -0.416637 0.182403
0 3.33 0.026792 -0.230292 1.292 -0.065403 0.121533 1.47919 -0.171615 0.417239 -0.795129 0.0823561 -0.169864 -0.0050493
1 3.33 0.0199274 -0.213602 1.26019 -0.0620791 0.11474 1.47943 -0.198085 0.479204 -0.702137 0.535116 -0.500756 0.0539249
4 3.33 1.5 0 1.5 0 0 1.57075 0 0 0 0 0 0
5 3.33 50 0.0010035 1
6 3.33 30.0153 0.506667 -0.379606 0.188259
0 3.35 0.0242917 -0.226493 1.28058 -0.0631115 0.117182 1.47946 -0.169494 0.413409 -0.902032 0.137786 -0.243634 0.00332098
1 3.35 0.017512 -0.209956 1.2445 -0.0575121 0.107465 1.48022 -0.195656 0.474569 -0.797333 0.528224 -0.489567 0.0592775
4 3.35 1.5 0 1.5 0 0 1.57075 0 0 0 0 0 0
5 3.35 50 0.000999451 1
6 3.35 30.7187 0.436798 -0.282202 0.178603
0 3.36 0.0215604 -0.223006 1.26702 -0.0610927 0.11371 1.47966 -0.16693 0.407955 -1.02611 0.171479 -0.288568 0.00245988
1 3.36 0.0148832 -0.206687 1.22598 -0.0541418 0.102195 1.48047 -0.192918 0.468862 -0.908109 0.519168 -0.479795 0.0590845
4 3.36 1.5 0 1.5 0 0 1.57075 0 0 0 0 0 0
5 3.36 50 0.000753403 1
6 3.36 31.524 0.388973 -0.219434 0.180718
0 3.37 0.0194366 -0.219659 1.25467 -0.0596168 0.111324 1.47984 -0.164818 0.404185 -1.12539 0.200018 -0.323343 0.00497586
1 3.37 0.0128439 -0.203492 1.20966 -0.0515077 0.098425 1.48081 -0.190694 0.465039 -0.996696 0.512577 -0.473673 0.0607798
4 3.37 1.5 0 1.5 0 0 1.57075 0 0 0 0 0 0
5 3.37 50 0.000776291 1
6 3.37 32.1733 0.349593 -0.17256 0.178081
0 3.38 0.0173274 -0.217206 1.24225 -0.0565803 0.106574 1.48026 -0.163339 0.401095 -1.20904 0.244566 -0.37791 0.00789993
1 3.38 0.0107938 -0.201162 1.19389 -0.0466724 0.0914998 1.48144 -0.188327 0.460402 -1.07044 0.505424 -0.459329 0.0627391
4 3.38 1.5 0 1.5 0 0 1.57075 0 0 0 0 0 0
5 3.38 50 0.000711441 1
6 3.38 32.7613 0.291632 -0.093575 0.174969
0 3.4 0.0144873 -0.212928 1.22269 -0.0522758 0.100131 1.4808 -0.161079 0.397037 -1.32863 0.259221 -0.386257 0.00740755
1 3.4 0.0080441 -0.197046 1.16954 -0.0417961 0.0847174 1.4819 -0.184709 0.454165 -1.17585 0.491933 -0.438816 0.062547
4 3.4 1.5 0 1.5 0 0 1.57075 0 0 0 0 0 0
5 3.4 50 0.000754595 1
6 3.4 33.6061 0.26015 -0.0604607 0.175919
0 3.41 0.0116853 -0.209533 1.20242 -0.0502993 0.0972323 1.48099 -0.159611 0.387029 -1.43224 0.258479 -0.383557 0.0076414
1 3.41 0.00530082 -0.194051 1.14513 -0.0398551 0.0819248 1.48207 -0.182804 0.443682 -1.26749 0.482341 -0.427048 0.0629341
4 3.41 1.5 0 1.5 0 0 1.57075 0 0 0 0 0 0
5 3.41 50 0.00104523 1
6 3.41 34.3304 0.250242 -0.0500623 0.176409
0 3.42 0.00907849 -0.205733 1.18126 -0.0470453 0.0922627 1.48133 -0.157726 0.379936 -1.53461 0.247144 -0.371491 0.0112064
1 3.42 0.00276944 -0.190536 1.11988 -0.0370535 0.0774406 1.48248 -0.179837 0.434824 -1.35751 0.47002 -0.409237 0.065185
4 3.42 1.5 0 1.5 0 0 1.57075 0 0 0 0 0 0
5 3.42 50 0.000760317 1
6 3.42 35.0698 0.249037 -0.0435364 0.172222
0 3.43 0.00678383 -0.202952 1.16275 -0.0440915 0.0877882 1.4816 -0.15639 0.373841 -1.62746 0.230132 -0.348514 0.0107891
1 3.43 0.00052822 -0.187998 1.09765 -0.0347942 0.0738802 1.48265 -0.177452 0.427033 -1.43923 0.458705 -0.392887 0.0650344
4 3.43 1.5 0 1.5 0 0 1.57075 0 0 0 0 0 0
5 3.43 50 0.00069499 1
6 3.43 35.7357 0.255444 -0.0511165 0.173087
0 3.45 0.00493384 -0.200273 1.14611 -0.0403477 0.0818651 1.48204 -0.155162 0.369718 -1.7038 0.189953 -0.305998 0.00802035
1 3.45 -0.00127264 -0.185484 1.07796 -0.0326828 0.0696481 1.48286 -0.174685 0.42008 -1.50589 0.445266 -0.371518 0.0633033
4 3.45 1.5 0 1.5 0 0 1.57075 0 0 0 0 0 0
5 3.45 50 0.000708342 1
6 3.45 36.3074 0.285471 -0.0752991 0.176425
0 3.46 0.0026678 -0.197437 1.12577 -0.0382166 0.078379 1.48222 -0.153617 0.365463 -1.7924 0.167089 -0.270717 0.00392247
1 3.46 -0.00347688 -0.182819 1.05407 -0.0314883 0.0675642 1.48279 -0.172398 0.414511 -1.5839 0.435035 -0.358732 0.0608885
4 3.46 1.5 0 1.5 0 0 1.57075 0 0 0 0 0 0
5 3.46 50 0.000797749 1
6 3.46 36.9453 0.299719 -0.101036 0.181813
0 3.47 0.0001639 -0.193525 1.09994 -0.0370579 0.0764089 1.48228 -0.151841 0.362 -1.89189 0.151868 -0.256127 0.000852836
1 3.47 -0.00590973 -0.179045 1.02426 -0.0309515 0.0661721 1.4827 -0.170385 0.410732 -1.67166 0.426772 -0.352444 0.0591129
4 3.47 1.5 0 1.5 0 0 1.57075 0 0 0 0 0 0
5 3.47 50 0.00077796 1
6 3.47 37.6591 0.307575 -0.110518 0.185951
0 3.48 -0.00193596 -0.190967 1.07936 -0.0355527 0.0738067 1.48241 -0.150756 0.359761 -1.96039 0.146192 -0.250115 -0.000475599
1 3.48 -0.00796619 -0.176576 1.00095 -0.0296801 0.0638077 1.48275 -0.168769 0.40747 -1.73159 0.42025 -0.343621 0.0583509
4 3.48 1.5 0 1.5 0 0 1.57075 0 0 0 0 0 0
5 3.48 50 0.000778913 1
6 3.48 38.1763 0.306656 -0.107276 0.187762
0 3.5 -0.00426761 -0.18753 1.05386 -0.032637 0.0688969 1.48266 -0.149409 0.357446 -2.03995 0.149512 -0.247355 0.00882524
1 3.5 -0.010244 -0.173232 0.972264 -0.0266099 0.0590195 1.48334 -0.166164 0.402685 -1.80068 0.411226 -0.326701 0.0639054
4 3.5 1.5 0 1.5 0 0 1.57075 0 0 0 0 0 0
5 3.5 50 0.000705719 1
6 3.5 38.8026 0.292655 -0.0911445 0.175801
0 3.51 -0.00681777 -0.184224 1.02625 -0.0315254 0.0670264 1.4828 -0.148037 0.355148 -2.12007 0.147074 -0.248765 0.0110746
1 3.51 -0.0127393 -0.170018 0.941448 -0.0255917 0.0570947 1.48356 -0.164457 0.399844 -1.8707 0.40501 -0.320662 0.065249
4 3.51 1.5 0 1.5 0 0 1.57075 0 0 0 0 0 0
5 3.51 50 0.000686646 1
6 3.51 39.4164 0.288381 -0.0826243 0.17291
0 3.52 -0.00868854 -0.181399 1.00406 -0.0295672 0.0637394 1.48295 -0.146835 0.353508 -2.18081 0.154314 -0.250622 0.0015272
1 3.52 -0.0145619 -0.167259 0.916826 -0.0233718 0.0537207 1.48331 -0.162382 0.396518 -1.92331 0.399027 -0.309274 0.0595768
4 3.52 1.5 0 1.5 0 0 1.57075 0 0 0 0 0 0
5 3.52 50 0.000712395 1
6 3.52 39.9047 0.273781 -0.0673122 0.185279
0 3.53 -0.0117504 -0.177288 0.967736 -0.0276368 0.0605302 1.4831 -0.145473 0.350874 -2.26547 0.15716 -0.259168 -0.00343382
1 3.53 -0.0175693 -0.163253 0.877117 -0.0213413 0.0501636 1.48325 -0.160209 0.392409 -1.99645 0.391639 -0.29826 0.0566551
4 3.53 1.5 0 1.5 0 0 1.57075 0 0 0 0 0 0
5 3.53 50 0.000887632 1
6 3.53 40.6014 0.262433 -0.0448059 0.191788
0 3.55 -0.0146435 -0.172646 0.929448 -0.0252145 0.056481 1.48309 -0.144024 0.348814 -2.34973 0.156581 -0.26562 -0.00925342
1 3.55 -0.0204045 -0.158693 0.835459 -0.018957 0.0458503 1.48299 -0.157629 0.388221 -2.06894 0.383068 -0.28416 0.053311
4 3.55 1.5 0 1.5 0 0 1.57075 0 0 0 0 0 0
5 3.55 50 0.000813007 1
6 3.55 41.3123 0.253619 -0.0211515 0.19969
0 3.56 -0.0167234 -0.170061 0.904104 -0.0229874 0.0526726 1.48308 -0.142537 0.346182 -2.41089 0.157562 -0.26559 -0.00816614
1 3.56 -0.0224248 -0.156213 0.807669 -0.0166892 0.0420443 1.483 -0.155023 0.383358 -2.1216 0.376293 -0.270092 0.0540764
4 3.56 1.5 0 1.5 0 0 1.57075 0 0 0 0 0 0
5 3.56 50 0.000680685 1
6 3.56 41.8224 0.244917 -0.00505803 0.198662
0 3.57 -0.0182929 -0.167719 0.882874 -0.0214288 0.0499954 1.48298 -0.141308 0.344646 -2.45771 0.154844 -0.264863 -0.00613548
1 3.57 -0.0239452 -0.153934 0.784566 -0.015236 0.039398 1.48296 -0.153001 0.380248 -2.16183 0.371024 -0.260334 0.0554164
4 3.57 1.5 0 1.5 0 0 1.57075 0 0 0 0 0 0
5 3.57 50 0.00068593 1
6 3.57 42.2197 0.242019 0.00527515 0.196458
0 3.58 -0.0201526 -0.165385 0.858949 -0.0205243 0.0483892 1.48297 -0.139933 0.342607 -2.50754 0.146537 -0.259046 -0.00707516
1 3.58 -0.0257499 -0.151681 0.758648 -0.0146662 0.0380237 1.4829 -0.151212 0.377396 -2.20475 0.366403 -0.254403 0.0549197
4 3.58 1.5 0 1.5 0 0 1.57075 0 0 0 0 0 0
5 3.58 50 0.000738144 1
6 3.58 42.6393 0.24616 0.00541287 0.197875
0 3.59 -0.0219598 -0.162619 0.832899 -0.0185529 0.0448669 1.48297 -0.138367 0.340712 -2.55701 0.14036 -0.249153 -0.00976142
1 3.59 -0.0274945 -0.148991 0.730619 -0.0129477 0.0348952 1.48277 -0.148599 0.373277 -2.24686 0.359852 -0.241164 0.0533656
4 3.59 1.5 0 1.5 0 0 1.57075 0 0 0 0 0 0
5 3.59 50 0.000773191 1
6 3.59 43.0819 0.24579 0.00927935 0.201493
0 3.6 -0.0240825 -0.159922 0.803621 -0.0175449 0.0429756 1.48295 -0.138061 0.33497 -2.60601 0.133526 -0.246666 -0.00833723
1 3.6 -0.0296049 -0.146524 0.69938 -0.0122108 0.0331046 1.48279 -0.147809 0.366493 -2.28805 0.354683 -0.233101 0.0542377
4 3.6 1.5 0 1.5 0 0 1.57075 0 0 0 0 0 0
5 3.6 50 0.000735044 1
6 3.6 43.5567 0.247623 0.0156558 0.199733
0 3.61 -0.0264618 -0.156397 0.767633 -0.0158692 0.0398524 1.48287 -0.137499 0.329631 -2.66252 0.137601 -0.240349 -0.0107984
1 3.61 -0.0319617 -0.143211 0.661133 -0.0103763 0.0302328 1.48259 -0.146373 0.359243 -2.33468 0.347863 -0.220911 0.0526863
4 3.61 1.5 0 1.5 0 0 1.57075 0 0 0 0 0 0
5 3.61 50 0.000662804 1
6 3.61 44.155 0.235476 0.0224249 0.202637
0 3.62 -0.0284141 -0.153871 0.73946 -0.0151946 0.0386155 1.48289 -0.136823 0.325523 -2.70559 0.13585 -0.241126 -0.0107818
1 3.62 -0.033887 -0.14085 0.631237 -0.00977164 0.028965 1.4826 -0.145368 0.354467 -2.37113 0.344541 -0.215408 0.0527717
4 3.62 1.5 0 1.5 0 0 1.57075 0 0 0 0 0 0
5 3.62 50 0.000832081 1
6 3.62 44.5583 0.233718 0.0296279 0.202857
0 3.64 -0.0309227 -0.149984 0.698936 -0.012306 0.033083 1.48296 -0.135224 0.320812 -2.76169 0.125752 -0.238144 -0.00286482
1 3.64 -0.0363317 -0.137151 0.588468 -0.00727585 0.0235566 1.48296 -0.142151 0.346001 -2.41427 0.331377 -0.195078 0.0567113
4 3.64 1.5 0 1.5 0 0 1.57075 0 0 0 0 0 0
5 3.64 50 0.00101781 2
6 3.64 45.342 0.230131 0.0494408 0.190163
0 3.65 -0.0330173 -0.147185 0.666751 -0.0106502 0.0298953 1.48291 -0.133222 0.317249 -2.80501 0.126311 -0.240376 -0.00201104
1 3.65 -0.0383462 -0.134495 0.55455 -0.00559714 0.0202799 1.48293 -0.139192 0.340203 -2.4503 0.326261 -0.181857 0.0572956
4 3.65 1.5 0 1.5 0 0 1.57075 0 0 0 0 0 0
5 3.65 50 0.00116801 2
6 3.65 45.7837 0.223765 0.0671612 0.189302
0 3.67 -0.0352488 -0.143562 0.627843 -0.00886369 0.026317 1.48297 -0.130444 0.313391 -2.85237 0.125563 -0.234469 -0.00511095
1 3.67 -0.0404666 -0.131026 0.513748 -0.00384435 0.0169368 1.48285 -0.135373 0.33379 -2.48922 0.320236 -0.167231 0.055415
4 3.67 1.5 0 1.5 0 0 1.57075 0 0 0 0 0 0
5 3.67 50 0.0010891 2
6 3.67 46.2957 0.217919 0.077197 0.193196
0 3.68 -0.0374997 -0.140544 0.591131 -0.00703221 0.0229061 1.48297 -0.12831 0.31049 -2.89241 0.123363 -0.229074 -0.00255205
1 3.68 -0.0426321 -0.128125 0.475435 -0.00209856 0.0137426 1.48293 -0.13213 0.328407 -2.52037 0.31295 -0.153778 0.0566243
4 3.68 1.5 0 1.5 0 0 1.57075 0 0 0 0 0 0
5 3.68 50 0.00134349 2
6 3.68 46.8353 0.212178 0.0864152 0.188888
0 3.69 -0.0391777 -0.137957 0.561269 -0.00581204 0.020694 1.48295 -0.126375 0.308066 -2.92277 0.123605 -0.21636 -0.00200899
1 3.69 -0.0442327 -0.125634 0.444359 -0.000868458 0.0120393 1.48292 -0.129437 0.324338 -2.54498 0.309059 -0.14466 0.0569493
4 3.69 1.5 0 1.5 0 0 1.57075 0 0 0 0 0 0
5 3.69 50 0.000990629 2
6 3.69 47.1852 0.207541 0.0822834 0.188194
0 3.7 -0.0415516 -0.134647 0.519988 -0.00465435 0.0186645 1.48297 -0.12392 0.304261 -2.96146 0.119066 -0.207742 -0.00585146
1 3.7 -0.0465084 -0.122477 0.40153 0.000104626 0.0103538 1.48278 -0.126253 0.31904 -2.57616 0.30447 -0.135891 0.0547012
4 3.7 1.5 0 1.5 0 0 1.57075 0 0 0 0 0 0
5 3.7 50 0.00099802 2
6 3.7 47.6434 0.207549 0.0824937 0.193286
0 3.72 -0.0431242 -0.132122 0.49006 -0.00266838 0.0149646 1.48272 -0.122028 0.301595 -2.98743 0.106286 -0.202717 -0.00978326
1 3.72 -0.0480053 -0.120058 0.370563 0.00157755 0.00685488 1.48235 -0.123084 0.313512 -2.59289 0.294538 -0.121072 0.0518524
4 3.72 1.5 0 1.5 0 0 1.57075 0 0 0 0 0 0
5 3.72 50 0.00149441 3
6 3.72 48.2056 0.210798 0.0937594 0.196747
0 3.73 -0.0454196 -0.128965 0.448141 -0.00159728 0.0129706 1.48264 -0.119751 0.29807 -3.0208 0.107419 -0.197526 -0.00957037
1 3.73 -0.0502097 -0.117042 0.327309 0.00269468 0.0050689 1.48227 -0.120108 0.308442 -2.61914 0.2908 -0.11224 0.0520437
4 3.73 1.5 0 1.5 0 0 1.57075 0 0 0 0 0 0
5 3.73 50 0.00185537 3
6 3.73 48.6403 0.20534 0.0979357 0.196679
0 3.74 -0.0474531 -0.125704 0.407276 -0.000814689 0.0115349 1.48254 -0.117255 0.294365 -3.05137 0.106811 -0.194547 -0.0159793
1 3.74 -0.0521433 -0.11393 0.285222 0.00345044 0.00375251 1.48191 -0.11709 0.30363 -2.64246 0.286902 -0.105637 0.0483003
4 3.74 1.5 0 1.5 0 0 1.57075 0 0 0 0 0 0
5 3.74 50 0.00132608 3
6 3.74 49.0837 0.20176 0.10215 0.205189
0 3.75 -0.0493666 -0.123102 0.370786 0.000708037 0.00861777 1.48231 -0.114702 0.290365 -3.07647 0.0980557 -0.197692 -0.0156538
1 3.75 -0.0539547 -0.111488 0.247727 0.00462482 0.000710549 1.48168 -0.113508 0.297301 -2.65503 0.27582 -0.0929152 0.0475683
4 3.75 1.5 0 1.5 0 0 1.57075 0 0 0 0 0 0
5 3.75 50 0.00104022 2
6 3.75 49.8495 0.199155 0.12034 0.201814
0 3.76 -0.0511134 -0.120262 0.33357 0.0016756 0.00664117 1.48217 -0.11211 0.286186 -3.09997 0.0996927 -0.195626 -0.0160038
1 3.76 -0.0555978 -0.108815 0.209572 0.00565897 -0.00118278 1.48152 -0.11026 0.291486 -2.67269 0.272681 -0.0833782 0.0474719
4 3.76 1.5 0 1.5 0 0 1.57075 0 0 0 0 0 0
5 3.76 50 0.00103784 2
6 3.76 50.2063 0.193814 0.128916 0.202624
0 3.78 -0.0525787 -0.118333 0.307988 -0.034961 0.0534423 1.48176 -0.126812 0.311121 -2.83759 -3.62113 4.63693 -0.0145603
1 3.78 -0.0576512 -0.105888 0.194484 -0.180184 0.238786 1.47468 -0.15036 0.355196 -2.44847 0.109977 -0.264703 -0.00037029
4 3.78 1.5 0 1.5 0 0 1.57075 0 0 0 0 0 0
5 3.78 50 0.000803709 1
6 3.78 47.966 4.16924 -5.62812 0.026217
0 3.79 -0.0546233 -0.115005 0.276141 -0.0634356 0.0895946 1.48034 -0.139009 0.332288 -2.59109 -3.75072 4.78379 -0.00212283
1 3.79 -0.0601836 -0.101713 0.172498 -0.214562 0.280556 1.46808 -0.178667 0.400457 -2.26764 0.197052 -0.16319 0.0269521
4 3.79 1.5 0 1.5 0 0 1.57075 0 0 0 0 0 0
5 3.79 50 0.00138283 2
6 3.79 44.1109 4.41636 -5.67644 0.0724281
0 3.8 -0.0590976 -0.109305 0.258456 -0.107969 0.144908 1.47601 -0.150092 0.345105 -2.4114 -3.26657 4.06772 0.00253586
1 3.8 -0.0651013 -0.0955004 0.162 -0.241176 0.30668 1.4584 -0.214927 0.451064 -2.12302 0.328806 -0.362971 0.0261364
4 3.8 1.5 0 1.5 0 0 1.57075 0 0 0 0 0 0
5 3.8 50 0.00117087 2
6 3.8 42.3864 4.02374 -5.08275 0.060242
0 3.81 -0.0633264 -0.103351 0.237504 -0.140851 0.183582 1.47134 -0.16214 0.360377 -2.24206 -2.96024 3.57544 -0.00460493
1 3.81 -0.069812 -0.0889358 0.147822 -0.263022 0.325157 1.45073 -0.241277 0.486347 -2.00168 0.451366 -0.403653 0.037019
4 3.81 1.5 0 1.5 0 0 1.57075 0 0 0 0 0 0
5 3.81 50 0.00101447 2
6 3.81 39.8145 3.81593 -4.56644 0.120854
0 3.83 -0.0721577 -0.0922268 0.237904 -0.19495 0.242845 1.46093 -0.181749 0.385463 -2.0644 -2.39233 2.7469 -0.0518824
1 3.83 -0.0794277 -0.0768083 0.155328 -0.296421 0.350237 1.43691 -0.282528 0.540078 -1.88105 0.624102 -0.573775 0.0142156
4 3.83 1.5 0 1.5 0 0 1.57075 0 0 0 0 0 0
5 3.83 50 0.000811815 1
6 3.83 37.0323 3.36345 -3.82018 0.203549
0 3.84 -0.077324 -0.085335 0.23416 -0.224209 0.27254 1.45335 -0.196135 0.405303 -1.9593 -2.15505 2.39924 -0.100778
1 3.84 -0.0851694 -0.0691229 0.155788 -0.317473 0.365211 1.42712 -0.306902 0.572389 -1.80444 0.703363 -0.677223 -0.0181125
4 3.84 1.5 0 1.5 0 0 1.57075 0 0 0 0 0 0
5 3.84 50 0.000692844 1
6 3.84 35.6979 3.17852 -3.5477 0.258032
0 3.85 -0.0850836 -0.0757637 0.243899 -0.241746 0.289384 1.44838 -0.218044 0.435454 -1.83691 -2.07641 2.2624 -0.138935
1 3.85 -0.0938054 -0.0583456 0.170422 -0.332859 0.375918 1.42014 -0.332868 0.606881 -1.70496 0.752826 -0.736323 -0.0435735
4 3.85 1.5 0 1.5 0 0 1.57075 0 0 0 0 0 0
5 3.85 50 0.00108027 1
6 3.85 34.5137 3.13994 -3.46443 0.299101
0 3.86 -0.090649 -0.0684496 0.246169 -0.258223 0.304554 1.44305 -0.237482 0.462919 -1.75052 -2.0269 2.17128 -0.175332
1 3.86 -0.100148 -0.0499329 0.176148 -0.348401 0.386735 1.41269 -0.356044 0.638339 -1.63745 0.794832 -0.786506 -0.0679355
4 3.86 1.5 0 1.5 0 0 1.57075 0 0 0 0 0 0
5 3.86 50 0.000816584 1
6 3.86 33.5664 3.12611 -3.42301 0.337862
0 3.87 -0.0986441 -0.0586492 0.260225 -0.285084 0.328183 1.43331 -0.264349 0.500193 -1.65345 -1.98678 2.09149 -0.224837
1 3.87 -0.109218 -0.0386415 0.194087 -0.375505 0.405936 1.39934 -0.388517 0.681529 -1.56829 0.855686 -0.856829 -0.101413
4 3.87 1.5 0 1.5 0 0 1.57075 0 0 0 0 0 0
5 3.87 50 0.00113964 1
6 3.87 32.1994 3.14199 -3.41972 0.389307
0 3.88 -0.105953 -0.0489856 0.265694 -0.313853 0.351853 1.42172 -0.294725 0.542673 -1.57038 -1.95325 2.01861 -0.276349
1 3.88 -0.117742 -0.0272787 0.202879 -0.404995 0.425241 1.38397 -0.423959 0.729018 -1.51312 0.915736 -0.926037 -0.136232
4 3.88 1.5 0 1.5 0 0 1.57075 0 0 0 0 0 0
5 3.88 50 0.00087285 1
6 3.88 30.846 3.1645 -3.42324 0.442842
0 3.9 -0.118196 -0.0339315 0.28831 -0.358699 0.385582 1.40189 -0.336245 0.599802 -1.47535 -1.91348 1.90421 -0.354469
1 3.9 -0.131646 -0.00993939 0.229296 -0.451481 0.451926 1.3587 -0.471755 0.791671 -1.4579 0.99348 -1.0317 -0.192515
4 3.9 1.5 0 1.5 0 0 1.57075 0 0 0 0 0 0
5 3.9 50 0.000882387 1
6 3.9 28.9339 3.1974 -3.42469 0.512898
0 3.91 -0.12734 -0.0219608 0.297724 -0.376339 0.397665 1.39334 -0.374185 0.651926 -1.40898 -1.89263 1.84819 -0.405724
1 3.91 -0.142307 0.00411622 0.241365 -0.469797 0.460454 1.3475 -0.510981 0.844334 -1.40799 1.01648 -1.09732 -0.234333
4 3.91 1.5 0 1.5 0 0 1.57075 0 0 0 0 0 0
5 3.91 50 0.00108242 2
6 3.91 28.1007 3.19367 -3.44313 0.543188
0 3.93 -0.137652 -0.00955924 0.318994 -0.422843 0.426342 1.36897 -0.417532 0.710492 -1.33672 -1.81294 1.71147 -0.504675
1 3.93 -0.154353 0.0188604 0.265525 -0.516481 0.480488 1.31789 -0.559708 0.907242 -1.36748 1.03467 -1.24181 -0.326673
4 3.93 1.5 0 1.5 0 0 1.57075 0 0 0 0 0 0
5 3.93 50 0.00118709 2
6 3.93 26.6775 3.11556 -3.46426 0.564744
0 3.94 -0.145977 0.00116097 0.329096 -0.445759 0.438981 1.35618 -0.45754 0.764793 -1.28297 -1.7504 1.63745 -0.5312
1 3.94 -0.164279 0.0317527 0.277777 -0.538035 0.488918 1.30381 -0.598643 0.958638 -1.336 1.07646 -1.27795 -0.344307
4 3.94 1.5 0 1.5 0 0 1.57075 0 0 0 0 0 0
5 3.94 50 0.00118399 2
6 3.94 25.4508 3.09184 -3.42202 0.593401
0 3.95 -0.158834 0.0165034 0.354164 -0.462082 0.447413 1.34675 -0.505954 0.82883 -1.21821 -1.63982 1.53037 -0.569247
1 3.95 -0.179073 0.0496566 0.305435 -0.550551 0.492057 1.29387 -0.650101 1.0259 -1.27693 0.986942 -1.44582 -0.429426
4 3.95 1.5 0 1.5 0 0 1.57075 0 0 0 0 0 0
5 3.95 50 0.000867844 1
6 3.95 25.3247 2.86784 -3.49207 0.443525
0 3.96 -0.168293 0.0283823 0.367014 -0.489014 0.46005 1.33002 -0.545494 0.881628 -1.17436 -1.43306 1.35862 -0.619682
1 3.96 -0.190113 0.0636474 0.320039 -0.569829 0.496382 1.27711 -0.686647 1.07334 -1.25895 1.03531 -1.4771 -0.458601
4 3.96 1.5 0 1.5 0 0 1.57075 0 0 0 0 0 0
5 3.96 50 0.00084424 1
6 3.96 23.8342 2.693 -3.32715 0.512037
0 3.97 -0.181109 0.0436049 0.390582 -0.511715 0.469586 1.31425 -0.595785 0.948024 -1.11947 -1.17335 1.17025 -0.649566
1 3.97 -0.204941 0.0815259 0.345803 -0.581776 0.497677 1.26314 -0.731803 1.13224 -1.22875 1.0854 -1.51155 -0.471984
4 3.97 1.5 0 1.5 0 0 1.57075 0 0 0 0 0 0
5 3.97 50 0.000825167 1
6 3.97 22.3035 2.46514 -3.14011 0.565369
0 3.99 -0.193016 0.0586749 0.404137 -0.53402 0.477514 1.29633 -0.643982 1.0125 -1.08038 -0.798861 0.894063 -0.674493
1 3.99 -0.218775 0.099175 0.360922 -0.587411 0.494565 1.24969 -0.774406 1.18927 -1.21226 1.14012 -1.55209 -0.478536
4 3.99 1.5 0 1.5 0 0 1.57075 0 0 0 0 0 0
5 3.99 50 0.000853062 1
6 3.99 20.8724 2.12021 -2.85122 0.624781
0 4 -0.206515 0.0744378 0.428118 -0.547929 0.480137 1.28102 -0.684747 1.06599 -1.04419 -0.135589 0.352289 -0.685779
1 4 -0.233905 0.117077 0.38635 -0.56937 0.477877 1.24634 -0.808706 1.23489 -1.1938 1.20766 -1.60999 -0.465627
4 4 1.5 0 1.5 0 0 1.57075 0 0 0 0 0 0
5 4 50 0.00162888 1
6 4 19.6421 1.48321 -2.25908 0.702782
0 4.01 -0.222793 0.0945867 0.446627 -0.550192 0.478627 1.27531 -0.73501 1.12846 -1.01822 0.191902 0.059448 -0.680498
1 4.01 -0.252193 0.139725 0.405899 -0.555201 0.466422 1.24777 -0.851771 1.28818 -1.18167 1.3923 -1.53826 -0.402956
4 4.01 1.5 0 1.5 0 0 1.57075 0 0 0 0 0 0
5 4.01 50 0.00105691 2
6 4.01 18.5339 1.33982 -1.82225 0.886065
0 4.02 -0.235695 0.109518 0.468561 -0.547611 0.472643 1.2695 -0.772336 1.17453 -0.996982 0.637679 -0.379861 -0.658765
1 4.02 -0.266588 0.156499 0.428681 -0.529561 0.445951 1.25311 -0.884978 1.3296 -1.16514 1.5085 -1.52442 -0.358146
4 4.02 1.5 0 1.5 0 0 1.57075 0 0 0 0 0 0
5 4.02 50 0.00138307 2
6 4.02 18.0681 0.994835 -1.27833 0.959451
0 4.03 -0.24969 0.12674 0.483693 -0.541598 0.465371 1.26701 -0.816653 1.2306 -0.979796 0.868165 -0.630995 -0.636051
1 4.03 -0.282356 0.175964 0.444501 -0.511285 0.430628 1.25717 -0.92652 1.38252 -1.14896 1.56757 -1.5222 -0.329425
4 4.03 1.5 0 1.5 0 0 1.57075 0 0 0 0 0 0
5 4.03 50 0.000815153 1
6 4.03 17.8559 0.815398 -0.976698 0.978282
0 4.05 -0.264737 0.144268 0.506421 -0.524242 0.447244 1.26497 -0.863568 1.28983 -0.955126 1.05808 -0.887073 -0.569059
1 4.05 -0.299279 0.195861 0.468216 -0.482851 0.405133 1.26281 -0.9706 1.43888 -1.11839 1.64925 -1.4785 -0.260464
4 4.05 1.5 0 1.5 0 0 1.57075 0 0 0 0 0 0
5 4.05 50 0.0018363 2
6 4.05 17.9806 0.702756 -0.628621 0.984123
0 4.06 -0.292415 0.177079 0.54107 -0.508479 0.431218 1.26511 -0.943351 1.39156 -0.912635 1.058 -0.970766 -0.504419
1 4.06 -0.330149 0.232742 0.504564 -0.46557 0.387477 1.26651 -1.04648 1.53551 -1.07412 1.67806 -1.46704 -0.211779
4 4.06 1.5 0 1.5 0 0 1.57075 0 0 0 0 0 0
5 4.06 50 0.000802279 1
6 4.06 17.8239 0.733844 -0.525119 0.933083
0 4.08 -0.310585 0.199178 0.558749 -0.489484 0.411419 1.26699 -0.99275 1.45559 -0.886336 0.996095 -1.04375 -0.391431
1 4.08 -0.350295 0.257401 0.523295 -0.447105 0.36721 1.27333 -1.09383 1.59627 -1.04038 1.71446 -1.42516 -0.125111
4 4.08 1.5 0 1.5 0 0 1.57075 0 0 0 0 0 0
5 4.08 50 0.000380754 0
6 4.08 17.8239 0.733844 -0.525119 0.933083
0 4.09 -0.325935 0.216823 0.579795 -0.479724 0.400987 1.26857 -1.0326 1.50648 -0.859083 0.973426 -1.06162 -0.364276
1 4.09 -0.367239 0.277082 0.545431 -0.437958 0.356591 1.27582 -1.13197 1.64423 -1.01105 1.72018 -1.41817 -0.107158
4 4.09 1.5 0 1.5 0 0 1.57075 0 0 0 0 0 0
5 4.09 50 0.00041604 0
6 4.09 17.8239 0.733844 -0.525119 0.933083
0 4.1 -0.343928 0.238715 0.595982 -0.467034 0.387172 1.27122 -1.08008 1.56786 -0.831011 0.934061 -1.0949 -0.302591
1 4.1 -0.387131 0.301429 0.562742 -0.426038 0.342617 1.28085 -1.1778 1.70231 -0.979078 1.72475 -1.40857 -0.0664198
4 4.1 1.5 0 1.5 0 0 1.57075 0 0 0 0 0 0
5 4.1 50 0.000471354 0
6 4.1 17.8239 0.733844 -0.525119 0.933083
0 4.11 -0.362579 0.260283 0.618982 -0.459277 0.378612 1.27325 -1.12603 1.62613 -0.796295 0.907712 -1.11575 -0.25771
1 4.11 -0.40762 0.325328 0.58713 -0.418774 0.334038 1.2846 -1.22171 1.75697 -0.944756 1.73465 -1.40645 -0.0383319
4 4.11 1.5 0 1.5 0 0 1.57075 0 0 0 0 0 0
5 4.11 50 0.000368834 0
6 4.11 17.8239 0.733844 -0.525119 0.933083
0 4.12 -0.377048 0.277836 0.631369 -0.449495 0.367613 1.27626 -1.16161 1.67145 -0.771891 0.88407 -1.1378 -0.220005
1 4.12 -0.423513 0.344694 0.600493 -0.409569 0.322798 1.28895 -1.25616 1.79952 -0.917346 1.7392 -1.39779 -0.0145942
4 4.12 1.5 0 1.5 0 0 1.57075 0 0 0 0 0 0
5 4.12 50 0.000383377 0
6 4.12 17.8239 0.733844 -0.525119 0.933083
0 4.13 -0.395698 0.299286 0.653631 -0.437498 0.353823 1.28053 -1.20427 1.72447 -0.734922 0.853734 -1.17154 -0.164427
1 4.13 -0.443869 0.368264 0.624234 -0.398216 0.308589 1.29535 -1.29731 1.84867 -0.877233 1.74596 -1.38696 0.0201193
4 4.13 1.5 0 1.5 0 0 1.57075 0 0 0 0 0 0
5 4.13 50 0.000418186 0
6 4.13 17.8239 0.733844 -0.525119 0.933083
0 4.14 -0.410876 0.317632 0.666117 -0.427586 0.342206 1.28467 -1.23855 1.76713 -0.707779 0.826497 -1.19514 -0.113525
1 4.14 -0.460418 0.388317 0.637806 -0.388937 0.296821 1.30133 -1.33061 1.88824 -0.846949 1.75059 -1.37707 0.0516054
4 4.14 1.5 0 1.5 0 0 1.57075 0 0 0 0 0 0
5 4.14 50 0.00043273 0
6 4.14 17.8239 0.733844 -0.525119 0.933083
0 4.16 -0.435542 0.346303 0.69192 -0.409173 0.31984 1.29374 -1.29 1.82807 -0.658738 0.785386 -1.24001 -0.034254
1 4.16 -0.487142 0.419426 0.66557 -0.371638 0.273789 1.3132 -1.38074 1.94346 -0.790971 1.75714 -1.35432 0.0991444
4 4.16 1.5 0 1.5 0 0 1.57075 0 0 0 0 0 0
5 4.16 50 0.000596762 0
6 4.16 17.8239 0.733844 -0.525119 0.933083
0 4.17 -0.456016 0.371466 0.704978 -0.399789 0.308088 1.29918 -1.33134 1.87675 -0.622969 0.759654 -1.27074 0.0270302
1 4.17 -0.50927 0.446536 0.680059 -0.362791 0.261688 1.32099 -1.42089 1.98824 -0.753366 1.76563 -1.34644 0.135411
4 4.17 1.5 0 1.5 0 0 1.57075 0 0 0 0 0 0
5 4.17 50 0.00039053 0
6 4.17 17.8239 0.733844 -0.525119 0.933083
0 4.19 -0.491025 0.411326 0.743132 -0.3817 0.284639 1.31078 -1.39319 1.94386 -0.554211 0.727616 -1.33122 0.110728
1 4.19 -0.546753 0.48908 0.720963 -0.345589 0.236873 1.33572 -1.48083 2.04785 -0.680153 1.77985 -1.32557 0.18189
4 4.19 1.5 0 1.5 0 0 1.57075 0 0 0 0 0 0
5 4.19 50 0.000398636 0
6 4.19 17.8239 0.733844 -0.525119 0.933083
0 4.21 -0.523897 0.44862 0.778028 -0.368924 0.2673 1.32034 -1.45494 2.00374 -0.400179 0.708345 -1.35862 0.16822
1 4.21 -0.582094 0.52877 0.762021 -0.333504 0.219038 1.34717 -1.53877 2.09913 -0.530989 1.80697 -1.31273 0.209423
4 4.21 1.5 0 1.5 0 0 1.57075 0 0 0 0 0 0
5 4.21 50 0.000380278 0
6 4.21 17.8239 0.733844 -0.525119 0.933083
0 4.22 -0.544815 0.473144 0.796005 -0.359126 0.252181 1.3292 -1.4925 2.03965 -0.31533 0.692459 -1.40093 0.227189
1 4.22 -0.604515 0.55473 0.783392 -0.324161 0.202913 1.35833 -1.57476 2.12927 -0.446385 1.82177 -1.29961 0.24008
4 4.22 1.5 0 1.5 0 0 1.57075 0 0 0 0 0 0
5 4.22 50 0.000609398 0
6 4.22 17.8239 0.733844 -0.525119 0.933083
0 4.23 -0.564403 0.494745 0.818525 -0.34976 0.238173 1.33818 -1.52594 2.06967 -0.240759 0.696017 -1.43765 0.278203
1 4.23 -0.625441 0.577531 0.808894 -0.314597 0.187962 1.36922 -1.60674 2.154 -0.371903 1.8359 -1.2869 0.265365
4 4.23 1.5 0 1.5 0 0 1.57075 0 0 0 0 0 0
5 4.23 50 0.000595808 0
6 4.23 17.8239 0.733844 -0.525119 0.933083
0 4.24 -0.583317 0.51647 0.835752 -0.34142 0.225754 1.34592 -1.55622 2.09613 -0.178317 0.711288 -1.48157 0.302666
1 4.24 -0.645565 0.600315 0.828619 -0.305792 0.173965 1.37798 -1.63576 2.17592 -0.309269 1.84866 -1.27684 0.273723
4 4.24 1.5 0 1.5 0 0 1.57075 0 0 0 0 0 0
5 4.24 50 0.000387192 0
6 4.24 17.8239 0.733844 -0.525119 0.933083
0 4.25 -0.609019 0.545016 0.86241 -0.334524 0.215412 1.35224 -1.59338 2.12524 -0.101213 0.731608 -1.52583 0.306741
1 4.25 -0.672755 0.630026 0.858361 -0.29834 0.161791 1.38462 -1.67097 2.20046 -0.234895 1.85416 -1.27629 0.266285
4 4.25 1.5 0 1.5 0 0 1.57075 0 0 0 0 0 0
5 4.25 50 0.000430107 0
6 4.25 17.1733 1.21774 0.26768 -0.130425
0 4.26 -0.631696 0.571243 0.880551 -0.323772 0.198899 1.36173 -1.62498 2.14875 -0.0388583 0.756806 -1.58312 0.285389
1 4.26 -0.696696 0.657193 0.878997 -0.287257 0.142497 1.39332 -1.70152 2.21881 -0.170064 1.83714 -1.27029 0.238659
4 4.26 1.5 0 1.5 0 0 1.57075 0 0 0 0 0 0
5 4.26 50 0.0011344 1
6 4.26 17.2143 1.17183 0.340996 -0.150548
0 4.28 -0.654356 0.595918 0.904724 -0.30577 0.169531 1.37659 -1.65516 2.16715 0.0270803 0.793588 -1.67392 0.195035
1 4.28 -0.720562 0.682604 0.905807 -0.269303 0.108028 1.40458 -1.73093 2.22906 -0.0958607 1.83179 -1.23617 0.164449
4 4.28 1.5 0 1.5 0 0 1.57075 0 0 0 0 0 0
5 4.28 50 0.00105572 1
6 4.28 17.5589 1.13495 0.489402 -0.099155
0 4.29 -0.676775 0.621455 0.922834 -0.301276 0.161813 1.37999 -1.68337 2.18198 0.0852277 0.801464 -1.69186 0.176198
1 4.29 -0.74411 0.708734 0.926244 -0.26484 0.0992781 1.40716 -1.75759 2.24068 -0.0403534 1.84185 -1.22893 0.146076
4 4.29 1.5 0 1.5 0 0 1.57075 0 0 0 0 0 0
5 4.29 50 0.00112104 2
6 4.29 17.34 1.13971 0.519411 -0.0977042
0 4.3 -0.70437 0.651016 0.951928 -0.290062 0.142012 1.388 -1.71326 2.19586 0.148746 0.82713 -1.74484 0.110654
1 4.3 -0.7729 0.738851 0.957877 -0.253516 0.0764001 1.41245 -1.78606 2.24846 0.025503 1.82997 -1.2071 0.0922178
4 4.3 1.5 0 1.5 0 0 1.57075 0 0 0 0 0 0
5 4.3 50 0.00134706 2
6 4.3 17.3796 1.10629 0.609369 -0.0604988
0 4.32 -0.730998 0.680643 0.974282 -0.274507 0.112521 1.39757 -1.74088 2.20519 0.205436 0.845401 -1.80799 0.032284
1 4.32 -0.800633 0.768851 0.9825 -0.238335 0.0432591 1.41855 -1.81277 2.24953 0.0898681 1.78525 -1.16721 0.029238
4 4.32 1.5 0 1.5 0 0 1.57075 0 0 0 0 0 0
5 4.32 50 0.00105762 1
6 4.32 17.7276 1.04683 0.732919 -0.0114618
0 4.33 -0.750874 0.701304 0.996692 -0.261173 0.0859927 1.40453 -1.76053 2.20761 0.252813 0.864302 -1.87561 -0.0426313
1 4.33 -0.821295 0.789608 1.0068 -0.225073 0.0130723 1.42232 -1.83143 2.24427 0.143666 1.78999 -1.12003 -0.0266954
4 4.33 1.5 0 1.5 0 0 1.57075 0 0 0 0 0 0
5 4.33 50 0.000877142 1
6 4.33 18.0248 1.0423 0.869945 0.0490329
0 4.34 -0.778627 0.731542 1.0205 -0.251997 0.0667828 1.40882 -1.78599 2.20662 0.311611 0.86951 -1.92649 -0.0950417
1 4.34 -0.850067 0.819807 1.03297 -0.216178 -0.00879088 1.42439 -1.8554 2.23725 0.20383 1.79681 -1.0862 -0.0673071
4 4.34 1.5 0 1.5 0 0 1.57075 0 0 0 0 0 0
5 4.34 50 0.000971794 1
6 4.34 18.0416 1.05254 0.970938 0.0866389
0 4.35 -0.802405 0.755786 1.04697 -0.244883 0.0511342 1.41157 -1.80601 2.20561 0.359335 0.874779 -1.99425 -0.160877
1 4.35 -0.874646 0.844011 1.06134 -0.209221 -0.0278161 1.42468 -1.8741 2.23131 0.251892 1.79381 -1.05872 -0.114438
4 4.35 1.5 0 1.5 0 0 1.57075 0 0 0 0 0 0
5 4.35 50 0.00118399 2
6 4.35 18.0139 1.05456 1.08502 0.146274
0 4.36 -0.829809 0.784704 1.07204 -0.236978 0.0330878 1.41432 -1.82704 2.2 0.407064 0.877578 -2.02734 -0.19599
1 4.36 -0.90289 0.872704 1.08832 -0.201497 -0.0475798 1.42575 -1.89384 2.22012 0.300712 1.77949 -1.02189 -0.141124
4 4.36 1.5 0 1.5 0 0 1.57075 0 0 0 0 0 0
5 4.36 50 0.00162053 2
6 4.36 18.0341 1.04167 1.16784 0.17314
0 4.37 -0.851473 0.80634 1.09638 -0.228367 0.0128758 1.41693 -1.84155 2.1918 0.443633 0.881803 -2.06198 -0.232174
1 4.37 -0.925135 0.894012 1.11412 -0.192971 -0.0695645 1.42656 -1.90735 2.20577 0.340174 1.78102 -0.979232 -0.169112
4 4.37 1.5 0 1.5 0 0 1.57075 0 0 0 0 0 0
5 4.37 50 0.0012157 2
6 4.37 18.1709 1.0453 1.25924 0.199259
0 4.39 -0.899168 0.854458 1.14443 -0.208 -0.0336934 1.42086 -1.86498 2.16602 0.49593 1.00485 -2.0329 -0.322871
1 4.39 -0.973767 0.941099 1.16427 -0.167946 -0.115924 1.42502 -1.92881 2.16549 0.402021 1.75724 -0.86253 -0.233828
4 4.39 1.5 0 1.5 0 0 1.57075 0 0 0 0 0 0
5 4.39 50 0.00206065 3
6 4.39 18.6959 0.895548 1.3697 0.28195
0 4.41 -0.925995 0.881493 1.17026 -0.190134 -0.0674 1.42151 -1.8908 2.15993 0.588706 1.1267 -1.80383 -0.350559
1 4.41 -1.00163 0.96789 1.19381 -0.145057 -0.140903 1.42137 -1.95152 2.14842 0.498732 1.72146 -0.756908 -0.256606
4 4.41 1.5 0 1.5 0 0 1.57075 0 0 0 0 0 0
5 4.41 50 0.00122023 2
6 4.41 18.9064 0.717215 1.23392 0.297636
0 4.42 -0.962025 0.916347 1.20811 -0.180018 -0.083375 1.42121 -1.91473 2.14877 0.662169 1.19345 -1.59507 -0.35525
1 4.42 -1.03861 1.0023 1.2346 -0.132067 -0.148691 1.41864 -1.97267 2.13214 0.56994 1.73687 -0.705444 -0.267987
4 4.42 1.5 0 1.5 0 0 1.57075 0 0 0 0 0 0
5 4.42 50 0.00175714 2
6 4.42 18.7526 0.654393 1.05585 0.276424
0 4.44 -0.990707 0.944837 1.23383 -0.158639 -0.105987 1.41878 -1.92826 2.13418 0.703466 1.36843 -1.14494 -0.371238
1 4.44 -1.06784 1.0302 1.26197 -0.103111 -0.153555 1.41131 -1.98221 2.10929 0.619107 1.73967 -0.619303 -0.286524
4 4.44 1.5 0 1.5 0 0 1.57075 0 0 0 0 0 0
5 4.44 50 0.00152922 2
6 4.44 19.2152 0.450156 0.645214 0.268669
0 4.45 -1.01728 0.969586 1.26292 -0.140926 -0.119159 1.41597 -1.93896 2.11736 0.741755 1.45142 -0.963962 -0.356642
1 4.45 -1.09484 1.05428 1.29259 -0.0818269 -0.159339 1.4072 -1.98886 2.08727 0.661937 1.72663 -0.569687 -0.281722
4 4.45 1.5 0 1.5 0 0 1.57075 0 0 0 0 0 0
5 4.45 50 0.00111985 2
6 4.45 19.4754 0.336054 0.495295 0.237594
0 4.46 -1.04446 0.995568 1.28866 -0.122634 -0.130689 1.41333 -1.94782 2.09381 0.781299 1.48666 -0.913958 -0.315452
1 4.46 -1.12238 1.07932 1.31992 -0.0621097 -0.168516 1.40521 -1.99327 2.05883 0.705933 1.7168 -0.533809 -0.260664
4 4.46 1.5 0 1.5 0 0 1.57075 0 0 0 0 0 0
5 4.46 50 0.00152087 3
6 4.46 19.7335 0.281097 0.475052 0.173366
0 4.47 -1.06672 1.0158 1.31318 -0.111435 -0.137597 1.41202 -1.95328 2.06892 0.8186 1.47883 -0.914275 -0.269065
1 4.47 -1.14485 1.09855 1.34592 -0.0513637 -0.175138 1.40533 -1.99569 2.03114 0.744027 1.70652 -0.51002 -0.234653
4 4.47 1.5 0 1.5 0 0 1.57075 0 0 0 0 0 0
5 4.47 50 0.00154471 3
6 4.47 19.7753 0.274893 0.496815 0.108322
0 4.48 -1.09406 1.04129 1.33886 -0.100004 -0.144693 1.41085 -1.95799 2.03345 0.862777 1.46872 -0.912007 -0.250014
1 4.48 -1.17238 1.12263 1.37337 -0.0403356 -0.18199 1.40447 -1.99719 1.99285 0.788278 1.70557 -0.484966 -0.226584
4 4.48 1.5 0 1.5 0 0 1.57075 0 0 0 0 0 0
5 4.48 50 0.00204849 3
6 4.48 19.7759 0.283673 0.520411 0.0732781
0 4.49 -1.12409 1.06804 1.37062 -0.0785988 -0.157953 1.40865 -1.95974 1.98724 0.913868 1.42733 -0.886656 -0.213959
1 4.49 -1.20248 1.14753 1.40718 -0.0205902 -0.193981 1.40283 -1.99335 1.94079 0.843347 1.67757 -0.438171 -0.209184
4 4.49 1.5 0 1.5 0 0 1.57075 0 0 0 0 0 0
5 4.49 50 0.00165701 3
6 4.49 20.0254 0.295515 0.539887 0.0138038
0 4.51 -1.14921 1.09084 1.39355 -0.0535262 -0.173609 1.40661 -1.95903 1.94696 0.951207 1.32166 -0.831853 -0.142957
1 4.51 -1.22757 1.16872 1.43159 2.93497e-05 -0.207142 1.40262 -1.98609 1.89301 0.887474 1.64953 -0.389359 -0.171038
4 4.51 1.5 0 1.5 0 0 1.57075 0 0 0 0 0 0
5 4.51 50 0.00184155 3
6 4.51 20.4674 0.376583 0.523354 -0.0908981
0 4.52 -1.16662 1.10557 1.41405 -0.0450345 -0.17903 1.40598 -1.95436 1.91012 0.983984 1.26931 -0.817888 -0.125585
1 4.52 -1.24479 1.18197 1.45341 0.00637968 -0.211938 1.40237 -1.97892 1.85402 0.919622 1.64397 -0.367801 -0.162639
4 4.52 1.5 0 1.5 0 0 1.57075 0 0 0 0 0 0
5 4.52 50 0.00143075 3
6 4.52 20.4394 0.427611 0.529616 -0.119475
0 4.53 -1.19012 1.12594 1.43727 -0.03166 -0.187812 1.40497 -1.94648 1.85975 1.02927 1.235 -0.823299 -0.125775
1 4.53 -1.26798 1.20033 1.47844 0.0184973 -0.220886 1.40091 -1.96722 1.79995 0.96523 1.63601 -0.335957 -0.166779
4 4.53 1.5 0 1.5 0 0 1.57075 0 0 0 0 0 0
5 4.53 50 0.00298452 3
6 4.53 20.4822 0.457173 0.572023 -0.132063
0 4.55 -1.22318 1.15318 1.47439 -0.00191475 -0.208836 1.40109 -1.93872 1.80068 1.09291 1.19743 -0.917175 -0.204248
1 4.55 -1.30073 1.2252 1.51811 0.0476988 -0.245539 1.39281 -1.95127 1.73129 1.03319 1.62507 -0.281938 -0.224757
4 4.55 1.5 0 1.5 0 0 1.57075 0 0 0 0 0 0
5 4.55 50 0.00153255 3
6 4.55 20.8296 0.49382 0.749107 -0.0667246
0 4.56 -1.24972 1.17528 1.50102 0.00735215 -0.215967 1.39923 -1.92944 1.74927 1.14327 1.18926 -0.963653 -0.244381
1 4.56 -1.3269 1.24525 1.54675 0.0571291 -0.25444 1.38893 -1.93935 1.67755 1.08072 1.6377 -0.261748 -0.253337
4 4.56 1.5 0 1.5 0 0 1.57075 0 0 0 0 0 0
5 4.56 50 0.00121307 2
6 4.56 20.6844 0.521036 0.829418 -0.0298943
0 4.57 -1.28164 1.20018 1.5393 0.0227571 -0.228343 1.3955 -1.9172 1.68828 1.20654 1.18218 -1.03315 -0.29883
1 4.57 -1.35833 1.26771 1.58757 0.0730399 -0.269387 1.38226 -1.92294 1.61203 1.14152 1.64222 -0.227302 -0.292802
4 4.57 1.5 0 1.5 0 0 1.57075 0 0 0 0 0 0
5 4.57 50 0.00108767 2
6 4.57 20.592 0.540002 0.953871 0.0178551
0 4.58 -1.30838 1.22124 1.5682 0.0352447 -0.238924 1.39171 -1.90397 1.63355 1.2553 1.17302 -1.08129 -0.339854
1 4.58 -1.38454 1.28658 1.61841 0.0858458 -0.28167 1.37616 -1.90647 1.55344 1.18837 1.64304 -0.193867 -0.322069
4 4.58 1.5 0 1.5 0 0 1.57075 0 0 0 0 0 0
5 4.58 50 0.00115871 2
6 4.58 20.5305 0.555972 1.05123 0.0553344
0 4.6 -1.33079 1.23782 1.5972 0.0564579 -0.257529 1.38394 -1.88693 1.57788 1.29771 1.04889 -1.0505 -0.397123
1 4.6 -1.40627 1.30094 1.64911 0.103215 -0.298585 1.36508 -1.88416 1.48994 1.23143 1.61723 -0.132237 -0.361318
4 4.6 1.5 0 1.5 0 0 1.57075 0 0 0 0 0 0
5 4.6 50 0.0011065 2
6 4.6 20.6889 0.670045 1.08809 0.113056
0 4.61 -1.35414 1.25511 1.62498 0.064256 -0.26464 1.38027 -1.87953 1.52352 1.38919 0.834653 -0.88917 -0.395304
1 4.61 -1.42932 1.31605 1.68055 0.102537 -0.299118 1.36155 -1.87504 1.435 1.31441 1.61467 -0.0958229 -0.36181
4 4.61 1.5 0 1.5 0 0 1.57075 0 0 0 0 0 0
5 4.61 50 0.00115824 2
6 4.61 20.1976 0.901516 0.937591 0.106085
0 4.62 -1.37672 1.27088 1.65577 0.0739539 -0.274725 1.37395 -1.87234 1.47861 1.45548 0.437705 -0.565958 -0.367366
1 4.62 -1.45162 1.33002 1.71399 0.0960639 -0.296216 1.35699 -1.86602 1.38811 1.37359 1.59378 -0.0415434 -0.343319
4 4.62 1.5 0 1.5 0 0 1.57075 0 0 0 0 0 0
5 4.62 50 0.00126338 2
6 4.62 19.8134 1.31055 0.615009 0.0764863
0 4.63 -1.39933 1.28677 1.68405 0.0762407 -0.27759 1.37108 -1.86207 1.43244 1.50774 0.196835 -0.362931 -0.342664
1 4.63 -1.47381 1.34407 1.74436 0.0883235 -0.291021 1.35572 -1.85561 1.34295 1.41864 1.58963 -0.0132809 -0.32652
4 4.63 1.5 0 1.5 0 0 1.57075 0 0 0 0 0 0
5 4.63 50 0.00133348 2
6 4.63 19.3727 1.56858 0.406756 0.0514593
0 4.64 -1.41805 1.2993 1.71025 0.0778685 -0.280148 1.36746 -1.85029 1.38944 1.5493 0.0551823 -0.254272 -0.323448
1 4.64 -1.49206 1.35488 1.77222 0.0840146 -0.289282 1.35321 -1.84392 1.3008 1.45417 1.59044 0.00940972 -0.312904
4 4.64 1.5 0 1.5 0 0 1.57075 0 0 0 0 0 0
5 4.64 50 0.00123143 2
6 4.64 19.0038 1.72454 0.304009 0.0336463
0 4.65 -1.43679 1.31189 1.73447 0.078486 -0.281986 1.36402 -1.83656 1.34391 1.58803 -0.0401553 -0.195386 -0.30562
1 4.65 -1.51025 1.36565 1.79799 0.080588 -0.288819 1.35069 -1.83054 1.25637 1.48708 1.5955 0.028913 -0.299895
4 4.65 1.5 0 1.5 0 0 1.57075 0 0 0 0 0 0
5 4.65 50 0.00111008 2
6 4.65 18.6431 1.83503 0.256326 0.0182851
0 4.66 -1.45975 1.32659 1.76663 0.0782671 -0.283802 1.3599 -1.81819 1.28639 1.63206 -0.111677 -0.177801 -0.311697
1 4.66 -1.53248 1.37804 1.83191 0.0775876 -0.289917 1.34637 -1.81284 1.20043 1.52399 1.60612 0.0498041 -0.30137
4 4.66 1.5 0 1.5 0 0 1.57075 0 0 0 0 0 0
5 4.66 50 0.00117278 2
6 4.66 18.1965 1.92659 0.258249 0.0329939
0 4.68 -1.48246 1.34107 1.79588 0.0768909 -0.286239 1.35391 -1.79924 1.23071 1.66499 -0.214028 -0.150696 -0.314607
1 4.68 -1.55443 1.3903 1.86248 0.072159 -0.291283 1.34035 -1.79505 1.14622 1.54986 1.65014 0.0553477 -0.300548
4 4.68 1.5 0 1.5 0 0 1.57075 0 0 0 0 0 0
5 4.68 50 0.00172234 3
6 4.68 17.7556 2.08971 0.230814 0.0449201
0 4.69 -1.50423 1.35398 1.8281 0.0753116 -0.287447 1.35059 -1.78414 1.18414 1.69204 -0.262404 -0.128158 -0.299686
1 4.69 -1.57559 1.40135 1.89578 0.0684634 -0.291657 1.33773 -1.78082 1.10118 1.57102 1.66944 0.0683426 -0.289643
4 4.69 1.5 0 1.5 0 0 1.57075 0 0 0 0 0 0
5 4.69 50 0.00163198 3
6 4.69 17.3827 2.16469 0.218926 0.0321021
0 4.7 -1.53142 1.37008 1.86486 0.0731342 -0.288433 1.34751 -1.76441 1.12558 1.71327 -0.313459 -0.0993448 -0.275766
1 4.7 -1.60199 1.41511 1.93339 0.0639461 -0.29159 1.33574 -1.76206 1.04432 1.5862 1.68328 0.0874044 -0.271876
4 4.7 1.5 0 1.5 0 0 1.57075 0 0 0 0 0 0
5 4.7 50 0.00171947 3
6 4.7 16.9974 2.23641 0.207092 0.0124538
0 4.72 -1.55232 1.38166 1.89665 0.0682006 -0.290062 1.34284 -1.74449 1.07327 1.72343 -0.345173 -0.119366 -0.218309
1 4.72 -1.6221 1.42459 1.96559 0.0570912 -0.29423 1.33341 -1.74398 0.993652 1.59048 1.6977 0.106478 -0.230891
4 4.72 1.5 0 1.5 0 0 1.57075 0 0 0 0 0 0
5 4.72 50 0.00225973 3
6 4.72 16.6229 2.28792 0.252866 -0.0401229
0 4.73 -1.5726 1.39284 1.92466 0.0658984 -0.292553 1.34031 -1.72551 1.02442 1.7233 -0.217973 -0.273586 -0.186794
1 4.73 -1.64162 1.43381 1.99359 0.0596421 -0.302981 1.33177 -1.72595 0.945258 1.58711 1.7145 0.11636 -0.208832
4 4.73 1.5 0 1.5 0 0 1.57075 0 0 0 0 0 0
5 4.73 50 0.00163054 3
6 4.73 16.4252 2.16644 0.444017 -0.0702891
0 4.74 -1.60174 1.40761 1.96897 0.0652645 -0.296808 1.33801 -1.70393 0.966353 1.71182 -0.0941636 -0.415009 -0.165258
1 4.74 -1.6699 1.44626 2.03744 0.0638464 -0.312942 1.32998 -1.70496 0.887027 1.57257 1.74542 0.126037 -0.194382
4 4.74 1.5 0 1.5 0 0 1.57075 0 0 0 0 0 0
5 4.74 50 0.00151658 3
6 4.74 16.2489 2.06393 0.619464 -0.0929319
0 4.76 -1.62203 1.41788 1.99724 0.067479 -0.30907 1.33398 -1.68928 0.927639 1.69411 0.0678198 -0.613921 -0.12995
1 4.76 -1.6896 1.45498 2.065 0.0723765 -0.333221 1.3268 -1.69078 0.845155 1.55393 1.7646 0.149372 -0.172906
4 4.76 1.5 0 1.5 0 0 1.57075 0 0 0 0 0 0
5 4.76 50 0.00214529 3
6 4.76 16.2538 1.90506 0.876474 -0.137184
0 4.77 -1.64018 1.42633 2.02628 0.0683972 -0.313674 1.33254 -1.67015 0.881697 1.67601 0.0593749 -0.623932 -0.138785
1 4.77 -1.70698 1.4616 2.09332 0.073122 -0.338194 1.32492 -1.6718 0.798362 1.53445 1.76683 0.169907 -0.177072
4 4.77 1.5 0 1.5 0 0 1.57075 0 0 0 0 0 0
5 4.77 50 0.00178361 2
6 4.77 16.1902 1.91757 0.911472 -0.122271
0 4.78 -1.65855 1.43487 2.0523 0.0696069 -0.320183 1.33038 -1.65289 0.839797 1.65152 0.0325705 -0.605372 -0.143615
1 4.78 -1.72467 1.46846 2.11836 0.0733685 -0.34394 1.32257 -1.6548 0.754907 1.50913 1.76219 0.199302 -0.178367
4 4.78 1.5 0 1.5 0 0 1.57075 0 0 0 0 0 0
5 4.78 50 0.00106311 2
6 4.78 16.1723 1.9424 0.923609 -0.110966
0 4.79 -1.67502 1.44192 2.0788 0.0702957 -0.325603 1.32848 -1.63429 0.793773 1.63341 -0.00507836 -0.580373 -0.148307
1 4.79 -1.74039 1.47367 2.14413 0.072641 -0.348344 1.32052 -1.63649 0.707926 1.48942 1.75881 0.227853 -0.179181
4 4.79 1.5 0 1.5 0 0 1.57075 0 0 0 0 0 0
5 4.79 50 0.00167966 2
6 4.79 16.0984 1.98067 0.927233 -0.0985593
0 4.81 -1.69388 1.44966 2.10629 0.0707846 -0.336488 1.32398 -1.61978 0.733695 1.66762 -0.0717225 -0.572518 -0.205275
1 4.81 -1.75867 1.479 2.17299 0.0713472 -0.358751 1.31358 -1.62283 0.647306 1.51684 1.77659 0.264544 -0.215971
4 4.81 1.5 0 1.5 0 0 1.57075 0 0 0 0 0 0
5 4.81 50 0.00106955 2
6 4.81 15.7178 2.07771 0.959159 -0.0340996
0 4.82 -1.71593 1.45796 2.14145 0.071367 -0.344151 1.32043 -1.60571 0.676126 1.68429 -0.0353539 -0.625766 -0.22768
1 4.82 -1.78016 1.48501 2.20882 0.0738484 -0.368468 1.30888 -1.60931 0.589605 1.52825 1.78947 0.295339 -0.229662
4 4.82 1.5 0 1.5 0 0 1.57075 0 0 0 0 0 0
5 4.82 50 0.00132751 2
6 4.82 15.4181 2.05347 1.05614 -0.00630086
0 4.83 -1.73508 1.46497 2.16924 0.0721136 -0.350757 1.31737 -1.5939 0.631115 1.68096 -0.050774 -0.625017 -0.233326
1 4.83 -1.79884 1.49022 2.23648 0.0741477 -0.375021 1.30554 -1.59793 0.543993 1.52182 1.79242 0.325769 -0.23167
4 4.83 1.5 0 1.5 0 0 1.57075 0 0 0 0 0 0
5 4.83 50 0.00110722 2
6 4.83 15.2536 2.07429 1.08988 0.00532221
0 4.84 -1.75151 1.4704 2.1961 0.0722972 -0.355297 1.31515 -1.58507 0.597281 1.67229 -0.113305 -0.583424 -0.236429
1 4.84 -1.81492 1.49429 2.26299 0.0718903 -0.377889 1.30329 -1.58947 0.509951 1.5106 1.80667 0.340793 -0.233292
4 4.84 1.5 0 1.5 0 0 1.57075 0 0 0 0 0 0
5 4.84 50 0.00118017 2
6 4.84 15.1123 2.15956 1.05815 0.0100896
0 4.86 -1.77212 1.47707 2.2264 0.0692433 -0.364707 1.30946 -1.57455 0.558401 1.64718 -0.399177 -0.319826 -0.214392
1 4.86 -1.8351 1.4994 2.29229 0.0568804 -0.376876 1.29936 -1.58065 0.470479 1.48138 1.77445 0.405573 -0.212981
4 4.86 1.5 0 1.5 0 0 1.57075 0 0 0 0 0 0
5 4.86 50 0.00115895 2
6 4.86 14.8921 2.4377 0.825168 0.00465082
0 4.87 -1.79134 1.48274 2.25652 0.0651762 -0.367067 1.30703 -1.56305 0.520312 1.61124 -0.53581 -0.195362 -0.201586
1 4.87 -1.85386 1.50355 2.32097 0.0470332 -0.37434 1.29787 -1.5704 0.432916 1.44326 1.76869 0.434198 -0.199565
4 4.87 1.5 0 1.5 0 0 1.57075 0 0 0 0 0 0
5 4.87 50 0.0013752 2
6 4.87 14.7581 2.58175 0.713348 0.00657068
0 4.88 -1.80843 1.48767 2.2805 0.0580947 -0.367901 1.30447 -1.55346 0.489001 1.57312 -0.761491 0.0230717 -0.182939
1 4.88 -1.87057 1.50723 2.34342 0.0304301 -0.366554 1.2967 -1.56262 0.402855 1.4026 1.75687 0.46413 -0.18096
4 4.88 1.5 0 1.5 0 0 1.57075 0 0 0 0 0 0
5 4.88 50 0.00103951 2
6 4.88 14.589 2.81747 0.494481 0.00629859
0 4.89 -1.82432 1.49182 2.30514 0.050579 -0.367097 1.30267 -1.54172 0.456765 1.52692 -0.86328 0.112472 -0.159353
1 4.89 -1.88599 1.51009 2.36622 0.0184083 -0.362281 1.29609 -1.55264 0.371924 1.3548 1.75157 0.482614 -0.158904
4 4.89 1.5 0 1.5 0 0 1.57075 0 0 0 0 0 0
5 4.89 50 0.00108051 2
6 4.89 14.4736 2.92431 0.413262 0.00132359
0 4.9 -1.83773 1.49524 2.32363 0.044378 -0.366049 1.30149 -1.53293 0.431493 1.486 -0.898029 0.145107 -0.144627
1 4.9 -1.89905 1.5125 2.38307 0.0105735 -0.359994 1.29558 -1.54525 0.3476 1.31312 1.75235 0.492525 -0.144191
4 4.9 1.5 0 1.5 0 0 1.57075 0 0 0 0 0 0
5 4.9 50 0.00114369 2
6 4.9 14.4139 2.96382 0.387829 0.00124195
0 4.92 -1.85345 1.49884 2.34718 0.0292469 -0.363125 1.29888 -1.52186 0.394842 1.44704 -0.932696 0.15926 -0.143181
1 4.92 -1.91433 1.51463 2.40506 -0.00595643 -0.35659 1.29296 -1.53732 0.314297 1.26976 1.75689 0.505489 -0.133415
4 4.92 1.5 0 1.5 0 0 1.57075 0 0 0 0 0 0
5 4.92 50 0.00114608 2
6 4.92 14.1013 3.00754 0.386159 0.0310089
0 4.93 -1.86677 1.50173 2.36499 0.0181595 -0.360941 1.2968 -1.51392 0.360511 1.42655 -0.936059 0.144387 -0.169608
1 4.93 -1.92733 1.51615 2.42205 -0.016762 -0.355043 1.28966 -1.53154 0.282655 1.24534 1.77011 0.512051 -0.143737
4 4.93 1.5 0 1.5 0 0 1.57075 0 0 0 0 0 0
5 4.93 50 0.00121689 2
6 4.93 13.8288 3.02596 0.408661 0.0824395
0 4.94 -1.8861 1.50522 2.39289 0.0095705 -0.35939 1.29483 -1.5079 0.312476 1.42288 -0.939514 0.129334 -0.193302
1 4.94 -1.94641 1.51772 2.44981 -0.0251238 -0.354143 1.28663 -1.52695 0.237459 1.23641 1.79484 0.519619 -0.154403
4 4.94 1.5 0 1.5 0 0 1.57075 0 0 0 0 0 0
5 4.94 50 0.00112391 2
6 4.94 13.4748 3.05744 0.432719 0.124047
0 4.95 -1.90177 1.50779 2.41373 0.000993255 -0.358041 1.29246 -1.50393 0.269675 1.42749 -0.940973 0.110408 -0.231523
1 4.95 -1.96193 1.51858 2.47083 -0.0331822 -0.353615 1.28257 -1.52433 0.197516 1.2355 1.81022 0.529961 -0.173562
4 4.95 1.5 0 1.5 0 0 1.57075 0 0 0 0 0 0
5 4.95 50 0.00114179 2
6 4.95 13.1063 3.07624 0.463293 0.184921
0 4.96 -1.91882 1.5099 2.4386 -0.00735807 -0.357014 1.28946 -1.4992 0.214752 1.44273 -0.938483 0.0768383 -0.296286
1 4.96 -1.97879 1.51849 2.49631 -0.0404685 -0.354027 1.27678 -1.52072 0.145792 1.24395 1.83026 0.542172 -0.209698
4 4.96 1.5 0 1.5 0 0 1.57075 0 0 0 0 0 0
5 4.96 50 0.001652 2
6 4.96 12.658 3.09611 0.510824 0.276351
0 4.97 -1.9366 1.51161 2.46215 -0.0154392 -0.35636 1.28595 -1.4958 0.157693 1.4612 -0.929928 0.0507259 -0.331522
1 4.97 -1.99643 1.51792 2.5206 -0.0476889 -0.354536 1.27177 -1.51826 0.0919173 1.25533 1.8493 0.557814 -0.226328
4 4.97 1.5 0 1.5 0 0 1.57075 0 0 0 0 0 0
5 4.97 50 0.00118995 2
6 4.97 12.1925 3.10832 0.556223 0.335778
0 4.98 -1.9556 1.51226 2.49048 -0.024231 -0.356957 1.28104 -1.49401 0.100234 1.48108 -0.757815 -0.139608 -0.382056
1 4.98 -2.01536 1.51627 2.54972 -0.0488965 -0.36291 1.26488 -1.5175 0.0376566 1.26748 1.87976 0.566208 -0.252436
4 4.98 1.5 0 1.5 0 0 1.57075 0 0 0 0 0 0
5 4.98 50 0.0010519 2
6 4.98 11.6914 2.95556 0.785785 0.413931
0 5 -1.97084 1.5125 2.51155 -0.0299697 -0.362947 1.27507 -1.4929 0.0540724 1.49439 -0.381542 -0.532579 -0.374273
1 5 -2.03055 1.51466 2.57132 -0.0397909 -0.384689 1.25974 -1.51736 -0.00717908 1.27504 1.93608 0.561261 -0.245813
4 5 1.5 0 1.5 0 0 1.57075 0 0 0 0 0 0
5 5 50 0.00108266 2
6 5 11.3435 2.60951 1.24314 0.410337
0 5.01 -1.98828 1.51175 2.53835 -0.0298251 -0.3753 1.26962 -1.48927 -0.00980258 1.53621 0.0436266 -1.00095 -0.340702
1 5.01 -2.04786 1.51136 2.59979 -0.0231838 -0.415727 1.25626 -1.51371 -0.0705794 1.30954 1.98924 0.566798 -0.225548
4 5.01 1.5 0 1.5 0 0 1.57075 0 0 0 0 0 0
5 5.01 50 0.000702381 1
6 5.01 10.915 2.20486 1.79994 0.367578
0 5.02 -2.00536 1.51056 2.56244 -0.0271351 -0.386585 1.26634 -1.48779 -0.0694493 1.56988 0.16283 -1.13832 -0.317465
1 5.02 -2.06487 1.50779 2.62523 -0.0159575 -0.432445 1.25397 -1.51172 -0.130024 1.33708 2.00148 0.599216 -0.210194
4 5.02 1.5 0 1.5 0 0 1.57075 0 0 0 0 0 0
5 5.02 50 0.00100875 1
6 5.02 10.5576 2.08684 1.9978 0.342252
0 5.03 -2.02052 1.50843 2.58647 -0.0254277 -0.392688 1.26476 -1.48818 -0.119669 1.59962 0.205971 -1.17495 -0.308284
1 5.03 -2.08005 1.50364 2.65045 -0.0125778 -0.439984 1.25271 -1.5115 -0.179352 1.36157 2.02052 0.619657 -0.205164
4 5.03 1.5 0 1.5 0 0 1.57075 0 0 0 0 0 0
5 5.03 50 0.00074029 1
6 5.03 10.2365 2.05994 2.06426 0.328934
0 5.04 -2.03888 1.50551 2.61329 -0.0203154 -0.407515 1.26092 -1.48989 -0.180849 1.63353 0.330157 -1.2009 -0.310667
1 5.04 -2.09848 1.49828 2.67864 -0.00216708 -0.455794 1.24845 -1.5125 -0.240701 1.38914 2.03458 0.665531 -0.208416
4 5.04 1.5 0 1.5 0 0 1.57075 0 0 0 0 0 0
5 5.04 50 0.000709295 1
6 5.04 9.87639 1.93761 2.14991 0.325985
