3 6.58 -10 0 0 0 0 0 0 0 0 0 0 0 0
0 6.58 -1.15174 0.439028 0.919207 -0.0301389 0.0145422 1.53539 0.030852 0.099343 0.112871 -0.0587169 0.207703 0.0017292
1 6.58 -1.15051 0.443002 0.923721 -0.0324902 0.0228486 1.53521 0.0174594 0.106398 0.172655 0.895438 -0.144459 -0.183201
4 6.58 1.5 0 1.5 0 0 1.57075 0 0 0 0 0 0
5 6.58 50 0.0021975 4
6 6.58 27.7118 1.06764 -0.404034 -0.590402
0 6.59 -1.15037 0.438133 0.919212 -0.0308483 0.0170188 1.53535 0.0298266 0.0968024 0.113156 -0.0546802 0.198665 0.00419732
1 6.59 -1.14917 0.442005 0.923738 -0.0330368 0.0249669 1.53527 0.0161611 0.104983 0.172657 0.89594 -0.151293 -0.177688
4 6.59 1.5 0 1.5 0 0 1.57075 0 0 0 0 0 0
5 6.59 50 0.00239968 4
6 6.59 27.6962 1.06372 -0.401496 -0.580682
0 6.6 -1.14941 0.437765 0.919442 -0.0312715 0.0186038 1.53533 0.0299889 0.0937615 0.11097 -0.0541035 0.197309 0.0025052
1 6.6 -1.14821 0.441515 0.923881 -0.0334383 0.0264954 1.53518 0.0161555 0.102667 0.170531 0.90087 -0.158632 -0.179892
4 6.6 1.5 0 1.5 0 0 1.57075 0 0 0 0 0 0
5 6.6 50 0.00229979 4
6 6.6 27.7009 1.06857 -0.408367 -0.582317
0 6.61 -1.14819 0.436893 0.919447 -0.0318585 0.0208817 1.53532 0.0296571 0.0910202 0.113028 -0.0537633 0.202674 0.00688526
1 6.61 -1.147 0.440533 0.923968 -0.0340086 0.0289934 1.53534 0.015609 0.100954 0.172114 0.898034 -0.16091 -0.167495
4 6.61 1.5 0 1.5 0 0 1.57075 0 0 0 0 0 0
5 6.61 50 0.00238252 4
6 6.61 27.6736 1.06509 -0.417118 -0.556721
0 6.64 -1.14719 0.436559 0.919924 -0.0321074 0.0253418 1.53503 0.0291266 0.0901047 0.124092 0.0399968 0.263737 -0.0228828
1 6.64 -1.14603 0.440163 0.924888 -0.0305393 0.0358565 1.53378 0.0151723 0.101947 0.178916 0.911995 -0.172548 -0.172763
4 6.64 1.5 0 1.5 0 0 1.57075 0 0 0 0 0 0
5 6.64 50 0.00199342 3
6 6.64 27.4154 0.975191 -0.500483 -0.47848
0 6.65 -1.14627 0.435785 0.919976 -0.0314578 0.0275028 1.5347 0.0285538 0.089956 0.136876 0.0998021 0.31802 -0.0414572
1 6.65 -1.14513 0.439384 0.925451 -0.0275223 0.0401651 1.53264 0.0150852 0.102612 0.186552 0.926651 -0.180479 -0.170131
4 6.65 1.5 0 1.5 0 0 1.57075 0 0 0 0 0 0
5 6.65 50 0.00307131 4
6 6.65 27.1008 0.924089 -0.571596 -0.410754
0 6.65 -1.1455 0.435418 0.92048 -0.0295891 0.0315178 1.53387 0.0279059 0.090693 0.15258 0.220024 0.401572 -0.0790777
1 6.65 -1.14439 0.439046 0.926583 -0.0209028 0.04748 1.53023 0.0155335 0.104881 0.195396 0.938469 -0.186381 -0.170283
4 6.65 1.5 0 1.5 0 0 1.57075 0 0 0 0 0 0
5 6.65 50 0.00160432 2
6 6.65 26.6819 0.801277 -0.673129 -0.291073
0 6.67 -1.14441 0.434587 0.92101 -0.0278511 0.0341868 1.53316 0.027638 0.0915444 0.173432 0.300887 0.433821 -0.105956
1 6.67 -1.1433 0.438249 0.927947 -0.0159771 0.0514149 1.52843 0.0162336 0.106665 0.210288 0.946926 -0.190527 -0.160357
4 6.67 1.5 0 1.5 0 0 1.57075 0 0 0 0 0 0
5 6.67 50 0.00166345 3
6 6.67 26.3175 0.719098 -0.713684 -0.173528
0 6.67 -1.1435 0.434316 0.922256 -0.0231976 0.0395889 1.53144 0.0278704 0.092512 0.195703 0.452831 0.432846 -0.138221
1 6.67 -1.14239 0.438017 0.930084 -0.00531917 0.0567698 1.52551 0.0187008 0.109667 0.226969 0.956103 -0.208068 -0.16647
4 6.67 1.5 0 1.5 0 0 1.57075 0 0 0 0 0 0
5 6.67 50 0.00129223 2
6 6.67 25.9769 0.558221 -0.730143 -0.0899624
0 6.69 -1.14217 0.433311 0.923537 -0.00846696 0.046728 1.52744 0.0291635 0.0928926 0.218454 0.806515 0.216978 -0.19147
1 6.69 -1.141 0.437027 0.932275 0.0234321 0.055342 1.5197 0.0264275 0.112891 0.25078 0.951972 -0.243405 -0.186797
4 6.69 1.5 0 1.5 0 0 1.57075 0 0 0 0 0 0
5 6.69 50 0.00223112 4
6 6.69 26.0438 0.159354 -0.515399 0.0151197
0 6.7 -1.14097 0.43296 0.925894 0.00073262 0.047686 1.52542 0.0309399 0.0937364 0.246906 0.975938 0.0526821 -0.19766
1 6.7 -1.13973 0.43671 0.93577 0.0393929 0.049799 1.5175 0.0321564 0.113738 0.274347 0.951667 -0.26259 -0.180444
4 6.7 1.5 0 1.5 0 0 1.57075 0 0 0 0 0 0
5 6.7 50 0.00163054 3
6 6.7 25.7446 -0.0280096 -0.345719 0.0550217
0 6.72 -1.13972 0.432003 0.92751 0.0105646 0.0465694 1.52361 0.0337455 0.0945658 0.276573 1.15742 -0.187875 -0.199575
1 6.72 -1.13837 0.435786 0.938573 0.0564859 0.0391391 1.51554 0.0390724 0.113786 0.301537 0.947542 -0.280646 -0.178456
4 6.72 1.5 0 1.5 0 0 1.57075 0 0 0 0 0 0
5 6.72 50 0.00204349 3
6 6.72 25.5927 -0.231772 -0.0872786 0.0671739
0 6.73 -1.13868 0.431744 0.930109 0.0298995 0.0416066 1.5202 0.0372358 0.0964142 0.311144 1.22741 -0.378983 -0.203019
1 6.73 -1.1372 0.435601 0.942555 0.0786389 0.0266968 1.51163 0.0504979 0.113017 0.333168 0.916852 -0.289979 -0.171866
4 6.73 1.5 0 1.5 0 0 1.57075 0 0 0 0 0 0
5 6.73 50 0.00170374 3
6 6.73 25.4168 -0.341187 0.122785 0.0989291
0 6.74 -1.13748 0.430778 0.931904 0.044806 0.0361048 1.51739 0.0407295 0.0972343 0.339878 1.19014 -0.472731 -0.192477
1 6.74 -1.13585 0.434667 0.945499 0.0921033 0.0175594 1.50884 0.0598801 0.111035 0.357297 0.884168 -0.284268 -0.136042
4 6.74 1.5 0 1.5 0 0 1.57075 0 0 0 0 0 0
5 6.74 50 0.000943899 1
6 6.74 25.143 -0.334912 0.235227 0.179529
0 6.75 -1.13621 0.430276 0.935115 0.0588169 0.0299362 1.5147 0.0463731 0.0991066 0.381143 1.09805 -0.510726 -0.184334
1 6.75 -1.13435 0.43424 0.950361 0.102483 0.00997589 1.50614 0.0707536 0.109825 0.391745 0.852726 -0.277998 -0.0867877
4 6.75 1.5 0 1.5 0 0 1.57075 0 0 0 0 0 0
5 6.75 50 0.000575066 0
6 6.75 24.7377 -0.266798 0.283802 0.310778
0 6.76 -1.13472 0.429302 0.938154 0.069987 0.0244988 1.51232 0.0535974 0.100408 0.42703 0.995503 -0.496498 -0.183126
1 6.76 -1.13257 0.433319 0.955236 0.109594 0.00519978 1.50363 0.082873 0.108754 0.444454 0.817891 -0.25734 -0.167784
4 6.76 1.5 0 1.5 0 0 1.57075 0 0 0 0 0 0
5 6.76 50 0.00997782 20
6 6.76 25.1709 -0.191293 0.289512 0.048416
0 6.78 -1.13362 0.428957 0.941385 0.0762824 0.0213967 1.51077 0.060205 0.101509 0.467907 0.929212 -0.465748 -0.183477
1 6.78 -1.13121 0.433018 0.960101 0.113264 0.00338022 1.50203 0.0917662 0.108333 0.482254 0.802656 -0.247453 -0.168104
4 6.78 1.5 0 1.5 0 0 1.57075 0 0 0 0 0 0
5 6.78 50 0.0106156 20
6 6.78 24.9916 -0.134613 0.264596 0.048585
0 6.79 -1.13192 0.427956 0.945392 0.0848254 0.0172064 1.50863 0.0687339 0.101821 0.512835 0.873323 -0.437435 -0.17998
1 6.79 -1.12917 0.432029 0.965905 0.119609 0.000381842 1.49998 0.103415 0.10662 0.523952 0.782438 -0.234592 -0.166539
4 6.79 1.5 0 1.5 0 0 1.57075 0 0 0 0 0 0
5 6.79 50 0.0100729 20
6 6.79 24.8083 -0.095251 0.245763 0.0424739
0 6.8 -1.13 0.427425 0.951525 0.0950162 0.0123846 1.50603 0.0812256 0.102216 0.575826 0.783408 -0.375786 -0.169446
1 6.8 -1.12675 0.431514 0.974558 0.126251 -0.00193604 1.49786 0.119453 0.104684 0.581996 0.758172 -0.218578 -0.160291
4 6.8 1.5 0 1.5 0 0 1.57075 0 0 0 0 0 0
5 6.8 50 0.00977015 20
6 6.8 24.5249 -0.0230284 0.191379 0.0288937
0 6.81 -1.12797 0.426389 0.956807 0.109195 0.00619983 1.50221 0.096643 0.0982909 0.634143 0.70067 -0.303415 -0.159892
1 6.81 -1.1241 0.430321 0.982172 0.137174 -0.00516751 1.49453 0.139939 0.0977671 0.636056 0.722341 -0.194161 -0.152229
4 6.81 1.5 0 1.5 0 0 1.57075 0 0 0 0 0 0
5 6.81 50 0.00910735 20
6 6.81 24.2969 0.0282169 0.134643 0.0242226
0 6.82 -1.12575 0.42589 0.964272 0.112626 0.00482718 1.50122 0.116066 0.094716 0.70838 0.696169 -0.290267 -0.164366
1 6.82 -1.12111 0.429679 0.992607 0.140435 -0.00597102 1.49338 0.159936 0.0935344 0.703634 0.718797 -0.190654 -0.154821
4 6.82 1.5 0 1.5 0 0 1.57075 0 0 0 0 0 0
5 6.82 50 0.00976253 20
6 6.82 23.8955 0.0292222 0.123779 0.0302454
0 6.83 -1.1233 0.424799 0.971039 0.121904 0.0014235 1.49842 0.132398 0.0916558 0.769837 0.694501 -0.261994 -0.16725
1 6.83 -1.11801 0.428465 1.00183 0.149673 -0.00816496 1.4905 0.179187 0.0888094 0.760038 0.700993 -0.179328 -0.156309
4 6.83 1.5 0 1.5 0 0 1.57075 0 0 0 0 0 0
5 6.83 50 0.0088532 20
6 6.83 23.6095 0.0108486 0.104479 0.034723
0 6.84 -1.12086 0.424147 0.978988 0.129863 -0.0012615 1.49603 0.150445 0.0883996 0.838403 0.696683 -0.255547 -0.171222
1 6.84 -1.11484 0.427683 1.01252 0.157741 -0.0105104 1.48791 0.199466 0.084251 0.822682 0.687126 -0.172502 -0.159089
4 6.84 1.5 0 1.5 0 0 1.57075 0 0 0 0 0 0
5 6.84 50 0.00972724 20
6 6.84 23.2676 -0.00711354 0.105174 0.0385321
0 6.85 -1.11728 0.422897 0.989766 0.135989 -0.0033218 1.49411 0.176248 0.0829499 0.933181 0.703245 -0.262105 -0.182437
1 6.85 -1.11023 0.426215 1.02709 0.164148 -0.0127199 1.48546 0.226376 0.077872 0.90889 0.679063 -0.167566 -0.165163
4 6.85 1.5 0 1.5 0 0 1.57075 0 0 0 0 0 0
5 6.85 50 0.00832558 20
6 6.85 22.7569 -0.0231458 0.119108 0.0549384
0 6.87 -1.11367 0.422281 1.00248 0.148069 -0.00756995 1.49021 0.205312 0.0774087 1.04021 0.700668 -0.286385 -0.191896
1 6.87 -1.10546 0.425377 1.04409 0.176166 -0.0177676 1.48093 0.258412 0.070397 1.00642 0.658651 -0.159233 -0.171718
4 6.87 1.5 0 1.5 0 0 1.57075 0 0 0 0 0 0
5 6.87 50 0.00929379 20
6 6.87 22.2086 -0.0425176 0.157037 0.0641894
0 6.88 -1.10951 0.420917 1.01508 0.155867 -0.010559 1.48756 0.241194 0.0695851 1.1709 0.685858 -0.294346 -0.182811
1 6.88 -1.09986 0.423701 1.06192 0.183397 -0.0210549 1.47851 0.295187 0.0614068 1.12521 0.648626 -0.153236 -0.16501
4 6.88 1.5 0 1.5 0 0 1.57075 0 0 0 0 0 0
5 6.88 50 0.00977588 20
6 6.88 21.4977 -0.0372579 0.172298 0.0566009
0 6.9 -1.10586 0.420279 1.02791 0.16416 -0.0138038 1.48467 0.273854 0.0628891 1.29065 0.662225 -0.295873 -0.190162
1 6.9 -1.0949 0.422794 1.07954 0.190779 -0.0242365 1.47523 0.328861 0.0534886 1.23394 0.636676 -0.144873 -0.167907
4 6.9 1.5 0 1.5 0 0 1.57075 0 0 0 0 0 0
5 6.9 50 0.00892878 20
6 6.9 20.8429 -0.0239844 0.183691 0.0708254
0 6.91 -1.10186 0.418853 1.03944 0.170639 -0.0164557 1.48228 0.302902 0.056275 1.39524 0.644711 -0.301884 -0.193687
1 6.91 -1.08974 0.421104 1.09525 0.196587 -0.02704 1.47259 0.358383 0.0459658 1.3288 0.628404 -0.138696 -0.168748
4 6.91 1.5 0 1.5 0 0 1.57075 0 0 0 0 0 0
5 6.91 50 0.00874376 20
6 6.91 20.2619 -0.0134631 0.197587 0.0793954
0 6.92 -1.09684 0.417689 1.05603 0.181274 -0.0211418 1.4779 0.341475 0.0469886 1.53611 0.597817 -0.312927 -0.198411
1 6.92 -1.08319 0.419569 1.11747 0.2054 -0.032023 1.46784 0.397947 0.0350863 1.45644 0.612523 -0.127069 -0.169633
4 6.92 1.5 0 1.5 0 0 1.57075 0 0 0 0 0 0
5 6.92 50 0.0118175 20
6 6.92 19.4781 0.0215338 0.223077 0.0916606
0 6.94 -1.09246 0.416211 1.06888 0.187065 -0.0240385 1.47519 0.374404 0.0383015 1.65572 0.554977 -0.33196 -0.206612
1 6.94 -1.07749 0.417743 1.1351 0.209518 -0.0355483 1.4646 0.430524 0.0256387 1.56476 0.607219 -0.120919 -0.17277
4 6.94 1.5 0 1.5 0 0 1.57075 0 0 0 0 0 0
5 6.94 50 0.00806713 20
6 6.94 18.7968 0.0640644 0.251644 0.10783
0 6.95 -1.08785 0.415085 1.08399 0.193209 -0.0279109 1.47175 0.409847 0.0289463 1.78549 0.47818 -0.3811 -0.214134
1 6.95 -1.07146 0.416243 1.15541 0.212653 -0.0412266 1.46041 0.46534 0.0153232 1.68211 0.600727 -0.114791 -0.176003
4 6.95 1.5 0 1.5 0 0 1.57075 0 0 0 0 0 0
5 6.95 50 0.00938702 20
6 6.95 18.0449 0.143794 0.314035 0.121527
0 6.96 -1.08144 0.413159 1.10358 0.197436 -0.0315003 1.46886 0.45556 0.0162117 1.9508 0.413292 -0.420826 -0.212655
1 6.96 -1.06322 0.413807 1.18161 0.214335 -0.0463378 1.45721 0.509127 0.00207055 1.83185 0.61311 -0.109994 -0.0764241
4 6.96 1.5 0 1.5 0 0 1.57075 0 0 0 0 0 0
5 6.96 50 0.0004673 0
6 6.96 18.0449 0.143794 0.314035 0.121527
0 6.97 -1.07516 0.411751 1.12475 0.201803 -0.0361322 1.46538 0.500087 0.00316659 2.11306 0.355568 -0.465041 -0.209226
1 6.97 -1.05516 0.411878 1.20928 0.216456 -0.0526789 1.45344 0.551169 -0.0115326 1.97635 0.599371 -0.0992591 -0.281973
4 6.97 1.5 0 1.5 0 0 1.57075 0 0 0 0 0 0
5 6.97 50 0.00219917 2
6 6.97 15.9958 0.280753 0.42584 -0.232431
0 6.98 -1.06602 0.409024 1.15281 0.20424 -0.0393601 1.46311 0.550833 -0.0131205 2.29369 0.304862 -0.505534 -0.208589
1 6.98 -1.04399 0.408499 1.24456 0.216917 -0.0574689 1.45083 0.594373 -0.0263714 2.11699 0.540974 -0.0847832 -0.624372
4 6.98 1.5 0 1.5 0 0 1.57075 0 0 0 0 0 0
5 6.98 50 0.00494027 2
6 6.98 13.5026 0.272815 0.488011 -1.32756
0 6.99 -1.05662 0.406763 1.18421 0.209126 -0.0496602 1.45687 0.604014 -0.0311883 2.48221 0.194578 -0.598567 -0.20132
1 6.99 -1.03246 0.405516 1.2835 0.217548 -0.0714094 1.444 0.571978 -0.0197227 1.93389 0.0581189 -0.692591 -1.48144
4 6.99 1.5 0 1.5 0 0 1.57075 0 0 0 0 0 0
5 6.99 50 0.0102031 10
6 6.99 -9.77488 -0.142827 -0.104627 -4.08693
0 7.01 -1.04798 0.404047 1.21038 0.211028 -0.0552137 1.45364 0.653726 -0.0496889 2.65454 0.169496 -0.624279 -0.201689
1 7.01 -1.02183 0.402059 1.31656 0.218533 -0.0779411 1.4405 0.601109 -0.0293237 2.00747 0.111957 -0.811207 -1.56746
4 7.01 1.5 0 1.5 0 0 1.57075 0 0 0 0 0 0
5 7.01 50 0.00813317 11
6 7.01 -15.9764 -0.0540795 -0.21163 -4.36033
0 7.02 -1.04058 0.401995 1.23429 0.212392 -0.0597524 1.45108 0.694413 -0.069069 2.78178 0.14586 -0.6576 -0.200838
1 7.02 -1.01281 0.399232 1.34556 0.219028 -0.0837718 1.43766 0.63337 -0.0439865 2.09497 0.0877162 -0.783211 -1.56946
4 7.02 1.5 0 1.5 0 0 1.57075 0 0 0 0 0 0
5 7.02 50 0.00483799 8
6 7.02 -18.4801 -0.0542536 -0.141687 -4.36944
0 7.03 -1.0279 0.39797 1.27293 0.21411 -0.0658896 1.44769 0.742742 -0.092478 2.92483 0.121984 -0.680589 -0.209126
1 7.03 -0.998194 0.39427 1.38992 0.219911 -0.0907141 1.4337 0.671825 -0.0610526 2.19175 0.177757 -0.807885 -1.5816
4 7.03 1.5 0 1.5 0 0 1.57075 0 0 0 0 0 0
5 7.03 50 0.00769639 12
6 7.03 -21.4004 0.0740478 -0.143934 -4.38172
0 7.04 -1.01575 0.394526 1.3122 0.21618 -0.0741058 1.44303 0.785479 -0.114336 3.04487 0.0791513 -0.727048 -0.239486
1 7.04 -0.984328 0.389953 1.434 0.220504 -0.100456 1.42739 0.70565 -0.0754853 2.27044 0.176671 -0.680803 -1.52266
4 7.04 1.5 0 1.5 0 0 1.57075 0 0 0 0 0 0
5 7.04 50 0.00601411 10
6 7.04 -24.0226 0.12336 0.0546301 -4.09661
0 7.05 -1.00599 0.391222 1.34103 0.217556 -0.0810817 1.43869 0.817755 -0.132158 3.12789 0.0560363 -0.748067 -0.269377
1 7.05 -0.973284 0.385936 1.46615 0.221177 -0.107973 1.42165 0.730571 -0.0864015 2.31864 0.183707 -0.677246 -1.49777
4 7.05 1.5 0 1.5 0 0 1.57075 0 0 0 0 0 0
5 7.05 50 0.00474763 10
6 7.05 -26.2349 0.159337 0.0825061 -3.92168
0 7.07 -0.992086 0.387071 1.38522 0.219262 -0.0930958 1.43023 0.859043 -0.156474 3.22417 0.00517518 -0.787844 -0.346611
1 7.07 -0.957725 0.380812 1.51419 0.221373 -0.120839 1.40976 0.769622 -0.103385 2.40295 0.264897 -0.530693 -1.59279
4 7.07 1.5 0 1.5 0 0 1.57075 0 0 0 0 0 0
5 7.07 50 0.00365973 5
6 7.07 -27.0269 0.312944 0.295184 -3.97842
0 7.08 -0.982954 0.383832 1.41153 0.220183 -0.10332 1.42236 0.884882 -0.173037 3.27766 -0.0147561 -0.816314 -0.390071
1 7.08 -0.947559 0.376911 1.54264 0.221911 -0.131776 1.39988 0.760296 -0.091368 2.28398 0.102457 -0.815526 -1.61868
4 7.08 1.5 0 1.5 0 0 1.57075 0 0 0 0 0 0
5 7.08 50 0.00731897 11
6 7.08 -37.9417 0.157199 0.000427032 -3.92233
0 7.09 -0.971387 0.380124 1.44714 0.220441 -0.107356 1.41904 0.914414 -0.19349 3.3348 -0.0343498 -0.826866 -0.41646
1 7.09 -0.934811 0.372384 1.58053 0.221598 -0.135988 1.39541 0.782934 -0.103965 2.30569 0.157639 -0.619067 -1.47889
4 7.09 1.5 0 1.5 0 0 1.57075 0 0 0 0 0 0
5 7.09 50 0.00282955 6
6 7.09 -40.1975 0.242988 0.237227 -3.39178
0 7.1 -0.961969 0.376696 1.47394 0.220733 -0.114859 1.41261 0.937171 -0.211 3.37413 -0.0547937 -0.842263 -0.451309
1 7.1 -0.924482 0.368256 1.60891 0.221424 -0.14378 1.38745 0.80061 -0.111347 2.3152 0.0492474 -0.536918 -1.34485
4 7.1 1.5 0 1.5 0 0 1.57075 0 0 0 0 0 0
5 7.1 50 0.00317121 5
6 7.1 -42.1179 0.147509 0.348279 -2.85256
0 7.11 -0.950454 0.372832 1.50881 0.220865 -0.123586 1.40464 0.962702 -0.231616 3.41621 -0.0903547 -0.87266 -0.512333
1 7.11 -0.911946 0.363568 1.64546 0.220684 -0.153155 1.37678 0.821238 -0.119942 2.32554 0.104778 -0.55955 -1.28516
4 7.11 1.5 0 1.5 0 0 1.57075 0 0 0 0 0 0
5 7.11 50 0.00387454 7
6 7.11 -44.1706 0.254911 0.3554 -2.46717
0 7.12 -0.936853 0.367745 1.5471 0.220831 -0.131404 1.39697 0.98578 -0.250658 3.45392 -0.105969 -0.88806 -0.546301
1 7.12 -0.897422 0.357719 1.68525 0.220439 -0.161278 1.36762 0.839546 -0.12695 2.33099 0.114469 -0.507101 -1.14741
4 7.12 1.5 0 1.5 0 0 1.57075 0 0 0 0 0 0
5 7.12 50 0.00214005 4
6 7.12 -46.2577 0.286338 0.432281 -1.91893
0 7.14 -0.91896 0.361391 1.60005 0.220526 -0.146583 1.38072 1.01535 -0.278266 3.50045 -0.155984 -0.91294 -0.633378
1 7.14 -0.878346 0.35026 1.74007 0.219116 -0.176674 1.34766 0.876258 -0.144058 2.3934 0.0241107 -0.0503683 -1.14761
4 7.14 1.5 0 1.5 0 0 1.57075 0 0 0 0 0 0
5 7.14 50 0.00117755 2
6 7.14 -45.3452 0.248814 0.981453 -1.64153
0 7.15 -0.90134 0.354533 1.64931 0.220165 -0.15347 1.37284 1.04314 -0.308719 3.5396 -0.182421 -0.922796 -0.66537
1 7.15 -0.859615 0.342185 1.79089 0.218133 -0.183678 1.3384 0.896552 -0.158623 2.38219 0.0486544 -0.0555784 -0.822068
4 7.15 1.5 0 1.5 0 0 1.57075 0 0 0 0 0 0
5 7.15 50 0.00153542 2
6 7.15 -48.5871 0.308781 0.984911 -0.500065
0 7.17 -0.886995 0.349108 1.69127 0.219182 -0.168661 1.35477 1.06466 -0.334786 3.57038 -0.217983 -0.951048 -0.739198
1 7.17 -0.844409 0.335717 1.83408 0.216785 -0.199363 1.3171 0.916347 -0.161888 2.37289 0.0311562 -0.0224952 -0.484069
4 7.17 1.5 0 1.5 0 0 1.57075 0 0 0 0 0 0
5 7.17 50 0.00181818 2
6 7.17 -51.2476 0.336275 1.05198 0.814733
0 7.18 -0.870391 0.342113 1.73597 0.218462 -0.176388 1.34486 1.0866 -0.363783 3.60376 -0.265219 -0.953144 -0.783512
1 7.18 -0.826927 0.327562 1.88012 0.214779 -0.206815 1.30539 0.913236 -0.147636 2.24739 0.109688 -0.048928 -0.157631
4 7.18 1.5 0 1.5 0 0 1.57075 0 0 0 0 0 0
5 7.18 50 0.00259781 3
6 7.18 -61.4335 0.480579 1.02019 1.99841
0 7.19 -0.854026 0.335324 1.78227 0.217683 -0.181955 1.33737 1.10801 -0.395607 3.64393 -0.302302 -0.943672 -0.811777
1 7.19 -0.809705 0.3195 1.92803 0.212924 -0.211798 1.29684 0.934428 -0.168068 2.26661 0.0521295 -0.205045 -0.823742
4 7.19 1.5 0 1.5 0 0 1.57075 0 0 0 0 0 0
5 7.19 50 0.00206327 4
6 7.19 -62.8214 0.459245 0.827089 -0.0378742
0 7.2 -0.83936 0.328727 1.82113 0.215908 -0.190698 1.32476 1.12798 -0.430879 3.6954 -0.353392 -0.91204 -0.84333
1 7.2 -0.794241 0.311492 1.96895 0.209642 -0.219106 1.28324 0.952613 -0.181073 2.26919 0.0669938 -0.264267 -0.523749
4 7.2 1.5 0 1.5 0 0 1.57075 0 0 0 0 0 0
5 7.2 50 0.00253463 5
6 7.2 -66.0226 0.533295 0.718486 1.02063
0 7.22 -0.82439 0.321827 1.86298 0.21296 -0.202201 1.30658 1.14493 -0.473485 3.73397 -0.363197 -0.835527 -0.840607
1 7.22 -0.778593 0.302888 2.01233 0.206618 -0.22776 1.26582 0.974002 -0.199715 2.2702 0.142427 -0.24248 -0.517018
4 7.22 1.5 0 1.5 0 0 1.57075 0 0 0 0 0 0
5 7.22 50 0.00247478 5
6 7.22 -68.534 0.623203 0.655092 1.0334
0 7.23 -0.802415 0.311057 1.92167 0.211399 -0.208421 1.29614 1.16928 -0.530061 3.81313 -0.354518 -0.79305 -0.832665
1 7.23 -0.755644 0.289854 2.07419 0.205514 -0.232448 1.25605 0.996101 -0.233804 2.29453 0.0104931 -0.0982237 -0.0220429
4 7.23 1.5 0 1.5 0 0 1.57075 0 0 0 0 0 0
5 7.23 50 0.00307345 6
6 7.23 -72.1112 0.462435 0.772705 2.58823
0 7.24 -0.784959 0.302232 1.97096 0.209755 -0.215382 1.28393 1.18932 -0.580519 3.89695 -0.323286 -0.731141 -0.821023
1 7.24 -0.737386 0.279011 2.12684 0.205183 -0.237148 1.24481 1.01623 -0.261082 2.32797 0.239298 -0.128993 -0.169712
4 7.24 1.5 0 1.5 0 0 1.57075 0 0 0 0 0 0
5 7.24 50 0.00421238 6
6 7.24 -75.4231 0.678586 0.668843 2.07958
0 7.26 -0.76734 0.292841 2.01801 0.208237 -0.225029 1.26477 1.20921 -0.639589 3.99095 -0.258088 -0.639915 -0.797065
1 7.26 -0.718971 0.267257 2.17765 0.206266 -0.243482 1.22734 1.04078 -0.292808 2.37567 -0.190092 0.191794 0.575584
4 7.26 1.5 0 1.5 0 0 1.57075 0 0 0 0 0 0
5 7.26 50 0.00319624 4
6 7.26 -78.5356 0.117807 0.937177 4.38237
0 7.27 -0.753112 0.284882 2.05879 0.207909 -0.229298 1.25581 1.2233 -0.685176 4.0615 -0.23236 -0.571763 -0.745249
1 7.27 -0.70418 0.257475 2.22125 0.206524 -0.245523 1.22101 1.05376 -0.318567 2.40069 0.0869223 -0.141481 0.217999
4 7.27 1.5 0 1.5 0 0 1.57075 0 0 0 0 0 0
5 7.27 50 0.00200701 4
6 7.27 -81.5338 0.392106 0.479309 3.07532
0 7.28 -0.736589 0.275327 2.10246 0.207812 -0.233132 1.2474 1.23703 -0.726278 4.12273 -0.196405 -0.512821 -0.698321
1 7.28 -0.687107 0.246276 2.26737 0.207451 -0.247441 1.21496 1.06634 -0.340304 2.41754 -0.133937 -0.226136 0.445242
4 7.28 1.5 0 1.5 0 0 1.57075 0 0 0 0 0 0
5 7.28 50 0.00404382 5
6 7.28 -84.4611 0.0991917 0.317544 3.65094
0 7.29 -0.718029 0.264138 2.15485 0.208139 -0.236508 1.23962 1.25057 -0.772427 4.18491 -0.164452 -0.476477 -0.676316
1 7.29 -0.668007 0.233241 2.32224 0.20889 -0.249566 1.20834 1.12872 -0.486129 2.83358 0.390662 0.499755 1.09683
4 7.29 1.5 0 1.5 0 0 1.57075 0 0 0 0 0 0
5 7.29 50 0.00262094 4
6 7.29 -61.749 0.647483 1.11083 5.66085
0 7.31 -0.69914 0.252397 2.20568 0.208925 -0.24297 1.22469 1.26255 -0.816137 4.23558 -0.152195 -0.43703 -0.577343
1 7.31 -0.648638 0.219752 2.3751 0.209335 -0.255281 1.19768 1.084 -0.364214 2.37241 -0.0094432 -0.24342 0.438085
4 7.31 1.5 0 1.5 0 0 1.57075 0 0 0 0 0 0
5 7.31 50 0.00436711 7
6 7.31 -94.8737 0.180367 0.214845 3.24183
0 7.32 -0.68085 0.240522 2.25808 0.209054 -0.246081 1.21833 1.27226 -0.858603 4.27863 -0.162493 -0.437685 -0.538636
1 7.32 -0.62996 0.206178 2.42922 0.208761 -0.258736 1.19285 1.1766 -0.607546 3.07961 0.423698 0.667137 0.847029
4 7.32 1.5 0 1.5 0 0 1.57075 0 0 0 0 0 0
5 7.32 50 0.00531602 9
6 7.32 -52.0742 0.67518 1.26033 4.42382
0 7.33 -0.656404 0.224095 2.32483 0.208905 -0.249296 1.21228 1.28371 -0.908702 4.32297 -0.18524 -0.438787 -0.490665
1 7.33 -0.605055 0.187747 2.49775 0.20731 -0.262395 1.18871 1.10597 -0.423772 2.39191 -0.248525 -0.25926 0.309005
4 7.33 1.5 0 1.5 0 0 1.57075 0 0 0 0 0 0
5 7.33 50 0.00584555 13
6 7.33 -99.4105 -0.053197 0.198437 2.55304
0 7.34 -0.640762 0.213223 2.36959 0.208356 -0.252743 1.20672 1.28969 -0.941342 4.34916 -0.216118 -0.447321 -0.434916
1 7.34 -0.589175 0.175569 2.54355 0.205063 -0.266651 1.18532 1.1392 -0.512927 2.61415 0.101153 -0.144631 0.346781
4 7.34 1.5 0 1.5 0 0 1.57075 0 0 0 0 0 0
5 7.34 50 0.00340414 7
6 7.34 -86.8102 0.370912 0.339487 2.49568
0 7.36 -0.616344 0.195745 2.43601 0.205903 -0.260448 1.19724 1.29908 -0.986513 4.38377 -0.286231 -0.483802 -0.308724
1 7.36 -0.564381 0.156284 2.61136 0.19873 -0.276867 1.18063 1.12271 -0.431897 2.29531 0.280177 -0.170708 -0.159083
4 7.36 1.5 0 1.5 0 0 1.57075 0 0 0 0 0 0
5 7.36 50 0.00495863 8
6 7.36 -109.829 0.645976 0.351891 0.477884
0 7.37 -0.59679 0.181236 2.49193 0.204461 -0.263727 1.19424 1.30507 -1.02448 4.40931 -0.317661 -0.503208 -0.265271
1 7.37 -0.544587 0.140257 2.6683 0.195663 -0.281282 1.17924 1.16784 -0.573516 2.65068 -0.0533531 -0.326732 0.369772
4 7.37 1.5 0 1.5 0 0 1.57075 0 0 0 0 0 0
5 7.37 50 0.0114393 20
6 7.37 -88.5224 0.306656 0.195485 2.02756
0 7.38 -0.576949 0.16633 2.54551 0.202046 -0.26843 1.19057 1.30927 -1.06527 4.42948 -0.348375 -0.519659 -0.232484
1 7.38 -0.524579 0.123719 2.72269 0.191764 -0.286927 1.1768 1.20345 -0.693683 2.92543 -0.0678085 -0.151906 1.08902
4 7.38 1.5 0 1.5 0 0 1.57075 0 0 0 0 0 0
5 7.38 50 0.00839281 18
6 7.38 -72.0838 0.323812 0.415213 4.21911
0 7.39 -0.5605 0.153408 2.59261 0.199011 -0.27377 1.18711 1.31178 -1.1032 4.45663 -0.372044 -0.545535 -0.18964
1 7.39 -0.508029 0.10928 2.77088 0.187429 -0.293661 1.17491 1.14882 -0.483723 2.2359 -0.856124 -0.0462807 1.8355
4 7.39 1.5 0 1.5 0 0 1.57075 0 0 0 0 0 0
5 7.39 50 0.00631237 10
6 7.39 -118.659 -0.533177 0.566954 6.46549
0 7.4 -0.543575 0.140023 2.63819 0.195541 -0.279671 1.18402 1.31389 -1.14597 4.4971 -0.395944 -0.614723 -0.143461
1 7.4 -0.491019 0.0941845 2.81808 0.182692 -0.302676 1.1732 1.18542 -0.610879 2.54791 -0.0715795 0.0521912 0.824158
4 7.4 1.5 0 1.5 0 0 1.57075 0 0 0 0 0 0
5 7.4 50 0.00611353 10
6 7.4 -101.135 0.370148 0.760455 3.0894
0 7.42 -0.525119 0.124497 2.69143 0.189941 -0.290824 1.17922 1.31636 -1.19847 4.53852 -0.392577 -0.713528 -0.126204
1 7.42 -0.472465 0.0765581 2.87297 0.177334 -0.317899 1.16842 1.21874 -0.714576 2.77628 0.107598 0.158463 1.06662
4 7.42 1.5 0 1.5 0 0 1.57075 0 0 0 0 0 0
5 7.42 50 0.00299978 6
6 7.42 -89.1845 0.567017 0.996346 3.80842
0 7.43 -0.507405 0.109528 2.73967 0.186747 -0.297818 1.1767 1.31911 -1.24109 4.57494 -0.412972 -0.746136 -0.0955925
1 7.43 -0.45464 0.0598841 2.92267 0.173082 -0.326434 1.16697 1.22557 -0.721082 2.7353 -0.0169564 -0.00937173 1.10952
4 7.43 1.5 0 1.5 0 0 1.57075 0 0 0 0 0 0
5 7.43 50 0.00397682 8
6 7.43 -94.3655 0.448939 0.842031 3.84766
0 7.44 -0.490761 0.0948038 2.78762 0.182272 -0.306953 1.17417 1.31981 -1.28202 4.60844 -0.45804 -0.774648 -0.0268098
1 7.44 -0.437969 0.0435232 2.97196 0.166065 -0.337231 1.16717 1.20497 -0.527842 2.16141 -0.112934 -0.317133 0.766473
4 7.44 1.5 0 1.5 0 0 1.57075 0 0 0 0 0 0
5 7.44 50 0.00243258 4
6 7.44 -134.241 0.38784 0.523899 2.53296
0 7.45 -0.469736 0.0758492 2.84665 0.178187 -0.314771 1.17263 1.31965 -1.33101 4.64486 -0.465147 -0.777645 0.00621592
1 7.45 -0.416951 0.0226086 3.03244 0.161296 -0.345428 1.16709 1.21788 -0.544628 2.14736 -0.413959 0.11537 2.30931
4 7.45 1.5 0 1.5 0 0 1.57075 0 0 0 0 0 0
5 7.45 50 0.00253963 4
6 7.45 -137.781 0.056879 1.02482 7.35304
0 7.46 -0.453678 0.060684 2.89425 0.17503 -0.320595 1.17173 1.31817 -1.36909 4.67065 -0.474143 -0.772998 0.0431941
1 7.46 -0.400951 0.00592029 3.08107 0.157287 -0.351344 1.16785 1.25387 -0.798908 2.77126 -0.0793603 0.228563 1.17819
4 7.46 1.5 0 1.5 0 0 1.57075 0 0 0 0 0 0
5 7.46 50 0.00408006 6
6 7.46 -98.7675 0.438993 1.15081 3.62388
0 7.47 -0.433932 0.0419111 2.9503 0.170612 -0.32824 1.17094 1.3144 -1.41454 4.69481 -0.494979 -0.775367 0.074262
1 7.47 -0.381356 -0.0146703 3.13809 0.15161 -0.359309 1.16847 1.25956 -0.813334 2.73901 -0.0187309 0.029072 1.00438
4 7.47 1.5 0 1.5 0 0 1.57075 0 0 0 0 0 0
5 7.47 50 0.00431466 7
6 7.47 -102.65 0.528167 0.926 2.96984
0 7.48 -0.418088 0.0260349 2.99807 0.164458 -0.33821 1.17052 1.30936 -1.45195 4.71205 -0.529308 -0.797374 0.137849
1 7.48 -0.365713 -0.0320431 3.18655 0.14321 -0.370577 1.17075 1.26955 -0.825901 2.72451 -0.125601 0.10523 1.22729
4 7.48 1.5 0 1.5 0 0 1.57075 0 0 0 0 0 0
5 7.48 50 0.00434208 8
6 7.48 -104.986 0.442719 1.04163 3.47853
0 7.49 -0.400036 0.00799233 3.04967 0.15897 -0.346521 1.17092 1.30234 -1.494 4.72548 -0.548263 -0.810414 0.186902
1 7.49 -0.347943 -0.0517676 3.23869 0.136227 -0.379713 1.17331 1.27558 -0.844394 2.70485 -0.184784 0.142411 1.17629
4 7.49 1.5 0 1.5 0 0 1.57075 0 0 0 0 0 0
5 7.49 50 0.00458336 9
6 7.49 -107.386 0.394308 1.1017 3.15913
0 7.51 -0.382253 -0.0109954 3.10439 0.147036 -0.363463 1.17287 1.29323 -1.53653 4.7372 -0.585536 -0.83716 0.255534
1 7.51 -0.330523 -0.0724568 3.29387 0.121634 -0.398086 1.17844 1.2951 -0.951868 2.92586 -0.123924 0.0048138 1.34413
4 7.51 1.5 0 1.5 0 0 1.57075 0 0 0 0 0 0
5 7.51 50 0.00380492 6
6 7.51 -93.9986 0.499002 0.978426 3.47591
0 7.52 -0.35905 -0.0358863 3.17214 0.140583 -0.372188 1.17456 1.28521 -1.58526 4.75367 -0.606866 -0.850105 0.291026
1 7.52 -0.307642 -0.0992968 3.36228 0.113669 -0.407488 1.18182 1.30033 -0.983108 2.92335 -0.172465 0.128225 1.34085
4 7.52 1.5 0 1.5 0 0 1.57075 0 0 0 0 0 0
5 7.52 50 0.00256658 5
6 7.52 -95.4878 0.465816 1.13711 3.35216
0 7.53 -0.34006 -0.0574434 3.23114 0.135376 -0.378987 1.1762 1.27544 -1.628 4.76523 -0.632388 -0.873775 0.337772
1 7.53 -0.289043 -0.122563 3.42175 0.106628 -0.415442 1.18553 1.30178 -0.998983 2.88931 -0.165109 0.120106 1.34817
4 7.53 1.5 0 1.5 0 0 1.57075 0 0 0 0 0 0
5 7.53 50 0.00253487 5
6 7.53 -98.7097 0.498697 1.15802 3.22631
0 7.54 -0.320821 -0.079085 3.28751 0.125854 -0.390855 1.17968 1.26231 -1.67263 4.76975 -0.665788 -0.89902 0.398765
1 7.54 -0.270329 -0.14599 3.4783 0.094562 -0.428534 1.19191 1.33558 -0.634629 1.98071 -0.47437 0.613977 1.81044
4 7.54 1.5 0 1.5 0 0 1.57075 0 0 0 0 0 0
5 7.54 50 0.00623059 10
6 7.54 -160.034 0.184852 1.75792 4.50745
0 7.56 -0.302795 -0.100924 3.34467 0.109452 -0.410037 1.18706 1.24742 -1.71684 4.77245 -0.714014 -0.947074 0.505312
1 7.56 -0.252898 -0.169598 3.53557 0.0739566 -0.449902 1.20446 1.37278 -0.629215 1.9519 -0.241359 0.0918025 1.66253
4 7.56 1.5 0 1.5 0 0 1.57075 0 0 0 0 0 0
5 7.56 50 0.00241375 4
6 7.56 -163.143 0.489707 1.22185 3.69519
0 7.57 -0.280759 -0.127527 3.41048 0.100525 -0.42005 1.19165 1.23369 -1.76554 4.77931 -0.730251 -0.96626 0.541702
1 7.57 -0.231411 -0.198148 3.60165 0.0634183 -0.46068 1.21102 1.38811 -0.642764 1.92361 -0.214603 0.0900916 1.8808
4 7.57 1.5 0 1.5 0 0 1.57075 0 0 0 0 0 0
5 7.57 50 0.002141 4
6 7.57 -166.08 0.534143 1.24479 4.27587
0 7.58 -0.258196 -0.15698 3.48365 0.090443 -0.431134 1.19737 1.21493 -1.81998 4.78439 -0.752576 -1.00748 0.595131
1 7.58 -0.209599 -0.22978 3.67502 0.0511087 -0.473419 1.21946 1.40012 -0.670434 1.91831 -0.279623 0.739423 -0.498452
4 7.58 1.5 0 1.5 0 0 1.57075 0 0 0 0 0 0
5 7.58 50 0.00910234 20
6 7.58 -167.459 0.480141 2.04141 -3.4904
0 7.6 -0.23827 -0.182586 3.54406 0.0705373 -0.451902 1.20934 1.19225 -1.87203 4.77764 -0.779432 -1.03487 0.669248
1 7.6 -0.19058 -0.257467 3.73516 0.0278143 -0.49508 1.23578 1.43684 -0.671863 1.8943 -0.261365 0.784226 1.1259
4 7.6 1.5 0 1.5 0 0 1.57075 0 0 0 0 0 0
5 7.6 50 0.00876498 20
6 7.6 -170.017 0.523011 2.13036 1.45878
0 7.61 -0.22188 -0.205375 3.59775 0.0592164 -0.463165 1.21665 1.17552 -1.9146 4.75894 -0.804982 -1.07633 0.729181
1 7.61 -0.174859 -0.281959 3.78811 0.0137491 -0.507869 1.24634 1.45441 -0.680322 1.85472 -0.293161 0.765451 1.55545
4 7.61 1.5 0 1.5 0 0 1.57075 0 0 0 0 0 0
5 7.61 50 0.0102859 20
6 7.61 -172.269 0.508475 2.1618 2.63884
0 7.62 -0.20295 -0.231319 3.65568 0.0482443 -0.473804 1.22394 1.15775 -1.96079 4.74922 -0.816095 -1.08822 0.74273
1 7.62 -0.15664 -0.309751 3.84564 0.00146094 -0.518715 1.25493 1.47042 -0.690974 1.82058 -0.170952 0.67288 1.7122
4 7.62 1.5 0 1.5 0 0 1.57075 0 0 0 0 0 0
5 7.62 50 0.00751829 13
6 7.62 -174.779 0.655734 2.07083 3.09603
0 7.63 -0.187838 -0.253599 3.70549 0.0360162 -0.485557 1.2322 1.13966 -2.00221 4.74374 -0.821042 -1.10365 0.732291
1 7.63 -0.142251 -0.333687 3.89524 -0.0114336 -0.530729 1.2635 1.48968 -0.694568 1.79368 -0.326479 0.753129 1.91481
4 7.63 1.5 0 1.5 0 0 1.57075 0 0 0 0 0 0
5 7.63 50 0.0040555 8
6 7.63 -177.245 0.487254 2.1802 3.77624
0 7.65 -0.163187 -0.290984 3.78524 0.0145908 -0.506233 1.24625 1.11373 -2.06671 4.74827 -0.831367 -1.14773 0.706315
1 7.65 -0.118638 -0.373653 3.97518 -0.0339548 -0.552549 1.27778 1.53018 -0.693572 1.76895 -0.37785 0.777164 2.59932
4 7.65 1.5 0 1.5 0 0 1.57075 0 0 0 0 0 0
5 7.65 50 0.00387239 7
6 7.65 -181.191 0.441127 2.25717 6.04451
0 7.66 -0.147426 -0.316511 3.83969 0.000806815 -0.519316 1.25551 1.09257 -2.1124 4.75092 -0.8454 -1.17143 0.733019
1 7.66 -0.103723 -0.401007 4.02973 -0.0497489 -0.566197 1.28924 1.5509 -0.699402 1.75997 -0.362689 0.760246 2.80085
4 7.66 1.5 0 1.5 0 0 1.57075 0 0 0 0 0 0
5 7.66 50 0.0055232 9
6 7.66 -183.332 0.469863 2.26766 6.60268
0 7.67 -0.129802 -0.344874 3.89757 -0.00903166 -0.528372 1.26225 1.0641 -2.1671 4.74843 -0.852245 -1.18566 0.757394
1 7.67 -0.0872379 -0.431558 4.08751 -0.0610554 -0.575522 1.29783 1.5551 -0.716879 1.73353 -0.427023 0.750106 3.16586
4 7.67 1.5 0 1.5 0 0 1.57075 0 0 0 0 0 0
5 7.67 50 0.00363636 7
6 7.67 -186 0.402321 2.27448 7.69017
0 7.69 -0.110737 -0.379301 3.96762 -0.0392247 -0.554966 1.28374 1.02592 -2.23382 4.74276 -0.871686 -1.24321 0.841497
1 7.69 -0.0697003 -0.468654 4.15733 -0.0961528 -0.603336 1.32561 1.60544 -0.700692 1.71393 -0.522479 1.00715 3.7151
4 7.69 1.5 0 1.5 0 0 1.57075 0 0 0 0 0 0
5 7.69 50 0.00480652 11
6 7.69 -190.142 0.305147 2.64273 9.17521
0 7.7 -0.0900263 -0.416799 4.0397 -0.0535221 -0.567017 1.29451 0.989306 -2.30104 4.73738 -0.88373 -1.26783 0.869145
1 7.7 -0.0504541 -0.508841 4.22919 -0.112705 -0.615798 1.33888 1.6148 -0.715245 1.68109 -0.947274 1.15101 1.93617
4 7.7 1.5 0 1.5 0 0 1.57075 0 0 0 0 0 0
5 7.7 50 0.0109253 20
6 7.7 -193.711 -0.161246 2.8389 3.40775
0 7.71 -0.0764085 -0.443686 4.09129 -0.0648137 -0.576307 1.30327 0.960974 -2.34963 4.73092 -0.889323 -1.29554 0.909769
1 7.71 -0.0379696 -0.537671 4.28053 -0.126169 -0.625663 1.35058 1.62146 -0.724734 1.6586 -0.804714 1.18157 1.92487
4 7.71 1.5 0 1.5 0 0 1.57075 0 0 0 0 0 0
5 7.71 50 0.0111973 20
6 7.71 -196.177 -0.00175187 2.90915 3.242
0 7.72 -0.0625706 -0.470199 4.13989 -0.0809445 -0.589121 1.31603 0.929407 -2.40034 4.71655 -0.894552 -1.32043 0.951198
1 7.72 -0.0253943 -0.566213 4.32855 -0.144924 -0.638688 1.36678 1.62823 -0.746304 1.66544 -1.48223 1.21946 0.758938
4 7.72 1.5 0 1.5 0 0 1.57075 0 0 0 0 0 0
5 7.72 50 0.00949621 20
6 7.72 -196.506 -0.760303 2.98464 -0.612447
0 7.74 -0.0473488 -0.50356 4.20079 -0.117778 -0.616611 1.34639 0.888566 -2.46353 4.69657 -0.906253 -1.39271 1.04962
1 7.74 -0.0118062 -0.602101 4.38865 -0.188221 -0.667001 1.40552 1.61331 -0.86745 1.88131 0.00464457 1.04905 -1.3055
4 7.74 1.5 0 1.5 0 0 1.57075 0 0 0 0 0 0
5 7.74 50 0.00822234 15
6 7.74 -183.167 0.899623 2.88039 -7.51728
0 7.75 -0.0334565 -0.533267 4.25217 -0.131376 -0.626291 1.35803 0.859663 -2.51431 4.68524 -0.907169 -1.42421 1.08537
1 7.75 0.000930053 -0.633839 4.43958 -0.204199 -0.677082 1.42037 1.64622 -0.819392 1.77326 0.657657 0.245892 2.45092
4 7.75 1.5 0 1.5 0 0 1.57075 0 0 0 0 0 0
5 7.75 50 0.0073328 15
6 7.75 -192.131 1.62444 1.99781 4.36099
0 7.76 -0.0161652 -0.57552 4.325 -0.149501 -0.638786 1.37391 0.812912 -2.58812 4.6654 -0.907932 -1.43969 1.11132
1 7.76 0.0163513 -0.679045 4.51162 -0.224833 -0.68911 1.43935 1.57929 -0.978385 1.94548 -1.58476 0.710083 -0.450146
4 7.76 1.5 0 1.5 0 0 1.57075 0 0 0 0 0 0
5 7.76 50 0.00959873 20
6 7.76 -179.578 -0.888192 2.55018 -4.98348
0 7.77 -0.00233499 -0.608458 4.37925 -0.173447 -0.653456 1.39504 0.77135 -2.6489 4.64122 -0.925461 -1.32024 1.14611
1 7.77 0.028519 -0.714414 4.5649 -0.252019 -0.697562 1.46339 1.74022 -0.675308 1.48968 0.470605 0.103125 4.00796
4 7.77 1.5 0 1.5 0 0 1.57075 0 0 0 0 0 0
5 7.77 50 0.0109892 20
6 7.77 -216.089 1.43828 1.72104 9.13785
0 7.78 0.00768776 -0.635473 4.42351 -0.193173 -0.663263 1.41207 0.735863 -2.6995 4.62148 -0.935804 -1.1802 1.15169
1 7.78 0.0371223 -0.743453 4.60837 -0.273012 -0.700749 1.48095 1.73067 -0.723258 1.53035 0.395612 -0.0767405 5.31258
4 7.78 1.5 0 1.5 0 0 1.57075 0 0 0 0 0 0
5 7.78 50 0.00889325 20
6 7.78 -213.747 1.37854 1.35542 13.2849
0 7.8 0.0200001 -0.667912 4.47442 -0.227986 -0.676992 1.44214 0.690878 -2.76281 4.59482 -0.922446 -1.02596 1.14672
1 7.8 0.0476352 -0.778425 4.65822 -0.308249 -0.706601 1.51136 1.77787 -0.691944 1.47352 1.16424 -1.02616 4.62304
4 7.8 1.5 0 1.5 0 0 1.57075 0 0 0 0 0 0
5 7.8 50 0.00899601 16
6 7.8 -220.134 2.23856 0.0875103 11.0992
0 7.81 0.0292162 -0.695969 4.51813 -0.248775 -0.684394 1.46027 0.651173 -2.81815 4.57277 -0.912145 -1.02151 1.14308
1 7.81 0.0552632 -0.808696 4.70104 -0.32963 -0.712738 1.53045 1.75578 -0.760188 1.52427 1.71344 -0.573121 5.08598
4 7.81 1.5 0 1.5 0 0 1.57075 0 0 0 0 0 0
5 7.81 50 0.0122221 20
6 7.81 -216.64 2.84227 0.600928 12.5888
0 7.82 0.0397282 -0.7261 4.5632 -0.271974 -0.692297 1.48064 0.61622 -2.8798 4.54506 -0.910316 -1.03412 1.15156
1 7.82 0.064377 -0.841293 4.745 -0.354392 -0.719767 1.55271 1.75031 -0.814081 1.54842 0.536441 -0.795898 5.72785
4 7.82 1.5 0 1.5 0 0 1.57075 0 0 0 0 0 0
5 7.82 50 0.00440288 10
6 7.82 -215.121 1.52137 0.360267 14.6109
0 7.83 0.0507136 -0.764483 4.61985 -0.292577 -0.699023 1.49895 0.567852 -2.9571 4.5106 -0.913603 -1.06396 1.18118
1 7.83 0.0734277 -0.882767 4.80028 -0.377469 -0.726145 1.57408 1.7189 -0.897696 1.57636 0.134302 -0.069325 5.98736
4 7.83 1.5 0 1.5 0 0 1.57075 0 0 0 0 0 0
5 7.83 50 0.00459862 10
6 7.83 -212.415 1.0697 1.23067 15.3448
0 7.84 0.0632784 -0.807515 4.6803 -0.313858 -0.705689 1.51816 0.522909 -3.03372 4.48261 -0.905396 -1.08775 1.20702
1 7.84 0.0841948 -0.928864 4.8596 -0.400648 -0.732168 1.59614 1.83723 -0.720332 1.29777 -0.651535 0.937432 10.6047
4 7.84 1.5 0 1.5 0 0 1.57075 0 0 0 0 0 0
5 7.84 50 0.00459862 6
6 7.84 -236.245 0.176638 2.41418 30.0032
0 7.85 0.0719354 -0.841888 4.72813 -0.335818 -0.712371 1.53825 0.484301 -3.09507 4.45738 -0.894874 -1.12146 1.24395
1 7.85 0.0913075 -0.965691 4.90643 -0.424954 -0.738327 1.61986 1.71029 -0.968737 1.5581 2.34139 0.0977016 2.7956
4 7.85 1.5 0 1.5 0 0 1.57075 0 0 0 0 0 0
5 7.85 50 0.00871062 20
6 7.85 -214.889 3.50696 1.4911 4.95478
0 7.87 0.0824295 -0.882689 4.78264 -0.386201 -0.726541 1.58535 0.435646 -3.16913 4.42057 -0.883251 -1.19758 1.30568
1 7.87 0.0998554 -1.00945 4.95946 -0.480563 -0.751244 1.67422 1.81933 -0.832932 1.42235 0.438139 -1.60783 9.3038
4 7.87 1.5 0 1.5 0 0 1.57075 0 0 0 0 0 0
5 7.87 50 0.00262475 5
6 7.87 -230.504 1.35059 -0.375027 25.5352
0 7.88 0.0909791 -0.92397 4.83696 -0.404895 -0.731383 1.60314 0.384984 -3.24358 4.38077 -0.87836 -1.22963 1.33676
1 7.88 0.106378 -1.05371 5.01219 -0.501522 -0.755528 1.69521 1.75168 -0.954016 1.48766 1.91529 0.58818 12.141
4 7.88 1.5 0 1.5 0 0 1.57075 0 0 0 0 0 0
5 7.88 50 0.0053041 9
6 7.88 -223.906 2.99137 2.18301 34.4938
0 7.89 0.101377 -0.972727 4.89771 -0.423013 -0.735858 1.62069 0.335758 -3.32323 4.34204 -0.853875 -1.26538 1.37545
1 7.89 0.114807 -1.10566 5.07139 -0.521412 -0.759426 1.7164 1.71314 -1.03008 1.49624 1.64194 -2.74232 6.24642
4 7.89 1.5 0 1.5 0 0 1.57075 0 0 0 0 0 0
5 7.89 50 0.00303221 5
6 7.89 -222.321 2.6502 -1.59711 15.5518
0 7.9 0.108254 -1.01159 4.9456 -0.447754 -0.741807 1.64528 0.294133 -3.38749 4.30779 -0.742294 -1.30169 1.41203
1 7.9 0.120019 -1.14709 5.11791 -0.544761 -0.764288 1.74492 1.69577 -1.0677 1.50483 0.695338 -3.81457 6.66162
4 7.9 1.5 0 1.5 0 0 1.57075 0 0 0 0 0 0
5 7.9 50 0.00280261 5
6 7.9 -222.168 1.45821 -2.79615 16.7604
0 7.92 0.115992 -1.05351 4.99554 -0.501257 -0.753205 1.70256 0.231559 -3.47068 4.24033 -0.610124 -1.32957 1.47597
1 7.92 0.125254 -1.19234 5.16515 -0.598168 -0.771475 1.80857 1.5988 -1.2085 1.64771 0.649274 -1.8366 8.63777
4 7.92 1.5 0 1.5 0 0 1.57075 0 0 0 0 0 0
5 7.92 50 0.00409198 8
6 7.92 -210.648 1.24861 -0.507031 22.865
0 7.93 0.120955 -1.09221 5.04046 -0.52642 -0.75758 1.73057 0.177394 -3.54414 4.18246 -0.5832 -1.3515 1.50751
1 7.93 0.12805 -1.23397 5.20775 -0.624753 -0.774023 1.83972 1.66531 -1.07427 1.46233 -4.17148 0.167633 3.62072
4 7.93 1.5 0 1.5 0 0 1.57075 0 0 0 0 0 0
5 7.93 50 0.00455236 7
6 7.93 -226.976 -4.18163 1.81586 6.74734
0 7.94 0.127075 -1.12942 5.08172 -0.544072 -0.760336 1.75046 0.134457 -3.60889 4.13688 -0.560212 -1.37688 1.54839
1 7.94 0.132453 -1.27377 5.24719 -0.643995 -0.775399 1.86294 1.63574 -1.10875 1.44016 -0.16745 -0.614684 11.5444
4 7.94 1.5 0 1.5 0 0 1.57075 0 0 0 0 0 0
5 7.94 50 0.00329065 7
6 7.94 -227.653 0.265056 0.94643 31.9131
0 7.95 0.131539 -1.16601 5.12161 -0.5756 -0.764609 1.78652 0.0918937 -3.67215 4.09149 -0.524784 -1.41374 1.60214
1 7.95 0.135215 -1.3129 5.28527 -0.677689 -0.777163 1.90367 1.53864 -1.24406 1.54941 0.537951 -0.739926 9.59171
4 7.95 1.5 0 1.5 0 0 1.57075 0 0 0 0 0 0
5 7.95 50 0.00401592 8
6 7.95 -217.501 1.00381 0.842824 25.5076
0 7.96 0.138203 -1.2219 5.18001 -0.601163 -0.76746 1.81606 0.0301446 -3.7675 4.02174 -0.513699 -1.43892 1.6309
1 7.96 0.139409 -1.3726 5.34088 -0.70502 -0.778028 1.93605 1.44582 -1.37336 1.5783 -0.267279 -2.96476 10.8414
4 7.96 1.5 0 1.5 0 0 1.57075 0 0 0 0 0 0
5 7.96 50 0.00371313 6
6 7.96 -211.67 0.0837415 -1.68114 29.4055
0 7.97 0.141364 -1.26059 5.2196 -0.627491 -0.769814 1.84696 -0.0128705 -3.83373 3.97259 -0.499116 -1.46295 1.66281
1 7.97 0.140849 -1.41393 5.3785 -0.732947 -0.778134 1.9698 1.47653 -1.29071 1.47505 0.350704 -0.664924 12.6357
4 7.97 1.5 0 1.5 0 0 1.57075 0 0 0 0 0 0
5 7.97 50 0.00242949 4
6 7.97 -221.831 0.751866 0.984426 35.0317
0 7.99 0.147173 -1.32574 5.28279 -0.674081 -0.77253 1.90221 -0.0760093 -3.93915 3.89907 -0.462469 -1.52365 1.73597
1 7.99 0.144133 -1.48331 5.43875 -0.782527 -0.776804 2.03109 1.37147 -1.41886 1.54467 0.367936 -0.900792 11.4185
4 7.99 1.5 0 1.5 0 0 1.57075 0 0 0 0 0 0
5 7.99 50 0.00253105 4
6 7.99 -214.782 0.712766 0.781204 30.9124
0 8 0.149847 -1.38154 5.33549 -0.702297 -0.773315 1.93609 -0.131415 -4.03088 3.83171 -0.441323 -1.55159 1.77142
1 8 0.144591 -1.54278 5.48876 -0.811882 -0.77492 2.0677 1.16405 -1.74419 1.72533 -1.85218 -2.44525 13.4655
4 8 1.5 0 1.5 0 0 1.57075 0 0 0 0 0 0
5 8 50 0.00277996 6
6 8 -192.182 -1.80347 -0.960479 37.3343
0 8.01 0.153863 -1.4329 5.38188 -0.739088 -0.773256 1.98099 -0.170648 -4.11811 3.75581 -0.411738 -1.59741 1.81977
1 8.01 0.147037 -1.59763 5.53211 -0.850074 -0.771448 2.11631 1.1042 -1.82129 1.72625 -0.939153 -2.91632 9.04479
4 8.01 1.5 0 1.5 0 0 1.57075 0 0 0 0 0 0
5 8.01 50 0.00391984 4
6 8.01 -189.587 -0.827935 -1.45107 23.0666
0 8.03 0.155535 -1.48791 5.42981 -0.784125 -0.771469 2.0372 -0.216649 -4.2124 3.67507 -0.363584 -1.65267 1.89018
1 8.03 0.146869 -1.6564 5.57681 -0.89613 -0.764879 2.17699 1.17372 -1.6329 1.55646 0.451516 -0.959427 9.53118
4 8.03 1.5 0 1.5 0 0 1.57075 0 0 0 0 0 0
5 8.03 50 0.00222087 4
6 8.03 -208.311 0.656469 0.852381 24.3946
0 8.04 0.158086 -1.53374 5.46781 -0.811242 -0.76949 2.07181 -0.250504 -4.28658 3.61698 -0.333957 -1.6926 1.93153
1 8.04 0.148066 -1.7052 5.61249 -0.923693 -0.760086 2.21423 1.05258 -1.81936 1.63674 -2.46303 -2.989 10.2123
4 8.04 1.5 0 1.5 0 0 1.57075 0 0 0 0 0 0
5 8.04 50 0.00224018 4
6 8.04 -196.635 -2.64969 -1.43389 26.4371
0 8.05 0.159017 -1.59128 5.51409 -0.839428 -0.766732 2.10809 -0.295707 -4.38143 3.54127 -0.315315 -1.71619 1.95738
1 8.05 0.147188 -1.76654 5.65574 -0.951636 -0.754309 2.25165 1.10612 -1.66649 1.47252 -0.489623 -2.05404 9.85995
4 8.05 1.5 0 1.5 0 0 1.57075 0 0 0 0 0 0
5 8.05 50 0.00227618 4
6 8.05 -213.464 -0.469844 -0.336434 25.2296
0 8.07 0.160304 -1.66648 5.5709 -0.89945 -0.758241 2.18725 -0.347017 -4.49818 3.45615 -0.243743 -1.78941 2.03649
1 8.07 0.146423 -1.8464 5.70914 -1.01027 -0.738982 2.33423 0.889262 -1.96704 1.63783 -2.02807 -1.24635 9.40335
4 8.07 1.5 0 1.5 0 0 1.57075 0 0 0 0 0 0
5 8.07 50 0.0020504 4
6 8.07 -193.382 -2.29461 0.664245 23.5192
0 8.08 0.160349 -1.76835 5.64426 -0.934058 -0.75147 2.23413 -0.420205 -4.6632 3.32845 -0.198545 -1.82647 2.08552
1 8.08 0.143541 -1.95488 5.7774 -1.04323 -0.727835 2.38241 0.77714 -2.11945 1.57996 -2.0516 -0.956183 8.37254
4 8.08 1.5 0 1.5 0 0 1.57075 0 0 0 0 0 0
5 8.08 50 0.00253892 4
6 8.08 -191.187 -2.38501 1.03284 20.0717
0 8.1 0.158817 -1.83202 5.6874 -0.988289 -0.737633 2.30995 -0.466614 -4.76965 3.24208 -0.130601 -1.87541 2.14161
1 8.1 0.140152 -2.0228 5.81708 -1.09327 -0.707364 2.45828 0.671469 -2.18371 1.59034 -1.48497 -1.20907 6.24012
4 8.1 1.5 0 1.5 0 0 1.57075 0 0 0 0 0 0
5 8.1 50 0.0023489 4
6 8.1 -189.462 -1.84398 0.787713 13.0848
0 8.11 0.158036 -1.89447 5.72746 -1.00257 -0.733286 2.33054 -0.511388 -4.87758 3.15031 -0.095061 -1.89987 2.17275
1 8.11 0.137581 -2.08958 5.85347 -1.10621 -0.700928 2.4797 0.588183 -2.32821 1.54684 -1.51277 -0.139373 6.03713
4 8.11 1.5 0 1.5 0 0 1.57075 0 0 0 0 0 0
5 8.11 50 0.00305176 4
6 8.11 -185.528 -1.92399 2.03699 12.3372
0 8.13 0.154508 -1.96606 5.77124 -1.0581 -0.713074 2.41302 -0.560409 -5.00171 3.04514 -0.00845386 -1.95423 2.24267
1 8.13 0.132092 -2.16613 5.89304 -1.15541 -0.673246 2.56126 0.460614 -2.4135 1.54112 -1.595 0.195547 5.06154
4 8.13 1.5 0 1.5 0 0 1.57075 0 0 0 0 0 0
5 8.13 50 0.00263882 5
6 8.13 -183.515 -2.13373 2.46806 8.99927
0 8.14 0.15274 -2.03444 5.81028 -1.08221 -0.702433 2.45088 -0.599265 -5.11451 2.95526 0.0552293 -1.976 2.29275
1 8.14 0.12877 -2.23902 5.92849 -1.17552 -0.658552 2.59872 0.664743 -1.75534 1.1856 -1.38282 1.96132 4.14763
4 8.14 1.5 0 1.5 0 0 1.57075 0 0 0 0 0 0
5 8.14 50 0.00436282 7
6 8.14 -235.463 -1.97967 4.50688 5.92158
0 8.15 0.149943 -2.08944 5.84066 -1.1049 -0.69104 2.4877 -0.629915 -5.20628 2.88122 0.0881107 -1.99155 2.32116
1 8.15 0.124747 -2.29769 5.95591 -1.19473 -0.643875 2.63419 0.538733 -1.94171 1.20941 -0.542335 1.14414 -1.57815
4 8.15 1.5 0 1.5 0 0 1.57075 0 0 0 0 0 0
5 8.15 50 0.0036149 6
6 8.15 -226.377 -1.08358 3.58068 -12.4487
0 8.16 0.148299 -2.14281 5.86871 -1.12622 -0.679118 2.52293 -0.658303 -5.29779 2.80407 0.124225 -2.00957 2.34586
1 8.16 0.121967 -2.35472 5.98087 -1.2124 -0.628977 2.66806 0.432796 -2.09056 1.20857 -0.0139755 2.98419 4.43592
4 8.16 1.5 0 1.5 0 0 1.57075 0 0 0 0 0 0
5 8.16 50 0.0045898 7
6 8.16 -220.195 -0.540287 5.70528 6.67223
0 8.17 0.144192 -2.20959 5.90223 -1.14212 -0.669295 2.55042 -0.692179 -5.41166 2.70809 0.168538 -2.03061 2.37701
1 8.17 0.116505 -2.42606 6.01056 -1.22508 -0.61658 2.69502 0.36388 -2.16928 1.1398 0.662513 3.44692 5.8841
4 8.17 1.5 0 1.5 0 0 1.57075 0 0 0 0 0 0
5 8.17 50 0.00491047 8
6 8.17 -220.934 0.157847 6.25127 11.196
0 8.18 0.139908 -2.29537 5.94182 -1.16798 -0.651416 2.59689 -0.724899 -5.5443 2.61029 0.242572 -2.04713 2.41191
1 8.18 0.110912 -2.51714 6.04623 -1.24455 -0.594762 2.73917 0.251211 -2.29555 1.10495 0.901162 4.21891 4.20821
4 8.18 1.5 0 1.5 0 0 1.57075 0 0 0 0 0 0
5 8.18 50 0.00490499 8
6 8.18 -218.67 0.33298 7.14064 5.73414
0 8.2 0.132959 -2.3875 5.98241 -1.20278 -0.622461 2.6655 -0.759416 -5.69161 2.49992 0.337927 -2.04091 2.44971
1 8.2 0.102582 -2.61517 6.08241 -1.26923 -0.560403 2.80264 0.0682672 -2.51599 1.10451 0.998439 5.18482 4.75912
4 8.2 1.5 0 1.5 0 0 1.57075 0 0 0 0 0 0
5 8.2 50 0.00417519 8
6 8.2 -210.183 0.330045 8.22158 7.37201
0 8.21 0.130829 -2.44016 6.00455 -1.21529 -0.610007 2.6927 -0.767174 -5.78808 2.41956 0.366172 -2.03857 2.46452
1 8.21 0.100142 -2.67169 6.10133 -1.27806 -0.545972 2.82782 -0.0135255 -2.69935 1.0808 1.50823 5.77395 4.58146
4 8.21 1.5 0 1.5 0 0 1.57075 0 0 0 0 0 0
5 8.21 50 0.00547028 6
6 8.21 -203.179 0.866852 8.88862 6.75745
0 8.22 0.12713 -2.49625 6.02696 -1.23273 -0.590508 2.73273 -0.777527 -5.88862 2.33708 0.422263 -2.04124 2.4938
1 8.22 0.0960289 -2.7318 6.12044 -1.28965 -0.523483 2.86529 -0.10322 -2.80904 1.0412 -0.49507 5.66009 4.66787
4 8.22 1.5 0 1.5 0 0 1.57075 0 0 0 0 0 0
5 8.22 50 0.00404787 8
6 8.22 -200.866 -1.44284 8.74856 6.93974
0 8.23 0.122136 -2.58303 6.05819 -1.24618 -0.573372 2.76576 -0.789965 -6.01863 2.2473 0.47375 -2.04124 2.52771
1 8.23 0.0905374 -2.82378 6.14808 -1.29802 -0.503587 2.89626 -0.180242 -2.93598 0.980975 1.24508 6.512 -0.419255
4 8.23 1.5 0 1.5 0 0 1.57075 0 0 0 0 0 0
5 8.23 50 0.00314665 5
6 8.23 -199.775 0.440945 9.714 -9.40927
0 8.24 0.115435 -2.67143 6.08873 -1.26145 -0.551192 2.80652 -0.802995 -6.15328 2.14992 0.539537 -2.03932 2.5593
1 8.24 0.0833154 -2.91756 6.17473 -1.30679 -0.478514 2.93432 -0.284288 -3.1174 0.930448 -0.121339 6.33227 3.51738
4 8.24 1.5 0 1.5 0 0 1.57075 0 0 0 0 0 0
5 8.24 50 0.00230742 4
6 8.24 -195.326 -1.16643 9.49038 3.05742
0 8.25 0.110689 -2.75199 6.11435 -1.27219 -0.532825 2.83837 -0.813354 -6.28196 2.04827 0.581101 -2.03804 2.57858
1 8.25 0.0781548 -3.00327 6.19628 -1.31278 -0.458229 2.96405 -0.361366 -3.25287 0.853589 -1.23223 8.15986 0.350667
4 8.25 1.5 0 1.5 0 0 1.57075 0 0 0 0 0 0
5 8.25 50 0.00199866 3
6 8.25 -193.915 -2.45887 11.576 -7.11394
0 8.27 0.104263 -2.83379 6.13899 -1.28552 -0.50337 2.88511 -0.823286 -6.41083 1.94539 0.663279 -1.89214 2.62484
1 8.27 0.0713314 -3.09022 6.21681 -1.31525 -0.42392 3.00175 -0.467892 -3.35932 0.77154 -1.87269 9.03831 -0.125255
4 8.27 1.5 0 1.5 0 0 1.57075 0 0 0 0 0 0
5 8.27 50 0.00209379 3
6 8.27 -194.16 -3.24382 12.3963 -8.78109
0 8.28 0.0987234 -2.92694 6.16385 -1.29318 -0.478021 2.9204 -0.830165 -6.54658 1.84449 0.730282 -1.74204 2.65071
1 8.28 0.0655169 -3.1888 6.23763 -1.31374 -0.39515 3.0286 -0.600222 -4.02237 0.816172 -0.767189 4.59508 -0.00256947
4 8.28 1.5 0 1.5 0 0 1.57075 0 0 0 0 0 0
5 8.28 50 0.00676942 11
6 8.28 -160.059 -2.05329 7.11016 -8.47203
0 8.29 0.0917591 -3.01841 6.18713 -1.29747 -0.457587 2.94632 -0.835646 -6.68044 1.74356 0.777582 -1.68145 2.66832
1 8.29 0.0583333 -3.28562 6.25687 -1.31245 -0.372972 3.05063 -0.652481 -4.14252 0.716061 -2.80586 5.83273 -4.2507
4 8.29 1.5 0 1.5 0 0 1.57075 0 0 0 0 0 0
5 8.29 50 0.00169373 3
6 8.29 -160.633 -4.37658 8.44909 -22.0905
0 8.31 0.0870893 -3.10117 6.20617 -1.30217 -0.419854 2.99113 -0.836818 -6.80649 1.64029 0.83729 -1.62614 2.69905
1 8.31 0.0536166 -3.37343 6.27178 -1.30947 -0.333027 3.09118 -0.750177 -4.57013 0.688827 -0.504876 2.81705 -2.95773
4 8.31 1.5 0 1.5 0 0 1.57075 0 0 0 0 0 0
5 8.31 50 0.00361276 7
6 8.31 -141.292 -1.86081 4.91033 -18.0608
0 8.32 0.0792944 -3.20278 6.22792 -1.30329 -0.386754 3.02826 -0.836503 -6.95678 1.51808 0.920144 -1.57974 2.73521
1 8.32 0.0458342 -3.48105 6.28864 -1.30308 -0.29794 3.12529 -0.810106 -4.39934 0.479923 -0.923061 4.59243 -1.51927
4 8.32 1.5 0 1.5 0 0 1.57075 0 0 0 0 0 0
5 8.32 50 0.00539064 9
6 8.32 -161.568 -2.41586 6.87271 -13.5841
0 8.33 0.0756803 -3.27543 6.24194 -1.30229 -0.364325 3.05234 -0.830652 -7.07351 1.41471 0.992503 -1.52813 2.73998
1 8.33 0.0424542 -3.55837 6.29852 -1.29616 -0.274869 3.14654 -0.85116 -4.65511 0.40351 -1.01817 8.57008 0.602916
4 8.33 1.5 0 1.5 0 0 1.57075 0 0 0 0 0 0
5 8.33 50 0.00751376 12
6 8.33 -152.904 -2.59229 11.3603 -6.8243
0 8.35 0.0702277 -3.35386 6.2559 -1.29742 -0.325617 3.09285 -0.823072 -7.1949 1.31372 1.06264 -1.4872 2.67833
1 8.35 0.0373048 -3.64166 6.30845 -1.28402 -0.238523 3.18384 -0.903375 -5.22396 0.399371 -0.493189 6.65703 1.32028
4 8.35 1.5 0 1.5 0 0 1.57075 0 0 0 0 0 0
5 8.35 50 0.00773764 14
6 8.35 -124.978 -2.06668 9.10799 -4.33738
0 8.36 0.0663958 -3.43747 6.26889 -1.29461 -0.309365 3.10979 -0.814078 -7.3092 1.2265 1.06588 -1.43297 2.65118
1 8.36 0.0338327 -3.72984 6.31795 -1.27884 -0.222967 3.19805 -0.941749 -4.95941 0.201119 2.96112 0.551584 6.79859
4 8.36 1.5 0 1.5 0 0 1.57075 0 0 0 0 0 0
5 8.36 50 0.00509357 9
6 8.36 -149.26 1.8098 2.04254 13.2389
0 8.37 0.0592184 -3.55051 6.28514 -1.29026 -0.286061 3.13268 -0.79992 -7.46104 1.11112 1.03719 -1.34487 2.64534
1 8.37 0.0272216 -3.84895 6.32958 -1.2726 -0.199278 3.2171 -1.00131 -4.67707 -0.0503052 4.12812 1.69541 6.59889
4 8.37 1.5 0 1.5 0 0 1.57075 0 0 0 0 0 0
5 8.37 50 0.00558019 11
6 8.37 -177.334 3.16743 3.26061 12.6201
0 8.38 0.054797 -3.65232 6.29778 -1.28364 -0.254569 -3.12119 -0.781448 -7.59841 1.00069 0.998404 -1.2241 2.65738
1 8.38 0.0235391 -3.95625 6.33781 -1.26375 -0.166495 -3.04156 -1.02429 -5.04003 -0.124173 4.55183 3.49478 4.60409
4 8.38 1.5 0 1.5 0 0 1.57075 0 0 0 0 0 0
5 8.38 50 0.00567555 8
6 8.38 -163.673 3.70985 5.19402 6.21349
0 8.4 0.0494378 -3.74458 6.30826 -1.27545 -0.22105 -3.09184 -0.764071 -7.71809 0.906019 1.012 -1.14799 2.69074
1 8.4 0.018875 -4.0533 6.3445 -1.25189 -0.131446 -3.0147 -1.03886 -5.36729 -0.187378 1.93386 1.70887 10.9836
4 8.4 1.5 0 1.5 0 0 1.57075 0 0 0 0 0 0
5 8.4 50 0.00726342 12
6 8.4 -151.192 0.778778 3.05188 26.4736
0 8.41 0.0462464 -3.84359 6.31772 -1.26603 -0.187596 -3.06321 -0.725983 -7.83285 0.825257 1.03185 -1.09645 2.71613
1 8.41 0.017207 -4.1569 6.35073 -1.23889 -0.0971179 -2.98744 -1.22708 -4.19764 -0.699276 5.03666 10.0623 0.268125
4 8.41 1.5 0 1.5 0 0 1.57075 0 0 0 0 0 0
5 8.41 50 0.0120859 20
6 8.41 -235.216 4.23739 12.5702 -7.81654
0 8.42 0.0423595 -3.93241 6.32564 -1.25985 -0.167832 -3.04663 -0.69568 -7.93367 0.752151 1.05162 -1.04551 2.74571
1 8.42 0.0145323 -4.24975 6.35572 -1.23022 -0.0760657 -2.97216 -0.990036 -5.96736 -0.269325 4.56883 3.64573 5.28245
4 8.42 1.5 0 1.5 0 0 1.57075 0 0 0 0 0 0
5 8.42 50 0.00830579 15
6 8.42 -127.729 3.70059 5.14287 8.09729
0 8.43 0.039598 -4.0292 6.3326 -1.25206 -0.144476 -3.02737 -0.661568 -8.04292 0.665425 1.06391 -1.02344 2.76123
1 8.43 0.0131353 -4.35092 6.35922 -1.2202 -0.0524178 -2.95311 -0.897137 -6.59878 -0.204253 2.02302 -2.06896 4.79185
4 8.43 1.5 0 1.5 0 0 1.57075 0 0 0 0 0 0
5 8.43 50 0.00517583 8
6 8.43 -94.2703 0.841971 -1.44321 6.48151
0 8.45 0.0358128 -4.12342 6.33874 -1.23492 -0.098651 -2.99116 -0.630809 -8.14571 0.584407 1.11435 -0.93277 2.80581
1 8.45 0.0105804 -4.44925 6.36212 -1.19749 -0.00498767 -2.91859 -0.901865 -6.69574 -0.320146 2.53393 2.4588 7.14591
4 8.45 1.5 0 1.5 0 0 1.57075 0 0 0 0 0 0
5 8.45 50 0.00237966 4
6 8.45 -95.6395 1.37427 3.63189 13.8546
0 8.46 0.0338848 -4.2181 6.34303 -1.22778 -0.0810019 -2.97748 -0.603981 -8.24249 0.51511 1.12964 -0.907964 2.80951
1 8.46 0.00972555 -4.5478 6.36363 -1.18844 0.0126167 -2.90524 -1.14955 -5.45098 -0.889337 4.10228 5.23714 0.80297
4 8.46 1.5 0 1.5 0 0 1.57075 0 0 0 0 0 0
5 8.46 50 0.00889587 16
6 8.46 -184.914 3.11743 6.78717 -6.40704
0 8.47 0.0305557 -4.32639 6.34753 -1.21533 -0.0518507 -2.95471 -0.574102 -8.35063 0.436157 1.13989 -0.863823 2.82628
1 8.47 0.00759158 -4.66041 6.36497 -1.17346 0.0421079 -2.88288 -0.521801 -8.60078 0.138482 7.48181 5.52682 5.03342
4 8.47 1.5 0 1.5 0 0 1.57075 0 0 0 0 0 0
5 8.47 50 0.00309849 6
6 8.47 16.6933 6.8963 7.06491 7.04516
0 8.48 0.0282749 -4.44871 6.3508 -1.20371 -0.0261711 -2.93508 -0.53525 -8.47135 0.33864 1.15208 -0.829896 2.84785
1 8.48 0.00686493 -4.78757 6.36435 -1.15951 0.0682398 -2.86318 -0.89896 -6.81835 -0.704314 3.3054 -8.03693 11.3066
4 8.48 1.5 0 1.5 0 0 1.57075 0 0 0 0 0 0
5 8.48 50 0.00677967 12
6 8.48 -111.062 2.21602 -8.54093 27.0036
0 8.49 0.0255776 -4.54599 6.35298 -1.1911 0.000368092 -2.91524 -0.506127 -8.56338 0.264765 1.16098 -0.775867 2.86916
1 8.49 0.00533255 -4.88853 6.36357 -1.14463 0.0954575 -2.84388 -0.753478 -7.48863 -0.567741 -2.32599 1.63961 0.263475
4 8.49 1.5 0 1.5 0 0 1.57075 0 0 0 0 0 0
5 8.49 50 0.00651479 12
6 8.49 -72.7294 -4.08371 2.49505 -8.31966
0 8.51 0.0246438 -4.66914 6.35334 -1.16947 0.0435761 -2.88349 -0.472984 -8.67212 0.184778 1.18859 -0.67746 2.91448
1 8.51 0.00572447 -5.01603 6.36073 -1.11885 0.140307 -2.81293 -0.863213 -7.0749 -0.904572 3.84634 0.288558 8.58972
4 8.51 1.5 0 1.5 0 0 1.57075 0 0 0 0 0 0
5 8.51 50 0.00886846 16
6 8.51 -109.381 2.81225 0.821007 18.1173
0 8.52 0.0226627 -4.78668 6.35342 -1.15663 0.068197 -2.86547 -0.441848 -8.77101 0.10928 1.20569 -0.6265 2.93997
1 8.52 0.00498872 -5.13752 6.35779 -1.10361 0.165769 -2.79504 -0.898399 -6.95407 -1.10437 6.99696 -4.68562 8.9926
4 8.52 1.5 0 1.5 0 0 1.57075 0 0 0 0 0 0
5 8.52 50 0.00266552 5
6 8.52 -125.288 6.32922 -4.95113 19.3222
0 8.54 0.0226747 -4.893 6.35198 -1.14315 0.0930884 -2.84747 -0.40836 -8.85779 0.0336287 1.20864 -0.594612 2.95049
1 8.54 0.00634024 -5.24731 6.35332 -1.08821 0.190615 -2.77657 -0.728143 -7.61466 -0.940758 1.60602 -0.863185 6.64626
4 8.54 1.5 0 1.5 0 0 1.57075 0 0 0 0 0 0
5 8.54 50 0.00187826 3
6 8.54 -86.3244 0.301118 -0.603923 11.7979
0 8.55 0.0216339 -4.99714 6.35035 -1.11889 0.135325 -2.81705 -0.376591 -8.93916 -0.0363901 1.22087 -0.507681 2.987
1 8.55 0.00657021 -5.3547 6.34889 -1.06047 0.233943 -2.74596 -0.710769 -7.67862 -1.05467 -0.51774 6.78457 1.90883
4 8.55 1.5 0 1.5 0 0 1.57075 0 0 0 0 0 0
5 8.55 50 0.00700521 12
6 8.55 -88.598 -2.0694 8.06408 -3.44277
0 8.56 0.0225903 -5.09737 6.34709 -1.10382 0.16065 -2.79889 -0.349464 -9.01474 -0.0942617 1.23266 -0.458508 3.00238
1 8.56 0.00861169 -5.45796 6.34332 -1.0431 0.259631 -2.72753 -0.606561 -8.05688 -0.978638 3.85739 0.953955 6.56167
4 8.56 1.5 0 1.5 0 0 1.57075 0 0 0 0 0 0
5 8.56 50 0.00249863 4
6 8.56 -67.8089 2.82421 1.31358 11.3624
0 8.57 0.0225602 -5.21881 6.34312 -1.08487 0.191845 -2.7767 -0.317266 -9.10247 -0.163196 1.23396 -0.386101 3.03564
1 8.57 0.00986957 -5.58291 6.3366 -1.02185 0.292002 -2.70502 -0.5826 -8.12294 -1.07911 1.06596 4.37088 4.54621
4 8.57 1.5 0 1.5 0 0 1.57075 0 0 0 0 0 0
5 8.57 50 0.00319242 6
6 8.57 -69.942 -0.28386 5.1471 4.82195
0 8.58 0.0240784 -5.33228 6.338 -1.07343 0.210243 -2.76389 -0.284643 -9.1803 -0.230181 1.23622 -0.344512 3.05503
1 8.58 0.0126927 -5.69949 6.32879 -1.00895 0.311063 -2.69189 -0.492076 -8.41558 -1.04059 5.67973 0.386688 20.3613
4 8.58 1.5 0 1.5 0 0 1.57075 0 0 0 0 0 0
5 8.58 50 0.00495601 7
6 8.58 -54.8708 4.88577 0.525669 55.2497
0 8.59 0.0245192 -5.44889 6.33271 -1.0528 0.242392 -2.74095 -0.25261 -9.25664 -0.296752 1.23416 -0.29185 3.08422
1 8.59 0.0144148 -5.81916 6.32084 -0.985823 0.343796 -2.66758 -0.479221 -8.4206 -1.16395 1.65122 0.467041 5.68486
4 8.59 1.5 0 1.5 0 0 1.57075 0 0 0 0 0 0
5 8.59 50 0.00412464 7
6 8.59 -60.5028 0.393019 0.554975 8.30214
0 8.61 0.0265908 -5.53693 6.32756 -1.01981 0.291332 -2.70489 -0.21432 -9.31076 -0.349492 1.23531 -0.209097 3.12897
1 8.61 0.018018 -5.90936 6.31358 -0.948613 0.39359 -2.62904 -0.435418 -8.48633 -1.23663 1.95248 2.71793 2.86409
4 8.61 1.5 0 1.5 0 0 1.57075 0 0 0 0 0 0
5 8.61 50 0.00206518 3
6 8.61 -60.4282 0.748924 3.03764 -0.845918
0 8.62 0.0279937 -5.63935 6.32164 -1.00187 0.316826 -2.68591 -0.176345 -9.37075 -0.407332 1.23613 -0.161001 3.14987
1 8.62 0.02094 -6.01418 6.30534 -0.928392 0.419505 -2.60877 -0.253502 -9.07958 -0.979236 5.59608 -3.42206 5.36511
4 8.62 1.5 0 1.5 0 0 1.57075 0 0 0 0 0 0
5 8.62 50 0.00429177 7
6 8.62 -21.4775 4.8369 -4.06444 7.07191
0 8.63 0.0302174 -5.71753 6.31615 -0.98799 0.336105 -2.67148 -0.147661 -9.41462 -0.452488 1.229 -0.126776 3.16335
1 8.63 0.024311 -6.09412 6.29805 -0.913021 0.43896 -2.59322 -0.384412 -8.51026 -1.41336 7.18806 0.240344 6.51926
4 8.63 1.5 0 1.5 0 0 1.57075 0 0 0 0 0 0
5 8.63 50 0.00443053 6
6 8.63 -67.0147 6.63483 0.0987397 10.7136
0 8.64 0.0320513 -5.81343 6.30954 -0.969119 0.361673 -2.65201 -0.116849 -9.46625 -0.504474 1.21907 -0.089172 3.18402
1 8.64 0.0273773 -6.19208 6.28936 -0.891971 0.464649 -2.57179 -0.338439 -8.60294 -1.45307 -2.1989 9.39029 -10.765
4 8.64 1.5 0 1.5 0 0 1.57075 0 0 0 0 0 0
5 8.64 50 0.00168133 3
6 8.64 -64.3497 -3.84762 10.554 -44.5322
0 8.65 0.0355205 -5.93717 6.29975 -0.949645 0.387397 -2.63163 -0.0809023 -9.53039 -0.568237 1.21398 -0.0469307 3.20637
1 8.65 0.0322844 -6.31839 6.27702 -0.870008 0.490602 -2.54937 -0.352153 -8.44971 -1.67334 4.71831 -7.64996 13.813
4 8.65 1.5 0 1.5 0 0 1.57075 0 0 0 0 0 0
5 8.65 50 0.00634789 12
6 8.65 -81.0126 3.90871 -9.04598 33.8617
0 8.66 0.037927 -6.05936 6.29019 -0.922831 0.421729 -2.604 -0.0497685 -9.59129 -0.627912 1.20202 0.0139579 3.2323
1 8.66 0.0359363 -6.44301 6.26507 -0.839939 0.525152 -2.51895 -0.230633 -8.84285 -1.52829 2.68552 -4.96319 15.4288
4 8.66 1.5 0 1.5 0 0 1.57075 0 0 0 0 0 0
5 8.66 50 0.00169444 2
6 8.66 -56.5 1.66359 -6.03266 38.9374
0 8.68 0.042196 -6.17725 6.27922 -0.887571 0.465045 -2.56786 -0.0229858 -9.64974 -0.679967 1.18934 0.0818591 3.25178
1 8.68 0.0412766 -6.56324 6.25202 -0.800071 0.567987 -2.47883 -0.177092 -8.97239 -1.54713 1.41916 4.33047 -5.81892
4 8.68 1.5 0 1.5 0 0 1.57075 0 0 0 0 0 0
5 8.68 50 0.00213122 4
6 8.68 -51.5353 0.278921 4.55374 -28.9581
0 8.69 0.0457041 -6.30302 6.26778 -0.871275 0.484211 -2.55102 0.00377729 -9.71 -0.732264 1.18003 0.11696 3.24589
1 8.69 0.0458552 -6.69142 6.23849 -0.781988 0.586567 -2.46061 -0.210328 -8.73995 -1.81352 -7.674 12.1527 -13.6287
4 8.69 1.5 0 1.5 0 0 1.57075 0 0 0 0 0 0
5 8.69 50 0.00855303 11
6 8.69 -74.0434 -9.87579 13.4911 -53.8718
0 8.7 0.0514258 -6.44509 6.25304 -0.837308 0.522293 -2.51631 0.0302456 -9.78106 -0.784193 1.1682 0.162166 3.25279
1 8.7 0.0526356 -6.83634 6.22167 -0.743215 0.623289 -2.42136 -0.125363 -9.0242 -1.72705 -0.157747 -3.90544 11.1081
4 8.7 1.5 0 1.5 0 0 1.57075 0 0 0 0 0 0
5 8.7 50 0.00215411 3
6 8.7 -58.1086 -1.44046 -4.98204 25.0781
0 8.71 0.0551826 -6.55606 6.24177 -0.813761 0.547435 -2.49281 0.04964 -9.83434 -0.823634 1.15767 0.185398 3.24807
1 8.71 0.0571682 -6.94943 6.20882 -0.716349 0.646966 -2.39463 -0.0879219 -9.12567 -1.73865 -0.0549296 4.70476 -9.48134
4 8.71 1.5 0 1.5 0 0 1.57075 0 0 0 0 0 0
5 8.71 50 0.00139713 2
6 8.71 -54.5871 -1.30752 4.87328 -40.6384
0 8.73 0.0647432 -6.79318 6.21566 -0.763116 0.597326 -2.44226 0.0899474 -9.93993 -0.907714 1.13208 0.254443 3.19237
1 8.73 0.0683411 -7.19078 6.17935 -0.659846 0.692941 -2.33916 -0.0313615 -9.22349 -1.84162 0.843726 -5.28135 14.941
4 8.73 1.5 0 1.5 0 0 1.57075 0 0 0 0 0 0
5 8.73 50 0.00282049 5
6 8.73 -55.5057 -0.256188 -6.6511 37.5079
0 8.75 0.0704433 -6.91242 6.20144 -0.718024 0.637243 -2.39741 0.109443 -9.98866 -0.949783 1.11728 0.284765 3.1628
1 8.75 0.074821 -7.31196 6.16345 -0.60835 0.729054 -2.2882 0.0089166 -9.30626 -1.86671 0.366041 2.63159 -5.26412
4 8.75 1.5 0 1.5 0 0 1.57075 0 0 0 0 0 0
5 8.75 50 0.00279212 5
6 8.75 -53.0762 -0.766885 2.39947 -26.9026
0 8.76 0.0750716 -7.03212 6.18762 -0.681233 0.666833 -2.36082 0.125942 -10.0369 -0.989094 1.11027 0.311379 3.13037
1 8.76 0.0801093 -7.4336 6.14806 -0.566436 0.755362 -2.24702 0.0385285 -9.36335 -1.9049 1.87701 -1.69706 6.87513
4 8.76 1.5 0 1.5 0 0 1.57075 0 0 0 0 0 0
5 8.76 50 0.00273633 4
6 8.76 -52.5213 0.937652 -2.5926 11.9555
0 8.77 0.0830106 -7.19122 6.16744 -0.654276 0.68706 -2.33408 0.14485 -10.1044 -1.0376 1.09649 0.323511 3.12245
1 8.77 0.0888047 -7.59539 6.12594 -0.535571 0.773339 -2.21607 0.0651286 -9.42341 -1.96257 -0.0450135 -3.78462 13.8093
4 8.77 1.5 0 1.5 0 0 1.57075 0 0 0 0 0 0
5 8.77 50 0.00138259 2
6 8.77 -53.1746 -1.1946 -4.99732 34.1182
0 8.79 0.0884849 -7.32373 6.15113 -0.60122 0.723941 -2.28132 0.158337 -10.1584 -1.07705 1.06732 0.351833 3.11894
1 8.79 0.0948184 -7.73006 6.10805 -0.474611 0.806115 -2.15463 0.0899864 -9.42045 -2.05172 1.2861 -2.85519 13.7501
4 8.79 1.5 0 1.5 0 0 1.57075 0 0 0 0 0 0
5 8.79 50 0.00251269 5
6 8.79 -57.7252 0.334566 -3.9556 33.9405
0 8.8 0.0958976 -7.46003 6.13273 -0.558107 0.750729 -2.23775 0.172553 -10.2057 -1.12165 1.03933 0.364565 3.11568
1 8.8 0.1028 -7.86826 6.08787 -0.42511 0.829099 -2.10373 0.122489 -9.53206 -2.04814 0.587978 0.760721 -0.65688
4 8.8 1.5 0 1.5 0 0 1.57075 0 0 0 0 0 0
5 8.8 50 0.000972986 1
6 8.8 -52.7422 -0.412098 0.185929 -12.0435
0 8.81 0.10141 -7.57957 6.11713 -0.529874 0.766783 -2.20943 0.19085 -10.2463 -1.15933 1.03353 0.375379 3.11597
1 8.81 0.109044 -7.98942 6.07076 -0.392229 0.842734 -2.07063 0.148449 -9.56873 -2.09013 0.59684 0.964898 -1.59084
4 8.81 1.5 0 1.5 0 0 1.57075 0 0 0 0 0 0
5 8.81 50 0.000838757 1
6 8.81 -53.0692 -0.392933 0.409252 -15.026
