2 7.42 0.119427
2 7.44 0.120818
2 7.44 0.118854
2 7.46 0.115113
2 7.48 0.112807
2 7.49 0.105983
2 7.5 0.0899318
2 7.51 0.078632
2 7.52 0.0532946
2 7.53 0.05
2 7.55 0.05
2 7.56 0.05
2 7.57 0.05
2 7.58 0.05
2 7.6 0.05
2 7.62 0.05
2 7.64 0.05
2 7.65 0.05
2 7.66 0.05
2 7.67 0.05
2 7.68 0.05
2 7.69 0.05
2 7.7 0.05
2 7.72 0.05
2 7.73 0.05
2 7.74 0.05
2 7.75 0.05
2 7.77 0.05
2 7.78 0.05
2 7.79 0.05
2 7.8 0.05
2 7.82 0.05
2 7.83 0.05
2 7.84 0.05
2 7.86 0.05
2 7.87 0.05
2 7.88 0.05
2 7.89 0.05
2 7.9 0.05
2 7.92 0.05
2 7.93 0.05
2 7.93 0.05
2 7.96 0.05
2 7.97 0.05
2 7.98 0.05
2 7.99 0.05
2 8 0.05
2 8.01 0.05
2 8.03 0.05
2 8.04 0.05
2 8.05 0.05
2 8.06 0.05
2 8.07 0.05
2 8.07 0.05
2 8.1 0.05
2 8.11 0.05
2 8.12 0.05
2 8.13 0.05
2 8.15 0.05
2 8.16 0.05
2 8.17 0.05
2 8.17 0.05
2 8.19 0.05
2 8.21 0.05
2 8.22 0.05
2 8.23 0.05
2 8.24 0.05
2 8.26 0.05
2 8.27 0.05
2 8.29 0.05
2 8.3 0.05
2 8.31 0.05
2 8.32 0.05
2 8.34 0.05
2 8.35 0.05
2 8.36 0.05
2 8.37 0.05
2 8.37 0.05
2 8.39 0.05
2 8.4 0.05
2 8.42 0.05
2 8.43 0.05
2 8.44 0.05
2 8.46 0.05
2 8.47 0.05
2 8.49 0.05
2 8.5 0.05
2 8.51 0.05
2 8.52 0.05
2 8.54 0.05
2 8.54 0.05
2 8.56 0.05
2 8.57 0.05
2 8.58 0.05
2 8.59 0.05
2 8.6 0.05
2 8.61 0.05
2 8.62 0.05
2 8.63 0.05
2 8.65 0.05
2 8.66 0.05
2 8.68 0.05
2 8.69 0.05
2 8.7 0.05
2 8.71 0.05
2 8.72 0.05
2 8.74 0.05
2 8.75 0.05
2 8.76 0.0613972
2 8.77 0.0830332
2 8.77 0.106337
2 8.8 0.145989
2 8.81 0.174755
2 8.82 0.193713
2 8.83 0.223345
2 8.85 0.275748
2 8.86 0.30127
2 8.87 0.328933
2 8.88 0.365574
2 8.89 0.391295
2 8.9 0.420076
2 8.92 0.465538
2 8.93 0.493874
2 8.93 0.603308
2 8.96 0.63746
2 8.97 0.651904
2 8.98 0.671433
2 8.99 0.688589
2 9 0.69397
2 9.01 0.692453
2 9.03 0.737433
2 9.04 0.740776
2 9.04 0.73522
2 9.06 0.735299
2 9.08 0.723783
2 9.09 0.748335
2 9.09 0.771438
2 9.11 0.791824
2 9.12 0.8
2 9.14 0.8
2 9.14 0.8
2 9.16 0.8
2 9.17 0.8
2 9.18 0.8
2 9.19 0.8
2 9.21 0.8
2 9.22 0.8
2 9.23 0.8
2 9.24 0.8
2 9.24 0.8
2 9.27 0.8
2 9.28 0.8
2 9.29 0.8
2 9.31 0.8
2 9.32 0.8
2 9.33 0.8
2 9.35 0.8
2 9.36 0.8
2 9.37 0.8
2 9.38 0.8
2 9.38 0.8
2 9.4 0.8
2 9.42 0.8
2 9.43 0.8
2 9.44 0.8
2 9.46 0.8
2 9.46 0.8
2 9.48 0.8
2 9.49 0.8
2 9.5 0.8
2 9.51 0.8
2 9.52 0.8
2 9.54 0.8
2 9.55 0.8
2 9.56 0.8
2 9.58 0.8
2 9.59 0.8
2 9.6 0.8
2 9.61 0.8
2 9.63 0.8
2 9.64 0.8
2 9.65 0.8
2 9.66 0.8
2 9.66 0.8
2 9.68 0.8
2 9.69 0.8
2 9.7 0.8
2 9.71 0.8
2 9.72 0.8
2 9.74 0.8
2 9.75 0.8
2 9.76 0.8
2 9.77 0.8
2 9.78 0.8
2 9.8 0.8
2 9.81 0.8
2 9.82 0.8
2 9.83 0.8
2 9.84 0.8
2 9.85 0.8
2 9.87 0.8
2 9.88 0.8
2 9.9 0.8
2 9.91 0.8
2 9.92 0.8
2 9.93 0.8
2 9.95 0.8
2 9.96 0.8
2 9.97 0.8
2 9.99 0.8
2 10 0.8
2 10.01 0.8
2 10.03 0.8
2 10.04 0.8
2 10.05 0.8
2 10.06 0.8
2 10.07 0.8
2 10.08 0.8
2 10.09 0.8
2 10.11 0.8
2 10.12 0.8
2 10.13 0.8
2 10.14 0.8
2 10.15 0.8
2 10.16 0.8
2 10.18 0.8
2 10.19 0.8
2 10.19 0.8
2 10.21 0.8
2 10.22 0.8
2 10.24 0.8
2 10.25 0.8
2 10.26 0.8
2 10.27 0.8
2 10.29 0.8
2 10.3 0.8
2 10.31 0.8
2 10.32 0.8
2 10.33 0.8
2 10.35 0.8
2 10.36 0.8
2 10.37 0.8
2 10.38 0.8
2 10.39 0.8
2 10.41 0.8
2 10.42 0.8
2 10.43 0.8
2 10.45 0.8
2 10.46 0.8
2 10.47 0.8
2 10.49 0.8
2 10.5 0.8
2 10.51 0.8
2 10.53 0.8
2 10.54 0.8
2 10.55 0.8
2 10.56 0.8
2 10.57 0.8
2 10.58 0.8
2 10.6 0.8
2 10.61 0.8
2 10.62 0.8
2 10.63 0.8
2 10.64 0.8
2 10.65 0.8
2 10.67 0.8
2 10.68 0.8
2 10.69 0.8
2 10.7 0.8
2 10.72 0.8
2 10.73 0.8
2 10.74 0.8
2 10.75 0.8
2 10.76 0.8
2 10.77 0.8
2 10.78 0.8
2 10.8 0.8
2 10.81 0.8
2 10.82 0.8
2 10.83 0.8
2 10.84 0.8
2 10.85 0.8
2 10.87 0.8
2 10.88 0.8
2 10.89 0.8
2 10.9 0.8
2 10.92 0.8
2 10.93 0.8
2 10.94 0.8
