3 0 -10 0 0 0 0 0 0 0 0 0 0 0 0
0 0 1.45163 -0.711136 1.5433 -0.0279012 0.0907221 1.56287 -0.023198 -0.479212 0.0304378 0.00917425 0.157187 -0.000399271
1 0 1.4507 -0.730304 1.54452 -0.0275516 0.0970066 1.56267 -0.033299 -0.445473 0.0080198 0.0660201 0.396548 -0.485107
4 0 1.5 0 1.5 0 0 1.57075 0 0 0 0 0 0
5 0 50 0.00113964 2
6 0 22.7638 0.0636002 0.274624 -1.54743
0 0.02 1.45124 -0.718369 1.54324 -0.0277195 0.0936142 1.56259 -0.024586 -0.464542 0.0318528 0.0130264 0.136255 -0.0107966
1 0.02 1.45026 -0.73695 1.54452 -0.0272532 0.0990504 1.562 -0.0345799 -0.429805 0.0085437 0.0581055 0.427066 -0.406744
4 0.02 1.5 0 1.5 0 0 1.57075 0 0 0 0 0 0
5 0.02 40 0.00157952 3
6 0.02 22.715 0.050319 0.333666 -1.26406
0 0.03 1.45095 -0.72348 1.54332 -0.027627 0.0945756 1.56245 -0.0257164 -0.453976 0.0341599 0.0152912 0.122652 -0.0132557
1 0.03 1.44992 -0.741639 1.54468 -0.0270785 0.0994652 1.56178 -0.0356594 -0.418914 0.010498 0.0589606 0.417265 -0.397345
4 0.03 1.5 0 1.5 0 0 1.57075 0 0 0 0 0 0
5 0.03 40 0.00147438 3
6 0.03 22.6953 0.048729 0.338032 -1.2262
0 0.04 1.45065 -0.728179 1.54331 -0.0274214 0.0959679 1.56222 -0.0271202 -0.441411 0.0429893 0.0175009 0.0995322 -0.0227215
1 0.04 1.44957 -0.745836 1.54503 -0.0268193 0.0999227 1.5612 -0.0369296 -0.405996 0.0175922 0.0598999 0.404858 -0.386064
4 0.04 1.5 0 1.5 0 0 1.57075 0 0 0 0 0 0
5 0.04 40 0.00167418 3
6 0.04 22.5913 0.0472555 0.35034 -1.15997
0 0.05 1.45038 -0.732238 1.54351 -0.0273626 0.0966573 1.56197 -0.0281233 -0.429705 0.0580557 0.00669419 0.0742386 -0.0334335
1 0.05 1.44926 -0.749426 1.54583 -0.0272323 0.0995891 1.56054 -0.0378121 -0.394355 0.0293436 0.0598505 0.396772 -0.393126
4 0.05 1.5 0 1.5 0 0 1.57075 0 0 0 0 0 0
5 0.05 40 0.00130033 3
6 0.05 22.3887 0.059274 0.370069 -1.14832
0 0.06 1.45004 -0.736977 1.54383 -0.0273487 0.0971181 1.56156 -0.029199 -0.413788 0.090237 0.00648909 0.0579271 -0.0512443
1 0.06 1.44887 -0.753528 1.54744 -0.027295 0.0993783 1.55943 -0.0386693 -0.378992 0.0540821 0.0608287 0.387361 -0.387331
4 0.06 1.5 0 1.5 0 0 1.57075 0 0 0 0 0 0
5 0.06 40 0.00147557 3
6 0.06 21.9315 0.0605582 0.377995 -1.07296
0 0.08 1.44968 -0.741624 1.54478 -0.0276423 0.097339 1.55942 -0.0305399 -0.397314 0.131888 -0.0253949 -0.0231267 -0.132166
1 0.08 1.44846 -0.757516 1.55006 -0.0291716 0.0962681 1.55413 -0.039791 -0.363332 0.0863883 0.0600384 0.384018 -0.441285
4 0.08 1.5 0 1.5 0 0 1.57075 0 0 0 0 0 0
5 0.08 40 0.00125408 3
6 0.08 21.3569 0.0958421 0.466848 -0.986862
0 0.09 1.4491 -0.747823 1.54641 -0.0281308 0.0968465 1.55787 -0.0326311 -0.378118 0.188541 -0.0378471 -0.0474932 -0.165522
1 0.09 1.4478 -0.762947 1.55395 -0.0302825 0.0947613 1.55127 -0.0416321 -0.345627 0.129358 0.061165 0.379669 -0.455629
4 0.09 1.5 0 1.5 0 0 1.57075 0 0 0 0 0 0
5 0.09 40 0.00190163 3
6 0.09 20.5138 0.111428 0.489574 -0.926163
0 0.1 1.44871 -0.752004 1.54812 -0.028688 0.096126 1.55569 -0.0337944 -0.364985 0.230272 -0.0294152 -0.0586873 -0.206513
1 0.1 1.44735 -0.766603 1.55733 -0.0306543 0.0935426 1.54747 -0.0426289 -0.333724 0.160657 0.0630146 0.378008 -0.458631
4 0.1 1.5 0 1.5 0 0 1.57075 0 0 0 0 0 0
5 0.1 40 0.0016129 3
6 0.1 19.8705 0.104412 0.500526 -0.804884
0 0.11 1.44832 -0.755485 1.54963 -0.0289368 0.0955046 1.55352 -0.0349255 -0.351643 0.271795 0.00236366 -0.0608626 -0.257484
1 0.11 1.44692 -0.769551 1.5605 -0.0298218 0.0927731 1.54325 -0.0434827 -0.321593 0.191493 0.065787 0.373751 -0.441356
4 0.11 1.5 0 1.5 0 0 1.57075 0 0 0 0 0 0
5 0.11 40 0.00168657 3
6 0.11 19.2115 0.0722469 0.498692 -0.587009
0 0.12 1.44786 -0.759505 1.55237 -0.0290183 0.0950267 1.55141 -0.0359306 -0.335396 0.322793 0.01903 -0.0517231 -0.286201
1 0.12 1.44642 -0.772921 1.56528 -0.029342 0.0926265 1.53998 -0.0440653 -0.306837 0.228312 0.0666639 0.365967 -0.429817
4 0.12 1.5 0 1.5 0 0 1.57075 0 0 0 0 0 0
5 0.12 40 0.00237346 4
6 0.12 18.338 0.0545089 0.479677 -0.458493
0 0.13 1.44733 -0.763387 1.55563 -0.0289164 0.0945092 1.54819 -0.0366603 -0.322081 0.364905 0.0627159 -0.0318793 -0.345417
1 0.13 1.44586 -0.776271 1.57023 -0.0277134 0.0928351 1.53435 -0.0443087 -0.294953 0.256788 0.0677673 0.357191 -0.406305
4 0.13 1.5 0 1.5 0 0 1.57075 0 0 0 0 0 0
5 0.13 40 0.00196147 3
6 0.13 17.4977 0.00655285 0.448186 -0.194387
0 0.14 1.44683 -0.766985 1.55934 -0.0283467 0.0942071 1.54443 -0.0372648 -0.308483 0.405636 0.103963 -0.0105787 -0.381509
1 0.14 1.44534 -0.779324 1.57557 -0.0256283 0.0933516 1.52912 -0.0443525 -0.28251 0.28605 0.069943 0.349655 -0.346809
4 0.14 1.5 0 1.5 0 0 1.57075 0 0 0 0 0 0
5 0.14 40 0.00155902 3
6 0.14 16.791 -0.0377353 0.416594 0.110777
0 0.15 1.44621 -0.770958 1.5641 -0.02712 0.0945042 1.53939 -0.0380572 -0.291394 0.454115 0.159437 0.0835724 -0.419909
1 0.15 1.44469 -0.782614 1.58226 -0.0223426 0.0973904 1.52244 -0.0443376 -0.266645 0.320612 0.0721494 0.333548 -0.260055
4 0.15 1.5 0 1.5 0 0 1.57075 0 0 0 0 0 0
5 0.15 40 0.00135493 3
6 0.15 15.9343 -0.100537 0.292356 0.510347
0 0.18 1.4456 -0.774818 1.56995 -0.0243709 0.0988994 1.52986 -0.0390292 -0.272754 0.507586 0.167282 0.310696 -0.45909
1 0.18 1.44404 -0.785728 1.59025 -0.0195312 0.110876 1.51111 -0.043985 -0.248443 0.357947 0.0680045 0.294486 -0.184458
4 0.18 1.5 0 1.5 0 0 1.57075 0 0 0 0 0 0
5 0.18 40 0.00138021 3
6 0.18 14.9466 -0.122751 -0.0122285 0.87682
0 0.18 1.44499 -0.778028 1.57533 -0.0235619 0.102715 1.52531 -0.0405543 -0.253928 0.563979 0.117039 0.437074 -0.453155
1 0.18 1.44337 -0.788185 1.59788 -0.0207907 0.119766 1.50667 -0.0448288 -0.230494 0.396799 0.0633354 0.263091 -0.199715
4 0.18 1.5 0 1.5 0 0 1.57075 0 0 0 0 0 0
5 0.18 40 0.00177741 4
6 0.18 13.8716 -0.0762926 -0.195216 0.809166
0 0.2 1.44438 -0.781097 1.58201 -0.0231337 0.106159 1.52174 -0.0420931 -0.233871 0.628587 0.0968007 0.472005 -0.438536
1 0.2 1.4427 -0.790452 1.60715 -0.021177 0.124628 1.50366 -0.0458087 -0.211684 0.442434 0.0617864 0.238865 -0.185214
4 0.2 1.5 0 1.5 0 0 1.57075 0 0 0 0 0 0
5 0.2 40 0.0020535 4
6 0.2 12.7075 -0.0561112 -0.263966 0.808784
0 0.21 1.44365 -0.784203 1.58984 -0.0226663 0.111924 1.51641 -0.042869 -0.214617 0.693969 0.0782815 0.478117 -0.399993
1 0.21 1.44193 -0.792787 1.6176 -0.0213816 0.130681 1.49987 -0.045906 -0.193945 0.483756 0.05738 0.199208 -0.149518
4 0.21 1.5 0 1.5 0 0 1.57075 0 0 0 0 0 0
5 0.21 40 0.00174928 4
6 0.21 11.2322 -0.0390318 -0.317401 0.799686
0 0.22 1.44308 -0.786524 1.59691 -0.0224824 0.116432 1.51255 -0.0435256 -0.198461 0.749774 0.0601387 0.452948 -0.36468
1 0.22 1.44133 -0.794462 1.6269 -0.0218302 0.134218 1.49745 -0.0461421 -0.178897 0.52306 0.0560659 0.17818 -0.125049
4 0.22 1.5 0 1.5 0 0 1.57075 0 0 0 0 0 0
5 0.22 40 0.00172472 4
6 0.22 10.22 -0.01807 -0.313429 0.765052
0 0.23 1.44243 -0.788795 1.60465 -0.0223781 0.12106 1.50862 -0.0441669 -0.180305 0.813031 0.047297 0.416681 -0.330442
1 0.23 1.44066 -0.796007 1.63717 -0.0221391 0.137427 1.49493 -0.0463644 -0.162244 0.567682 0.0551997 0.156743 -0.0953831
4 0.23 1.5 0 1.5 0 0 1.57075 0 0 0 0 0 0
5 0.23 40 0.00259304 4
6 0.23 9.07557 -0.0024215 -0.296935 0.750447
0 0.25 1.44176 -0.791003 1.61433 -0.0230266 0.127643 1.50313 -0.0450089 -0.159902 0.884724 -0.033234 0.285518 -0.220514
1 0.25 1.43996 -0.797399 1.64972 -0.0255215 0.138857 1.49397 -0.0465957 -0.145706 0.601848 0.0464109 0.106769 -0.10494
4 0.25 1.5 0 1.5 0 0 1.57075 0 0 0 0 0 0
5 0.25 40 0.00139785 3
6 0.25 6.76517 0.0839646 -0.205691 0.368957
0 0.26 1.44107 -0.792834 1.62378 -0.0238719 0.129906 1.5011 -0.0460361 -0.142845 0.946776 -0.0740722 0.203326 -0.17485
1 0.26 1.43923 -0.798548 1.66165 -0.0277736 0.137869 1.49385 -0.0473653 -0.131087 0.643448 0.0462782 0.0988318 -0.119788
4 0.26 1.5 0 1.5 0 0 1.57075 0 0 0 0 0 0
5 0.26 40 0.00227332 3
6 0.26 5.50359 0.131753 -0.120963 0.175766
0 0.27 1.44027 -0.794746 1.63651 -0.0250034 0.131642 1.49933 -0.0469281 -0.119897 1.03058 -0.0870548 0.161482 -0.146594
1 0.27 1.43839 -0.799542 1.67773 -0.0292831 0.137953 1.49326 -0.0478873 -0.111722 0.699243 0.0480337 0.087577 -0.113687
4 0.27 1.5 0 1.5 0 0 1.57075 0 0 0 0 0 0
5 0.27 40 0.00216389 3
6 0.27 3.77417 0.149215 -0.0858516 0.10504
0 0.28 1.43944 -0.796328 1.64972 -0.0257215 0.132441 1.49841 -0.0480486 -0.0958807 1.11874 -0.0919467 0.113282 -0.11713
1 0.28 1.43751 -0.800163 1.69447 -0.0300389 0.136851 1.49356 -0.0485619 -0.0916246 0.757921 0.0501372 0.0787492 -0.0866558
4 0.28 1.5 0 1.5 0 0 1.57075 0 0 0 0 0 0
5 0.28 40 0.00126839 3
6 0.28 1.95231 0.157893 -0.0405138 0.0972782
0 0.3 1.43867 -0.797535 1.66398 -0.0274526 0.133467 1.49666 -0.0484363 -0.0712671 1.20903 -0.0565917 0.0303474 -0.073188
1 0.3 1.43674 -0.800386 1.71234 -0.0301137 0.1346 1.49368 -0.0463592 -0.0872338 0.699187 0.00412165 -0.0784252 -0.392471
4 0.3 1.5 0 1.5 0 0 1.57075 0 0 0 0 0 0
5 0.3 40 0.00374937 7
6 0.3 -7.26093 0.0677509 -0.125141 -1.01931
0 0.31 1.43791 -0.798443 1.67745 -0.0280077 0.133555 1.49582 -0.0491887 -0.0452611 1.30278 -0.020454 0.0017545 -0.0694764
1 0.31 1.43594 -0.800253 1.72956 -0.0291994 0.133547 1.49302 -0.0463152 -0.066838 0.751833 0.00384558 -0.089256 -0.41612
4 0.31 1.5 0 1.5 0 0 1.57075 0 0 0 0 0 0
5 0.31 40 0.00356531 7
6 0.31 -9.80191 0.027179 -0.104536 -1.10666
0 0.32 1.43719 -0.798963 1.69245 -0.0281004 0.133464 1.49514 -0.0500409 -0.0190591 1.39724 0.00549723 -0.00695509 -0.065214
1 0.32 1.43519 -0.799726 1.74834 -0.0282296 0.133113 1.49252 -0.0463906 -0.046444 0.803515 0.0115986 -0.108653 -0.12527
4 0.32 1.5 0 1.5 0 0 1.57075 0 0 0 0 0 0
5 0.32 40 0.00103402 2
6 0.32 -12.4468 0.00686395 -0.11665 -0.191729
0 0.33 1.43627 -0.799288 1.7106 -0.0278391 0.133292 1.49451 -0.0514053 0.00615108 1.49183 0.046586 -0.0225879 -0.0683893
1 0.33 1.43421 -0.799042 1.77028 -0.0263389 0.132313 1.49177 -0.0470326 -0.0272292 0.853697 0.0165899 -0.123152 -0.0619496
4 0.33 1.5 0 1.5 0 0 1.57075 0 0 0 0 0 0
5 0.33 40 0.00157118 2
6 0.33 -15.1919 -0.0334365 -0.115115 0.0205575
0 0.34 1.43551 -0.799273 1.72768 -0.0275316 0.133034 1.49387 -0.0524602 0.0280038 1.57323 0.0482976 -0.0374211 -0.0841611
1 0.34 1.43341 -0.798153 1.79061 -0.0260445 0.131445 1.49052 -0.0474951 -0.0106402 0.895772 0.0173738 -0.131741 -0.0610305
4 0.34 1.5 0 1.5 0 0 1.57075 0 0 0 0 0 0
5 0.34 40 0.00128341 2
6 0.34 -17.6223 -0.0343433 -0.107879 0.0738426
0 0.35 1.4347 -0.799126 1.74478 -0.0272013 0.13238 1.49273 -0.0537403 0.0504101 1.65793 0.0367283 -0.0658422 -0.10837
1 0.35 1.43255 -0.79711 1.8111 -0.0262997 0.129629 1.48844 -0.0482127 0.00649922 0.940007 0.0175416 -0.137607 -0.0688032
4 0.35 1.5 0 1.5 0 0 1.57075 0 0 0 0 0 0
5 0.35 40 0.0011642 2
6 0.35 -20.1217 -0.0208845 -0.0820078 0.126314
0 0.37 1.43384 -0.798521 1.76606 -0.0269983 0.130636 1.49065 -0.0550245 0.0764985 1.76003 0.019329 -0.129233 -0.134801
1 0.37 1.43164 -0.795461 1.83646 -0.026915 0.125323 1.48536 -0.048792 0.026603 0.992882 0.0173936 -0.138984 -0.078352
4 0.37 1.5 0 1.5 0 0 1.57075 0 0 0 0 0 0
5 0.37 40 0.000953436 2
6 0.37 -23.1592 -0.000740447 -0.010972 0.180212
0 0.38 1.43287 -0.797664 1.78924 -0.0272531 0.128274 1.48899 -0.0565575 0.106779 1.88374 -0.0181212 -0.204838 -0.140182
1 0.38 1.4306 -0.793393 1.86459 -0.0286721 0.11993 1.48357 -0.0492652 0.0501873 1.05867 0.0152698 -0.139509 -0.0908566
4 0.38 1.5 0 1.5 0 0 1.57075 0 0 0 0 0 0
5 0.38 40 0.00103068 2
6 0.38 -26.7305 0.0397106 0.0747428 0.157475
0 0.39 1.43215 -0.796641 1.80868 -0.0276954 0.126033 1.48766 -0.0579382 0.129804 1.98236 -0.0330752 -0.230435 -0.136981
1 0.39 1.42983 -0.791449 1.88797 -0.02968 0.116667 1.4824 -0.0496363 0.0681199 1.11025 0.0152584 -0.142043 -0.091076
4 0.39 1.5 0 1.5 0 0 1.57075 0 0 0 0 0 0
5 0.39 40 0.000909567 2
6 0.39 -29.6285 0.056663 0.101038 0.14656
0 0.41 1.43107 -0.795052 1.83616 -0.0287537 0.12165 1.4856 -0.0598022 0.158106 2.11318 -0.05635 -0.25102 -0.113405
1 0.41 1.42868 -0.788728 1.92068 -0.0315267 0.111482 1.48132 -0.0497825 0.0906797 1.17822 -0.000198956 -0.138305 -0.303949
4 0.41 1.5 0 1.5 0 0 1.57075 0 0 0 0 0 0
5 0.41 40 0.00451159 7
6 0.41 -33.4929 0.0651566 0.128791 -0.608295
0 0.42 1.43006 -0.792971 1.86546 -0.0295079 0.119047 1.48463 -0.0620268 0.186445 2.25254 -0.0661472 -0.254647 -0.0978685
1 0.42 1.42758 -0.785513 1.95556 -0.0325859 0.10875 1.48099 -0.0502358 0.112165 1.24992 -0.000776408 -0.145689 -0.279124
4 0.42 1.5 0 1.5 0 0 1.57075 0 0 0 0 0 0
5 0.42 40 0.00241208 7
6 0.42 -37.6587 0.0751826 0.124473 -0.578638
0 0.44 1.42923 -0.791447 1.88743 -0.0313232 0.113203 1.4829 -0.0644504 0.211167 2.3791 -0.0745791 -0.245281 -0.0773312
1 0.44 1.42665 -0.783001 1.98259 -0.034623 0.1033 1.4801 -0.0501112 0.133551 1.31771 -0.00130214 -0.146005 -0.250063
4 0.44 1.5 0 1.5 0 0 1.57075 0 0 0 0 0 0
5 0.44 40 0.00320005 7
6 0.44 -41.2602 0.0835419 0.113423 -0.551424
0 0.45 1.42837 -0.789317 1.9133 -0.0321587 0.11083 1.48208 -0.0670006 0.23581 2.50758 -0.0806953 -0.250439 -0.0880426
1 0.45 1.42569 -0.779885 2.01361 -0.0357424 0.100705 1.47886 -0.0506474 0.152719 1.3845 -0.00167442 -0.153144 -0.229376
4 0.45 1.5 0 1.5 0 0 1.57075 0 0 0 0 0 0
5 0.45 40 0.0028553 7
6 0.45 -45.0538 0.0902209 0.111039 -0.451184
0 0.46 1.42752 -0.787417 1.93705 -0.0326388 0.109551 1.4816 -0.069972 0.258333 2.62857 -0.0897141 -0.259314 -0.0941924
1 0.46 1.42472 -0.777083 2.04219 -0.0366043 0.0990612 1.47815 -0.0519087 0.169683 1.44803 -0.00215281 -0.160873 -0.212962
4 0.46 1.5 0 1.5 0 0 1.57075 0 0 0 0 0 0
5 0.46 40 0.00311041 8
6 0.46 -48.5905 0.0999711 0.112242 -0.379146
0 0.47 1.42663 -0.784894 1.96479 -0.0340951 0.106131 1.48022 -0.0732465 0.279742 2.74884 -0.115218 -0.285021 -0.122082
1 0.47 1.4237 -0.773705 2.07474 -0.0391823 0.0945699 1.4757 -0.0524466 0.187128 1.50831 -0.00328029 -0.163156 -0.20325
4 0.47 1.5 0 1.5 0 0 1.57075 0 0 0 0 0 0
5 0.47 40 0.0031774 8
6 0.47 -52.2726 0.128095 0.138652 -0.25909
0 0.48 1.42551 -0.781901 1.99836 -0.0360809 0.102187 1.47851 -0.0775095 0.300551 2.87561 -0.163985 -0.323111 -0.146413
1 0.48 1.42241 -0.769879 2.11338 -0.0431927 0.0890598 1.47309 -0.0531195 0.204153 1.56907 -0.00525443 -0.16382 -0.191965
4 0.48 1.5 0 1.5 0 0 1.57075 0 0 0 0 0 0
5 0.48 40 0.00386739 7
6 0.48 -56.3211 0.181475 0.180766 -0.145365
0 0.5 1.42439 -0.778562 2.0335 -0.0404274 0.0948058 1.47546 -0.082727 0.318214 3.00242 -0.237655 -0.404595 -0.17625
1 0.5 1.42108 -0.765834 2.1536 -0.0505412 0.0783502 1.46905 -0.0519116 0.221509 1.62851 -0.00767519 -0.157055 -0.167844
4 0.5 1.5 0 1.5 0 0 1.57075 0 0 0 0 0 0
5 0.5 40 0.00382018 8
6 0.5 -60.438 0.26316 0.280534 0.0269463
0 0.51 1.42306 -0.774669 2.07491 -0.0425832 0.0913282 1.47421 -0.0889324 0.336786 3.14801 -0.26956 -0.446037 -0.181952
1 0.51 1.4195 -0.761197 2.20084 -0.0539619 0.0731931 1.46767 -0.0530263 0.235433 1.6919 0.0044979 -0.176179 -0.0424334
4 0.51 1.5 0 1.5 0 0 1.57075 0 0 0 0 0 0
5 0.51 40 0.00196886 3
6 0.51 -65.4844 0.313285 0.305546 0.445551
0 0.52 1.42172 -0.770483 2.1174 -0.0454874 0.0865809 1.47265 -0.0957165 0.355283 3.30486 -0.29276 -0.49402 -0.185891
1 0.52 1.41789 -0.756272 2.2496 -0.0577646 0.0665024 1.46609 -0.0532321 0.250858 1.76313 0.0283542 -0.103367 -0.0041967
4 0.52 1.5 0 1.5 0 0 1.57075 0 0 0 0 0 0
5 0.52 40 0.00162363 4
6 0.52 -70.7339 0.366809 0.443691 0.580223
0 0.54 1.42051 -0.766904 2.15497 -0.0529692 0.0736377 1.46914 -0.103444 0.372471 3.46291 -0.33645 -0.613261 -0.180274
1 0.54 1.41637 -0.752005 2.29348 -0.0668626 0.0487598 1.46323 -0.0476452 0.275645 1.84152 0.0027437 -0.189597 0.198701
4 0.54 1.5 0 1.5 0 0 1.57075 0 0 0 0 0 0
5 0.54 40 0.00163221 3
6 0.54 -75.5861 0.388571 0.481049 1.21011
0 0.55 1.4192 -0.762854 2.19574 -0.0554424 0.0690245 1.46811 -0.111366 0.38847 3.61984 -0.320396 -0.614514 -0.171912
1 0.55 1.41474 -0.747315 2.34054 -0.0686388 0.0441006 1.4626 -0.0481528 0.290907 1.91739 -0.00115597 -0.163874 0.0176114
4 0.55 1.5 0 1.5 0 0 1.57075 0 0 0 0 0 0
5 0.55 40 0.00187826 3
6 0.55 -80.5561 0.365843 0.512461 0.605277
0 0.56 1.41765 -0.758257 2.24405 -0.0582644 0.0631577 1.46683 -0.119176 0.403116 3.7754 -0.233901 -0.569106 -0.162233
1 0.56 1.41288 -0.742133 2.39506 -0.0679463 0.0400542 1.46166 -0.0473461 0.307052 1.99008 -0.00849842 -0.147543 -0.0137787
4 0.56 1.5 0 1.5 0 0 1.57075 0 0 0 0 0 0
5 0.56 40 0.00283051 6
6 0.56 -85.6319 0.259758 0.480521 0.474092
0 0.57 1.41634 -0.754324 2.28428 -0.0604385 0.0566224 1.46538 -0.125481 0.413887 3.89597 -0.133479 -0.500275 -0.143624
1 0.57 1.41132 -0.737769 2.44012 -0.0660342 0.0363009 1.46084 -0.0459951 0.322052 2.03996 -0.00519269 -0.141355 0.0375011
4 0.57 1.5 0 1.5 0 0 1.57075 0 0 0 0 0 0
5 0.57 40 0.00255775 6
6 0.57 -89.9542 0.149419 0.410206 0.578319
0 0.58 1.41482 -0.749971 2.33082 -0.0611733 0.0520651 1.46437 -0.132959 0.42541 4.03253 -0.0308141 -0.434476 -0.12101
1 0.58 1.4095 -0.732955 2.49212 -0.0626023 0.0344226 1.46059 -0.0473587 0.33536 2.0964 -0.00181746 -0.140436 0.0884764
4 0.58 1.5 0 1.5 0 0 1.57075 0 0 0 0 0 0
5 0.58 40 0.00371504 6
6 0.58 -94.8594 0.0367456 0.337049 0.668801
0 0.59 1.4135 -0.746166 2.37038 -0.061036 0.0489609 1.46369 -0.139376 0.433818 4.14179 0.0336544 -0.402672 -0.11016
1 0.59 1.40793 -0.728814 2.53605 -0.0598572 0.0326153 1.46027 -0.0499038 0.344887 2.14008 0.000481152 -0.143411 0.122154
4 0.59 1.5 0 1.5 0 0 1.57075 0 0 0 0 0 0
5 0.59 40 0.00249958 5
6 0.59 -98.8726 -0.033489 0.297763 0.741645
0 0.61 1.41107 -0.739588 2.44235 -0.0584966 0.0411803 1.46217 -0.149017 0.444235 4.30762 0.173725 -0.320899 -0.0704515
1 0.61 1.40511 -0.721818 2.61466 -0.0516326 0.0282015 1.4601 -0.0565543 0.362918 2.1966 0.00586422 -0.154728 0.208709
4 0.61 1.5 0 1.5 0 0 1.57075 0 0 0 0 0 0
5 0.61 40 0.00227332 5
6 0.61 -105.536 -0.185972 0.191666 0.891156
0 0.62 1.40899 -0.733943 2.50269 -0.0564367 0.038113 1.46176 -0.157414 0.451223 4.44077 0.218242 -0.306682 -0.0548473
1 0.62 1.40269 -0.715894 2.68032 -0.0477642 0.0257415 1.46026 -0.0633447 0.371603 2.24116 0.00746211 -0.149703 0.228517
4 0.62 1.5 0 1.5 0 0 1.57075 0 0 0 0 0 0
5 0.62 40 0.00235248 5
6 0.62 -110.948 -0.234468 0.181098 0.904566
0 0.63 1.40738 -0.729915 2.54925 -0.054641 0.0358892 1.46158 -0.165138 0.455312 4.55579 0.244987 -0.301136 -0.0347934
1 0.63 1.40078 -0.711702 2.73148 -0.0448678 0.0237858 1.46085 -0.0702373 0.377017 2.28383 0.00844765 -0.142562 0.235248
4 0.63 1.5 0 1.5 0 0 1.57075 0 0 0 0 0 0
5 0.63 40 0.0031755 5
6 0.63 -115.369 -0.263808 0.182642 0.862023
0 0.64 1.40556 -0.725352 2.60031 -0.0513862 0.0321485 1.46152 -0.172585 0.457912 4.66704 0.264893 -0.306928 -0.0103619
1 0.64 1.39865 -0.707036 2.78699 -0.0407835 0.0198662 1.46174 -0.0794878 0.384481 2.32062 0.00923623 -0.136486 0.264038
4 0.64 1.5 0 1.5 0 0 1.57075 0 0 0 0 0 0
5 0.64 40 0.00266504 6
6 0.64 -119.904 -0.285796 0.19578 0.875928
0 0.66 1.40325 -0.719977 2.66549 -0.0466867 0.0265204 1.46211 -0.180344 0.459344 4.78544 0.271449 -0.346814 0.0385678
1 0.66 1.39603 -0.701604 2.85691 -0.0357707 0.0127349 1.4643 -0.0913643 0.395157 2.35146 0.00941369 -0.150145 0.373055
4 0.66 1.5 0 1.5 0 0 1.57075 0 0 0 0 0 0
5 0.66 41 0.00243497 6
6 0.66 -125.227 -0.294288 0.224775 1.06774
0 0.67 1.40103 -0.71484 2.72615 -0.0433502 0.0219974 1.46296 -0.187053 0.45933 4.88823 0.266887 -0.377853 0.0655308
1 0.67 1.39354 -0.696466 2.92168 -0.0326027 0.00701106 1.46623 -0.100562 0.403018 2.37428 0.00857673 -0.179099 0.591404
4 0.67 1.5 0 1.5 0 0 1.57075 0 0 0 0 0 0
5 0.67 43 0.00325036 6
6 0.67 -130.098 -0.291051 0.226584 1.67873
0 0.68 1.39861 -0.709632 2.79364 -0.0413497 0.0190996 1.46368 -0.192936 0.458418 4.99015 0.266771 -0.397673 0.0876388
1 0.68 1.39089 -0.691295 2.99325 -0.0305994 0.00335117 1.46784 -0.106735 0.406795 2.39321 0.00855277 -0.191085 0.584164
4 0.68 1.5 0 1.5 0 0 1.57075 0 0 0 0 0 0
5 0.68 44 0.00462341 9
6 0.68 -135.168 -0.291773 0.235084 1.58504
0 0.69 1.396 -0.704104 2.86382 -0.0380335 0.0139272 1.46521 -0.198691 0.453828 5.08109 0.263931 -0.433516 0.123239
1 0.69 1.38806 -0.685951 3.06706 -0.0273985 -0.0032135 1.4708 -0.115484 0.412972 2.40125 -0.000886618 -0.307023 0.80746
4 0.69 1.5 0 1.5 0 0 1.57075 0 0 0 0 0 0
5 0.69 46 0.00417137 9
6 0.69 -140.221 -0.300677 0.14243 2.18425
0 0.71 1.39423 -0.700496 2.91363 -0.0341964 0.0072475 1.46779 -0.202427 0.449325 5.14308 0.255361 -0.459312 0.167292
1 0.71 1.38613 -0.682523 3.11935 -0.0239289 -0.0108855 1.47511 -0.124391 0.424176 2.40614 0.0198439 -0.39943 0.899182
4 0.71 1.5 0 1.5 0 0 1.57075 0 0 0 0 0 0
5 0.71 47 0.00500274 11
6 0.71 -143.691 -0.269808 0.0651613 2.33643
0 0.72 1.39187 -0.695728 2.97733 -0.0305928 7.20362e-05 1.47111 -0.206513 0.443428 5.21018 0.232955 -0.505918 0.22905
1 0.72 1.38361 -0.677991 3.18574 -0.0212739 -0.019875 1.48088 -0.133105 0.435911 2.40649 0.144781 -0.61598 0.648869
4 0.72 1.5 0 1.5 0 0 1.57075 0 0 0 0 0 0
5 0.72 49 0.00624895 14
6 0.72 -147.761 -0.108139 -0.130702 1.34014
0 0.73 1.38971 -0.691534 3.0378 -0.0294541 -0.00249075 1.47241 -0.20963 0.436493 5.26496 0.228225 -0.514655 0.244202
1 0.73 1.38133 -0.674074 3.24839 -0.0203509 -0.0227804 1.48278 -0.136872 0.435472 2.41159 0.0381152 0.0380789 0.126099
4 0.73 1.5 0 1.5 0 0 1.57075 0 0 0 0 0 0
5 0.73 50 0.00952458 20
6 0.73 -150.8 -0.222996 0.629542 -0.377179
0 0.74 1.38735 -0.686983 3.10139 -0.0267331 -0.00917055 1.47613 -0.212426 0.429156 5.31374 0.21376 -0.547844 0.29841
1 0.74 1.37885 -0.669817 3.31394 -0.0182975 -0.0307574 1.48865 -0.142383 0.445979 2.37319 0.23978 -0.498523 1.27064
4 0.74 1.5 0 1.5 0 0 1.57075 0 0 0 0 0 0
5 0.74 50 0.00849152 17
6 0.74 -156.137 0.0157393 0.0512969 3.10373
0 0.75 1.38526 -0.683145 3.16093 -0.0242453 -0.0161252 1.4804 -0.214417 0.423049 5.35479 0.198584 -0.579363 0.350759
1 0.75 1.37668 -0.666223 3.37513 -0.0165372 -0.0389527 1.49499 -0.147975 0.459037 2.368 -0.117003 -0.517294 1.38942
4 0.75 1.5 0 1.5 0 0 1.57075 0 0 0 0 0 0
5 0.75 50 0.00702119 16
6 0.75 -158.973 -0.369738 0.0654354 3.31578
0 0.77 1.38275 -0.67856 3.22979 -0.021081 -0.0279863 1.48847 -0.216788 0.415131 5.40133 0.136704 -0.616594 0.415616
1 0.77 1.37408 -0.661955 3.44584 -0.0160927 -0.0522942 1.50562 -0.155129 0.484302 2.36521 0.274769 -0.848421 1.24898
4 0.77 1.5 0 1.5 0 0 1.57075 0 0 0 0 0 0
5 0.77 50 0.00659823 14
6 0.77 -162.027 0.133518 -0.270692 2.66041
0 0.78 1.37986 -0.673509 3.31166 -0.0205408 -0.03112 1.49071 -0.219223 0.403453 5.45981 0.116161 -0.608608 0.419068
1 0.78 1.37109 -0.65737 3.53005 -0.0164317 -0.0551149 1.50798 -0.15663 0.483501 2.3434 -0.270042 -0.434875 1.28654
4 0.78 1.5 0 1.5 0 0 1.57075 0 0 0 0 0 0
5 0.78 50 0.00667143 12
6 0.78 -166.961 -0.45299 0.19529 2.76932
0 0.79 1.3774 -0.669291 3.37855 -0.0196628 -0.0398398 1.49726 -0.22097 0.392989 5.50679 0.0546408 -0.604043 0.441427
1 0.79 1.36856 -0.653571 3.59882 -0.0181997 -0.0636496 1.51541 -0.158305 0.499413 2.3362 -0.136042 -1.25553 1.67121
4 0.79 1.5 0 1.5 0 0 1.57075 0 0 0 0 0 0
5 0.79 50 0.00541067 12
6 0.79 -170.332 -0.235169 -0.749468 3.92605
0 0.8 1.37586 -0.666751 3.42451 -0.0194996 -0.0444794 1.50091 -0.221903 0.382923 5.53635 0.0355739 -0.616202 0.462966
1 0.8 1.36698 -0.651434 3.64597 -0.0189221 -0.0687617 1.51993 -0.158665 0.503445 2.34353 -0.129499 -0.921476 1.84563
4 0.8 1.5 0 1.5 0 0 1.57075 0 0 0 0 0 0
5 0.8 50 0.0095644 14
6 0.8 -171.729 -0.20804 -0.351614 4.41414
0 0.82 1.37375 -0.663372 3.4836 -0.0197464 -0.056858 1.51121 -0.222541 0.370721 5.57027 0.000783626 -0.664478 0.55144
1 0.82 1.36485 -0.648543 3.70641 -0.0210002 -0.0829964 1.53382 -0.156452 0.529663 2.32128 0.171432 -0.861906 1.82557
4 0.82 1.5 0 1.5 0 0 1.57075 0 0 0 0 0 0
5 0.82 50 0.00660062 15
6 0.82 -175.284 0.160964 -0.22655 4.06765
0 0.83 1.37171 -0.660237 3.54556 -0.0202293 -0.0636138 1.51711 -0.223063 0.360151 5.60528 -0.016219 -0.69674 0.578696
1 0.83 1.36278 -0.645831 3.76978 -0.0223882 -0.0910095 1.54086 -0.153636 0.543594 2.27875 -0.177962 0.075135 1.48454
4 0.83 1.5 0 1.5 0 0 1.57075 0 0 0 0 0 0
5 0.83 50 0.00703406 11
6 0.83 -180.117 -0.21396 0.886368 2.89191
0 0.84 1.36917 -0.656432 3.61875 -0.0208564 -0.0705856 1.52333 -0.223531 0.346779 5.64296 -0.0212749 -0.718316 0.605052
1 0.84 1.36023 -0.642561 3.84447 -0.0234605 -0.0988072 1.54819 -0.151754 0.55294 2.28981 -0.360635 -0.196936 1.52121
4 0.84 1.5 0 1.5 0 0 1.57075 0 0 0 0 0 0
5 0.84 50 0.00674653 13
6 0.84 -181.839 -0.415267 0.599259 2.92485
0 0.85 1.36689 -0.653209 3.68842 -0.0216299 -0.0779847 1.53014 -0.223312 0.331927 5.67437 -0.0309748 -0.74744 0.660732
1 0.85 1.35796 -0.639932 3.9154 -0.0249842 -0.107304 1.5573 -0.148763 0.563448 2.28288 -0.243584 -1.02405 2.22183
4 0.85 1.5 0 1.5 0 0 1.57075 0 0 0 0 0 0
5 0.85 50 0.00599575 11
6 0.85 -184.298 -0.278291 -0.315661 4.98383
0 0.86 1.36447 -0.649885 3.75889 -0.0225406 -0.0851463 1.5369 -0.223275 0.316277 5.70333 -0.0373836 -0.767315 0.69612
1 0.86 1.35554 -0.637234 3.98703 -0.026471 -0.115203 1.56554 -0.144249 0.578203 2.21257 -0.0258109 0.0386499 1.83706
4 0.86 1.5 0 1.5 0 0 1.57075 0 0 0 0 0 0
5 0.86 50 0.00557995 9
6 0.86 -190.513 -0.030748 0.92686 3.6425
0 0.87 1.36269 -0.647597 3.81548 -0.0237723 -0.0938681 1.54521 -0.222821 0.301045 5.72197 -0.0450604 -0.807572 0.744887
1 0.87 1.35377 -0.635555 4.04436 -0.0284513 -0.125454 1.5759 -0.140923 0.592407 2.2135 -0.470009 -0.320984 1.97276
4 0.87 1.5 0 1.5 0 0 1.57075 0 0 0 0 0 0
5 0.87 50 0.00578094 10
6 0.87 -191.757 -0.52469 0.561057 3.92002
0 0.89 1.36019 -0.644557 3.88935 -0.0262785 -0.109154 1.56043 -0.222774 0.280736 5.74533 -0.0561933 -0.850748 0.811421
1 0.89 1.35128 -0.633327 4.11916 -0.0321799 -0.14232 1.59397 -0.134369 0.631155 2.14719 -0.333685 -0.288285 1.94504
4 0.89 1.5 0 1.5 0 0 1.57075 0 0 0 0 0 0
5 0.89 50 0.00696754 13
6 0.89 -197.595 -0.36696 0.649109 3.61912
0 0.9 1.35719 -0.641371 3.985 -0.0280796 -0.118468 1.57005 -0.220941 0.252598 5.7574 -0.0675194 -0.874511 0.8471
1 0.9 1.34835 -0.631267 4.21529 -0.0349287 -0.152483 1.60515 -0.128111 0.641942 2.09332 -0.0521544 0.137659 1.98305
4 0.9 1.5 0 1.5 0 0 1.57075 0 0 0 0 0 0
5 0.9 50 0.00540566 8
6 0.9 -201.885 -0.0434105 1.16603 3.62658
0 0.91 1.35498 -0.639155 4.05217 -0.0301652 -0.128275 1.58047 -0.220164 0.232425 5.7683 -0.0773506 -0.910124 0.907578
1 0.91 1.34617 -0.629858 4.2829 -0.0380813 -0.163568 1.61816 -0.123223 0.661956 2.0532 -0.144917 0.193487 2.08829
4 0.91 1.5 0 1.5 0 0 1.57075 0 0 0 0 0 0
5 0.91 50 0.00465131 7
6 0.91 -205.295 -0.143174 1.27202 3.7695
0 0.93 1.3527 -0.637206 4.12812 -0.0338808 -0.144296 1.59789 -0.219467 0.209533 5.78351 -0.0800272 -0.957936 0.968877
1 0.93 1.34392 -0.628825 4.35946 -0.0428986 -0.181279 1.63834 -0.117301 0.702406 2.01943 -0.166514 0.623528 1.90666
4 0.93 1.5 0 1.5 0 0 1.57075 0 0 0 0 0 0
5 0.93 50 0.00579238 8
6 0.93 -208.804 -0.172698 1.82088 2.99395
0 0.94 1.35074 -0.635649 4.1897 -0.0362617 -0.15381 1.6084 -0.219144 0.190085 5.79663 -0.0820597 -0.981059 1.00474
1 0.94 1.34197 -0.628046 4.42157 -0.0459913 -0.191569 1.65049 -0.113753 0.723958 1.98864 0.601704 0.274427 2.25908
4 0.94 1.5 0 1.5 0 0 1.57075 0 0 0 0 0 0
5 0.94 50 0.0044167 8
6 0.94 -211.843 0.68443 1.44729 4.00457
0 0.95 1.34801 -0.633965 4.28053 -0.039387 -0.165473 1.62183 -0.219064 0.160918 5.81794 -0.0873514 -1.01665 1.06495
1 0.95 1.33925 -0.627528 4.51325 -0.0502568 -0.20443 1.66661 -0.109698 0.749248 1.94059 0.0325622 0.465435 1.56722
4 0.95 1.5 0 1.5 0 0 1.57075 0 0 0 0 0 0
5 0.95 50 0.00336432 6
6 0.95 -216.577 0.0456014 1.70814 1.60359
0 0.96 1.34598 -0.632839 4.34445 -0.0416246 -0.173276 1.63094 -0.219154 0.139362 5.83265 -0.0901027 -1.0363 1.09703
1 0.96 1.33721 -0.627265 4.57776 -0.0532046 -0.212866 1.6772 -0.107138 0.766007 1.90499 -0.34813 0.70435 1.8524
4 0.96 1.5 0 1.5 0 0 1.57075 0 0 0 0 0 0
5 0.96 50 0.00427318 8
6 0.96 -220.017 -0.381711 2.00528 2.41161
0 0.98 1.34376 -0.632028 4.41986 -0.0483004 -0.195451 1.65762 -0.218926 0.107372 5.84281 -0.0787288 -1.09041 1.18285
1 0.98 1.33501 -0.627733 4.65357 -0.0612227 -0.236732 1.70794 -0.104799 0.827764 1.87535 0.484361 0.499078 2.39752
4 0.98 1.5 0 1.5 0 0 1.57075 0 0 0 0 0 0
5 0.98 50 0.00353932 7
6 0.98 -223.483 0.524531 1.83138 3.87793
0 0.99 1.34165 -0.631455 4.48646 -0.0500023 -0.200775 1.66428 -0.219086 0.0788846 5.85286 -0.0805855 -1.09938 1.19892
1 0.99 1.33288 -0.6283 4.72058 -0.0634209 -0.242298 1.7154 -0.103755 0.829898 1.83929 -0.598865 0.917187 1.91976
4 0.99 1.5 0 1.5 0 0 1.57075 0 0 0 0 0 0
5 0.99 50 0.00359607 7
6 0.99 -226.626 -0.687734 2.32166 2.30136
0 1 1.33949 -0.63144 4.56289 -0.0545393 -0.214203 1.68132 -0.219388 0.0478939 5.86852 -0.0797296 -1.1261 1.24796
1 1 1.33072 -0.629524 4.79763 -0.0691058 -0.256458 1.73485 -0.103716 0.86359 1.80801 -0.58691 0.168356 1.82461
4 1 1.5 0 1.5 0 0 1.57075 0 0 0 0 0 0
5 1 50 0.00419021 6
6 1 -230.269 -0.682454 1.49341 1.84104
0 1.01 1.33731 -0.631579 4.6341 -0.0590146 -0.22702 1.6979 -0.219694 0.0176275 5.88238 -0.0683071 -1.15494 1.29789
1 1.01 1.32852 -0.630874 4.8694 -0.0743481 -0.270075 1.75389 -0.105315 0.895199 1.78442 -0.496066 0.640776 1.80372
4 1.01 1.5 0 1.5 0 0 1.57075 0 0 0 0 0 0
5 1.01 50 0.00303912 6
6 1.01 -233.349 -0.601251 2.06762 1.61493
0 1.03 1.3355 -0.63216 4.70021 -0.067084 -0.248727 1.7271 -0.219277 -0.0149796 5.89016 -0.0623764 -1.19463 1.36841
1 1.03 1.32673 -0.63276 4.93582 -0.0842636 -0.292736 1.78676 -0.111563 0.959187 1.77503 -0.430543 1.36019 2.0574
4 1.03 1.5 0 1.5 0 0 1.57075 0 0 0 0 0 0
5 1.03 50 0.00617957 11
6 1.03 -235.787 -0.545678 2.93829 2.1997
0 1.04 1.33384 -0.632807 4.75609 -0.0703413 -0.256938 1.7385 -0.218807 -0.0430418 5.89725 -0.0567767 -1.20719 1.39211
1 1.04 1.32508 -0.634529 4.99198 -0.0880988 -0.301192 1.79944 -0.113476 0.978319 1.73903 -1.13982 1.50263 1.5436
4 1.04 1.5 0 1.5 0 0 1.57075 0 0 0 0 0 0
5 1.04 50 0.0073688 15
6 1.04 -239.076 -1.34931 3.11559 0.483704
0 1.05 1.33119 -0.634815 4.85356 -0.0751044 -0.268595 1.75481 -0.218326 -0.0861604 5.919 -0.0451708 -1.21615 1.4172
1 1.05 1.32245 -0.638261 5.09032 -0.093475 -0.31285 1.81722 -0.116621 1.01284 1.66881 -0.672797 2.27147 1.08403
4 1.05 1.5 0 1.5 0 0 1.57075 0 0 0 0 0 0
5 1.05 50 0.00698519 12
6 1.05 -245.77 -0.843251 4.00673 -1.06357
0 1.06 1.3288 -0.636752 4.93426 -0.080719 -0.281876 1.77382 -0.217352 -0.124364 5.93444 -0.0328594 -1.24601 1.45767
1 1.06 1.32011 -0.641726 5.17164 -0.100027 -0.326853 1.83851 -0.124393 1.03521 1.68477 -0.887705 0.751274 2.19606
4 1.06 1.5 0 1.5 0 0 1.57075 0 0 0 0 0 0
5 1.06 50 0.00762987 15
6 1.06 -246.769 -1.10508 2.29551 2.35735
0 1.08 1.32704 -0.638944 5.00357 -0.0896224 -0.301329 1.80274 -0.216328 -0.163774 5.93529 -0.0440748 -1.24582 1.51266
1 1.08 1.31839 -0.645495 5.24098 -0.111501 -0.345546 1.87051 -0.137589 1.10317 1.63381 -1.23961 0.987344 2.51182
4 1.08 1.5 0 1.5 0 0 1.57075 0 0 0 0 0 0
5 1.08 50 0.00681925 10
6 1.08 -251.739 -1.49186 2.56769 3.18989
0 1.09 1.32514 -0.64136 5.07028 -0.0970365 -0.314012 1.82431 -0.215715 -0.200819 5.93684 -0.0909003 -1.09524 1.54137
1 1.09 1.31651 -0.649393 5.30776 -0.121979 -0.351642 1.89329 -0.14704 1.12423 1.64777 -1.22014 0.409433 3.37513
4 1.09 1.5 0 1.5 0 0 1.57075 0 0 0 0 0 0
5 1.09 50 0.00931287 19
6 1.09 -252.127 -1.40161 1.73796 5.8544
0 1.1 1.32367 -0.644016 5.13161 -0.101768 -0.319898 1.83717 -0.213371 -0.242172 5.93489 -0.100252 -0.915002 1.54599
1 1.1 1.31514 -0.653703 5.369 -0.12739 -0.350026 1.90589 -0.148048 1.12836 1.60316 -1.15336 0.916243 3.10299
4 1.1 1.5 0 1.5 0 0 1.57075 0 0 0 0 0 0
5 1.1 50 0.00645924 11
6 1.1 -255.501 -1.29405 2.11388 4.97081
0 1.11 1.32227 -0.646535 5.18366 -0.108079 -0.326022 1.85421 -0.21163 -0.276659 5.93572 -0.0809647 -0.736333 1.56137
1 1.11 1.3138 -0.657602 5.42109 -0.133384 -0.348566 1.92311 -0.150368 1.13964 1.57194 -1.42167 1.28418 4.52138
4 1.11 1.5 0 1.5 0 0 1.57075 0 0 0 0 0 0
5 1.11 50 0.0067575 12
6 1.11 -258.28 -1.59417 2.32866 9.4499
0 1.12 1.32082 -0.650014 5.24673 -0.114385 -0.331192 1.87172 -0.209694 -0.313142 5.94432 -0.0617682 -0.689059 1.58218
1 1.12 1.31243 -0.66254 5.4845 -0.139557 -0.351351 1.94153 -0.152649 1.1602 1.50889 -1.28283 1.34786 6.27067
4 1.12 1.5 0 1.5 0 0 1.57075 0 0 0 0 0 0
5 1.12 50 0.00378513 7
6 1.12 -263.589 -1.45544 2.34511 14.968
0 1.14 1.31745 -0.658863 5.38609 -0.128866 -0.341616 1.91255 -0.204535 -0.398565 5.95963 -0.0312707 -0.656808 1.64953
1 1.14 1.30927 -0.674805 5.62448 -0.154583 -0.359191 1.98558 -0.161536 1.17442 1.4396 -0.906982 1.63544 8.57691
4 1.14 1.5 0 1.5 0 0 1.57075 0 0 0 0 0 0
5 1.14 50 0.00440049 8
6 1.14 -270.566 -1.06847 2.63423 22.1157
0 1.16 1.31529 -0.665332 5.47271 -0.139829 -0.348722 1.94418 -0.200587 -0.454203 5.96581 -0.00450191 -0.656443 1.70277
1 1.16 1.30727 -0.6835 5.71134 -0.165862 -0.365231 2.01984 -0.171886 1.20052 1.36462 -0.295999 1.44256 10.5933
4 1.16 1.5 0 1.5 0 0 1.57075 0 0 0 0 0 0
5 1.16 50 0.00239754 4
6 1.16 -277.002 -0.417599 2.40887 28.3829
0 1.17 1.31389 -0.670882 5.54109 -0.146395 -0.352829 1.96338 -0.196292 -0.502121 5.96498 0.00614993 -0.670965 1.73484
1 1.17 1.30604 -0.690967 5.77968 -0.172871 -0.369258 2.04071 -0.178064 1.19659 1.32939 -0.422015 1.67253 11.4555
4 1.17 1.5 0 1.5 0 0 1.57075 0 0 0 0 0 0
5 1.17 50 0.00178981 3
6 1.17 -279.951 -0.574302 2.68786 31.0331
0 1.19 1.31188 -0.678534 5.62528 -0.158239 -0.360009 1.99802 -0.19147 -0.560642 5.96373 0.0185499 -0.70726 1.80089
1 1.19 1.30422 -0.70096 5.86383 -0.185952 -0.376595 2.07879 -0.194853 1.21427 1.27611 -0.314093 1.57869 12.9361
4 1.19 1.5 0 1.5 0 0 1.57075 0 0 0 0 0 0
5 1.19 50 0.00417066 9
6 1.19 -284.66 -0.476394 2.61996 35.5492
0 1.2 1.31043 -0.68643 5.70503 -0.165608 -0.364386 2.01942 -0.186508 -0.612629 5.96602 0.0277433 -0.732622 1.8443
1 1.2 1.30297 -0.710936 5.94367 -0.194094 -0.381128 2.10246 -0.205002 1.22176 1.21911 -0.392656 1.39283 13.4634
4 1.2 1.5 0 1.5 0 0 1.57075 0 0 0 0 0 0
5 1.2 50 0.00384378 6
6 1.2 -289.415 -0.580923 2.43433 37.0939
0 1.21 1.30854 -0.695948 5.793 -0.176083 -0.370349 2.05002 -0.180592 -0.671087 5.96613 0.040057 -0.744104 1.87722
1 1.21 1.30132 -0.722792 6.03164 -0.205208 -0.386499 2.13491 -0.223056 1.23055 1.17724 -0.320758 1.3311 15.374
4 1.21 1.5 0 1.5 0 0 1.57075 0 0 0 0 0 0
5 1.21 50 0.00180435 2
6 1.21 -293.407 -0.517991 2.37469 43.0884
0 1.23 1.30731 -0.705389 5.87373 -0.191051 -0.378319 2.09341 -0.174646 -0.722852 5.9687 0.0498634 -0.776593 1.94544
1 1.23 1.30032 -0.734303 6.11248 -0.221768 -0.394041 2.18197 -0.254667 1.26504 1.14197 -0.348496 1.26979 16.6326
4 1.23 1.5 0 1.5 0 0 1.57075 0 0 0 0 0 0
5 1.23 50 0.00169969 2
6 1.23 -297.686 -0.569322 2.33981 46.8888
0 1.24 1.30611 -0.713713 5.94089 -0.19705 -0.381333 2.11072 -0.169136 -0.766651 5.96942 0.0583596 -0.789414 1.97222
1 1.24 1.29934 -0.74438 6.17967 -0.228213 -0.396854 2.20073 -0.262757 1.20058 1.24862 -0.214787 2.05827 6.11908
4 1.24 1.5 0 1.5 0 0 1.57075 0 0 0 0 0 0
5 1.24 50 0.00922847 20
6 1.24 -291.268 -0.432991 3.25766 13.2388
0 1.25 1.30519 -0.722982 6.0117 -0.206711 -0.386029 2.13868 -0.162029 -0.816407 5.96474 0.0703807 -0.813224 2.01713
1 1.25 1.29871 -0.755638 6.25029 -0.238703 -0.401305 2.23113 -0.281818 1.18759 1.25691 0.397543 1.69129 4.65171
4 1.25 1.5 0 1.5 0 0 1.57075 0 0 0 0 0 0
5 1.25 50 0.0113881 20
6 1.25 -291.522 0.231869 2.86171 8.41081
0 1.26 1.30404 -0.733066 6.08368 -0.212744 -0.388859 2.15637 -0.154658 -0.867308 5.95954 0.0832941 -0.82599 2.04743
1 1.26 1.29785 -0.767759 6.32206 -0.245069 -0.403862 2.25042 -0.294718 1.19871 1.17582 -1.41309 2.65055 5.08029
4 1.26 1.5 0 1.5 0 0 1.57075 0 0 0 0 0 0
5 1.26 50 0.0111091 20
6 1.26 -297.373 -1.81267 3.97457 9.68236
0 1.28 1.30318 -0.745904 6.16898 -0.229201 -0.396064 2.20461 -0.145822 -0.922202 5.96136 0.110923 -0.848955 2.11844
1 1.28 1.29735 -0.782792 6.40744 -0.262498 -0.409881 2.30242 -0.339735 1.22841 1.15022 -0.928634 2.95178 6.27532
4 1.28 1.5 0 1.5 0 0 1.57075 0 0 0 0 0 0
5 1.28 50 0.0125098 20
6 1.28 -301.235 -1.31029 4.34118 13.2708
0 1.29 1.30218 -0.758538 6.24866 -0.239665 -0.400301 2.23549 -0.136897 -0.974739 5.95987 0.126024 -0.867574 2.146
1 1.29 1.2967 -0.797527 6.48706 -0.273394 -0.413635 2.33498 -0.375046 1.2933 1.0015 -0.832523 1.32967 6.19215
4 1.29 1.5 0 1.5 0 0 1.57075 0 0 0 0 0 0
5 1.29 50 0.0110173 20
6 1.29 -312.607 -1.22484 2.49852 12.9172
0 1.3 1.30175 -0.769728 6.31653 -0.243884 -0.401931 2.24797 -0.124749 -1.0269 5.94974 0.131018 -0.870394 2.15579
1 1.3 1.29676 -0.810804 6.55452 -0.277786 -0.414894 2.34803 -0.376374 1.2382 1.03345 -1.55457 1.60202 6.03359
4 1.3 1.5 0 1.5 0 0 1.57075 0 0 0 0 0 0
5 1.3 50 0.00801539 15
6 1.3 -310.263 -2.03952 2.81323 12.3797
0 1.31 1.30128 -0.779378 6.37206 -0.252411 -0.40504 2.27312 -0.115026 -1.06939 5.94167 0.146955 -0.882151 2.20257
1 1.31 1.29668 -0.822153 6.60972 -0.286888 -0.417206 2.37553 -0.404093 1.27289 0.943541 -0.647411 0.572107 6.84104
4 1.31 1.5 0 1.5 0 0 1.57075 0 0 0 0 0 0
5 1.31 50 0.00909734 15
6 1.31 -316.98 -1.04777 1.64166 14.8082
0 1.32 1.30106 -0.792483 6.44398 -0.265633 -0.409393 2.31258 -0.101395 -1.12423 5.93057 0.170015 -0.898539 2.25334
1 1.32 1.29701 -0.837452 6.68121 -0.300665 -0.420412 2.41767 -0.44608 1.2829 0.911473 -0.952577 0.751295 7.08685
4 1.32 1.5 0 1.5 0 0 1.57075 0 0 0 0 0 0
5 1.32 50 0.0101724 16
6 1.32 -320.141 -1.42171 1.86112 15.4308
0 1.33 1.30078 -0.803566 6.50198 -0.272106 -0.411316 2.33224 -0.0903929 -1.16828 5.92142 0.186877 -0.897883 2.27664
1 1.33 1.29716 -0.850297 6.73884 -0.307102 -0.421435 2.43846 -0.472949 1.32691 0.783278 -1.49336 0.67443 7.36067
4 1.33 1.5 0 1.5 0 0 1.57075 0 0 0 0 0 0
5 1.33 50 0.00561047 9
6 1.33 -329.24 -2.04726 1.76866 16.2306
0 1.35 1.30084 -0.816342 6.56666 -0.289664 -0.415755 2.38639 -0.076636 -1.22011 5.90663 0.211537 -0.907317 2.33984
1 1.35 1.29777 -0.865147 6.80292 -0.325378 -0.423803 2.49577 -0.526808 1.25596 0.927552 -1.46021 1.5593 5.46837
4 1.35 1.5 0 1.5 0 0 1.57075 0 0 0 0 0 0
5 1.35 50 0.0105836 18
6 1.35 -320.444 -2.0442 2.78895 9.98759
0 1.36 1.30079 -0.828292 6.62422 -0.296723 -0.417206 2.40844 -0.0641199 -1.26581 5.89375 0.225846 -0.911433 2.36746
1 1.36 1.29823 -0.878925 6.85997 -0.332553 -0.424382 2.51915 -0.547496 1.23096 0.921154 -0.361802 1.87042 5.13569
4 1.36 1.5 0 1.5 0 0 1.57075 0 0 0 0 0 0
5 1.36 50 0.00760341 13
6 1.36 -320.88 -0.834046 3.14733 8.83734
0 1.37 1.30121 -0.843071 6.69241 -0.307607 -0.419121 2.44235 -0.0508987 -1.3124 5.8895 0.241396 -0.913015 2.39182
1 1.37 1.29917 -0.895567 6.92799 -0.343501 -0.42496 2.55428 -0.60684 1.31232 0.750161 -2.23389 1.38873 5.49996
4 1.37 1.5 0 1.5 0 0 1.57075 0 0 0 0 0 0
5 1.37 50 0.00738549 15
6 1.37 -333.977 -2.94826 2.59295 9.92249
0 1.38 1.30156 -0.860348 6.76897 -0.318792 -0.420697 2.47782 -0.0346975 -1.36642 5.88137 0.271672 -0.91983 2.43376
1 1.38 1.30017 -0.915004 7.00423 -0.354445 -0.425125 2.59173 -0.642325 1.26024 0.802275 -1.31074 2.30868 5.42686
4 1.38 1.5 0 1.5 0 0 1.57075 0 0 0 0 0 0
5 1.38 50 0.00403976 8
6 1.38 -331.167 -1.95371 3.6493 9.55521
0 1.39 1.30223 -0.874513 6.82996 -0.325439 -0.421408 2.49938 -0.0198814 -1.41183 5.87109 0.291597 -0.924449 2.46041
1 1.39 1.30144 -0.930987 7.0648 -0.360875 -0.424979 2.61453 -0.683413 1.31347 0.651818 -0.129066 0.0784193 12.1292
4 1.39 1.5 0 1.5 0 0 1.57075 0 0 0 0 0 0
5 1.39 50 0.00351143 5
6 1.39 -341.939 -0.656756 1.09111 30.8674
0 1.4 1.30283 -0.889118 6.8905 -0.334317 -0.422089 2.52832 -0.00476942 -1.45754 5.85999 0.301835 -0.924555 2.48663
1 1.4 1.30264 -0.94742 7.1249 -0.369888 -0.424387 2.64462 -0.732885 1.34424 0.550925 4.76042 0.69962 -0.433085
4 1.4 1.5 0 1.5 0 0 1.57075 0 0 0 0 0 0
5 1.4 50 0.00571656 10
6 1.4 -349.467 4.80066 1.8012 -9.32151
0 1.41 1.30352 -0.900363 6.93677 -0.343193 -0.422381 2.55762 0.0111499 -1.50041 5.83739 0.32199 -0.920794 2.52154
1 1.41 1.30397 -0.96038 7.17027 -0.37857 -0.423126 2.67534 -0.755963 1.27273 0.619036 0.497329 -0.00681667 16.4982
4 1.41 1.5 0 1.5 0 0 1.57075 0 0 0 0 0 0
5 1.41 50 0.0101104 20
6 1.41 -344.139 0.00624593 0.981284 44.6203
0 1.42 1.30438 -0.91592 6.99706 -0.354372 -0.422246 2.59539 0.0316539 -1.55369 5.81204 0.35255 -0.922131 2.56032
1 1.42 1.30565 -0.978067 7.22954 -0.389173 -0.421303 2.71472 -0.829422 1.32956 0.448273 0.86867 1.83949 12.4173
4 1.42 1.5 0 1.5 0 0 1.57075 0 0 0 0 0 0
5 1.42 50 0.00541282 8
6 1.42 -355.931 0.384348 3.0936 31.4681
0 1.43 1.30579 -0.932538 7.05953 -0.360621 -0.421944 2.61704 0.0496458 -1.59961 5.80104 0.367589 -0.918275 2.57231
1 1.43 1.30777 -0.996522 7.29157 -0.394954 -0.420006 2.73678 -0.846594 1.27691 0.471347 1.16404 1.07554 13.2606
4 1.43 1.5 0 1.5 0 0 1.57075 0 0 0 0 0 0
5 1.43 50 0.00391555 6
6 1.43 -354.269 0.69792 2.20912 34.1219
0 1.44 1.30713 -0.949413 7.12083 -0.367057 -0.421445 2.63944 0.0683551 -1.64588 5.79011 0.376899 -0.914857 2.58114
1 1.44 1.30987 -1.01525 7.35243 -0.401071 -0.41855 2.75944 -0.895697 1.32041 0.328079 -0.739075 0.455759 11.89
4 1.44 1.5 0 1.5 0 0 1.57075 0 0 0 0 0 0
5 1.44 50 0.00247574 4
6 1.44 -364.576 -1.44185 1.49185 29.7181
0 1.45 1.30889 -0.96678 7.18237 -0.377423 -0.420267 2.67675 0.0887144 -1.69321 5.77982 0.4041 -0.904872 2.56418
1 1.45 1.31244 -1.03451 7.41357 -0.40983 -0.416116 2.79579 -0.96601 1.3371 0.23798 -0.959456 0.567859 14.1617
4 1.45 1.5 0 1.5 0 0 1.57075 0 0 0 0 0 0
5 1.45 50 0.00765061 13
6 1.45 -371.621 -1.71551 1.60375 37.0246
0 1.46 1.31145 -0.992905 7.27067 -0.387102 -0.418652 2.71359 0.120316 -1.76266 5.76489 0.441507 -0.896619 2.56242
1 1.46 1.31626 -1.06341 7.50127 -0.417698 -0.41317 2.8323 -1.02791 1.32531 0.144295 1.77517 0.0465497 15.5243
4 1.46 1.5 0 1.5 0 0 1.57075 0 0 0 0 0 0
5 1.46 50 0.0113962 20
6 1.46 -378.503 1.30429 0.988283 41.3804
0 1.47 1.3133 -1.00777 7.32052 -0.394629 -0.417014 2.74357 0.142603 -1.80698 5.74719 0.463561 -0.889066 2.58215
1 1.47 1.319 -1.08004 7.55041 -0.424382 -0.410133 2.86281 -1.05541 1.25043 0.186825 -1.81017 4.34153 8.46233
4 1.47 1.5 0 1.5 0 0 1.57075 0 0 0 0 0 0
5 1.47 50 0.0079143 14
6 1.47 -375.032 -2.7319 5.9019 18.772
0 1.49 1.31576 -1.02803 7.38518 -0.40728 -0.413295 2.79613 0.171546 -1.86219 5.72608 0.496754 -0.875116 2.62017
1 1.49 1.32263 -1.10252 7.61422 -0.435694 -0.403921 2.91635 -1.13721 1.19731 0.163332 0.094199 0.0474924 15.2142
4 1.49 1.5 0 1.5 0 0 1.57075 0 0 0 0 0 0
5 1.49 50 0.012403 20
6 1.49 -376.604 -0.638001 0.950572 40.206
0 1.5 1.31824 -1.04491 7.43826 -0.412742 -0.411279 2.81959 0.1979 -1.90837 5.71128 0.515725 -0.858012 2.6468
1 1.5 1.32615 -1.12125 7.66671 -0.440416 -0.40025 2.94041 -1.15185 1.13101 0.177905 2.22955 1.79979 12.4842
4 1.5 1.5 0 1.5 0 0 1.57075 0 0 0 0 0 0
5 1.5 50 0.00250173 4
6 1.5 -375.024 1.73183 2.93613 31.4053
0 1.51 1.32149 -1.06729 7.50549 -0.419455 -0.4084 2.84904 0.230493 -1.96455 5.69189 0.525864 -0.848938 2.67001
1 1.51 1.33071 -1.14588 7.73317 -0.446615 -0.395918 2.97039 -1.13495 0.973508 0.320024 0.271591 1.16125 10.7451
4 1.51 1.5 0 1.5 0 0 1.57075 0 0 0 0 0 0
5 1.51 50 0.0114911 20
6 1.51 -363.867 -0.469938 2.18988 25.7792
0 1.52 1.3262 -1.09518 7.58677 -0.427789 -0.404108 2.88716 0.264884 -2.02219 5.68095 0.551738 -0.830585 2.69922
1 1.52 1.3368 -1.17607 7.81401 -0.453625 -0.389545 3.009 -1.04665 0.643655 0.751405 2.34042 1.01992 12.3722
4 1.52 1.5 0 1.5 0 0 1.57075 0 0 0 0 0 0
5 1.52 50 0.0130458 20
6 1.52 -332.179 1.81796 1.9996 30.8803
0 1.54 1.33124 -1.12501 7.67066 -0.440518 -0.395888 2.94833 0.302292 -2.08187 5.66476 0.581886 -0.794833 2.77002
1 1.54 1.34333 -1.20829 7.89725 -0.464797 -0.3774 3.07164 -1.03756 0.415838 0.978515 2.82219 1.40242 13.3568
4 1.54 1.5 0 1.5 0 0 1.57075 0 0 0 0 0 0
5 1.54 50 0.0101635 20
6 1.54 -315.13 2.32658 2.38727 33.7978
0 1.55 1.33544 -1.1469 7.73155 -0.447918 -0.389699 2.98708 0.334554 -2.12854 5.64251 0.604523 -0.774344 2.80269
1 1.55 1.34883 -1.23204 7.95725 -0.470747 -0.369065 3.11082 -1.09044 0.392237 0.877205 1.19981 -1.58866 14.5729
4 1.55 1.5 0 1.5 0 0 1.57075 0 0 0 0 0 0
5 1.55 50 0.00581694 9
6 1.55 -321.24 0.488528 -1.07481 37.5759
0 1.56 1.33936 -1.16726 7.78629 -0.452106 -0.385619 3.01033 0.363711 -2.1695 5.62263 0.618123 -0.756161 2.82697
1 1.56 1.35391 -1.25404 8.01119 -0.474036 -0.363427 3.13437 -1.09971 0.341242 0.846724 0.0776161 -0.121876 20.8267
4 1.56 1.5 0 1.5 0 0 1.57075 0 0 0 0 0 0
5 1.56 50 0.0112445 15
6 1.56 -322.134 -0.779652 0.582792 57.4636
0 1.57 1.34461 -1.19208 7.8518 -0.458745 -0.378247 3.04907 0.400419 -2.21755 5.59698 0.637193 -0.732888 2.85824
1 1.57 1.36063 -1.28078 8.07568 -0.479151 -0.353904 3.17335 -1.24281 0.465485 0.463344 -0.16168 3.89275 -11.0698
4 1.57 1.5 0 1.5 0 0 1.57075 0 0 0 0 0 0
5 1.57 50 0.00602746 12
6 1.57 -348.524 -1.06523 5.15604 -44.4658
0 1.58 1.35015 -1.21801 7.91779 -0.462488 -0.37348 3.0723 0.437755 -2.26424 5.57222 0.651977 -0.710315 2.8795
1 1.58 1.36766 -1.30858 8.14068 -0.481771 -0.347517 3.19663 -1.36374 0.593379 0.0888414 -0.856422 0.51923 16.9813
4 1.58 1.5 0 1.5 0 0 1.57075 0 0 0 0 0 0
5 1.58 50 0.00586486 11
6 1.58 -374.224 -1.85508 1.25497 45.0193
0 1.6 1.35797 -1.25091 7.99961 -0.471608 -0.359312 3.13472 0.480519 -2.31605 5.55305 0.681691 -0.66229 2.93195
1 1.6 1.37719 -1.34355 8.22173 -0.488104 -0.32963 3.25918 -1.23421 0.207887 0.549472 -1.76328 1.07927 13.043
4 1.6 1.5 0 1.5 0 0 1.57075 0 0 0 0 0 0
5 1.6 50 0.00713634 13
6 1.6 -338.672 -2.89455 1.83236 32.2791
0 1.61 1.36473 -1.27912 8.06789 -0.476551 -0.349836 -3.11049 0.517789 -2.35848 5.53495 0.689528 -0.641091 2.94219
1 1.61 1.38544 -1.37346 8.28929 -0.491415 -0.318637 -2.98665 -1.23301 0.108481 0.556342 -0.632394 0.610505 16.2655
4 1.61 1.5 0 1.5 0 0 1.57075 0 0 0 0 0 0
5 1.61 50 0.00876784 15
6 1.61 -336.51 -1.63341 1.26771 42.534
0 1.62 1.37078 -1.30237 8.12375 -0.479221 -0.343847 -3.08735 0.553411 -2.39454 5.51384 0.700574 -0.623807 2.93538
1 1.62 1.39291 -1.39815 8.34431 -0.492625 -0.311849 -2.96446 -1.49203 0.412308 -0.157542 0.260483 0.80722 8.3045
4 1.62 1.5 0 1.5 0 0 1.57075 0 0 0 0 0 0
5 1.62 50 0.00899625 12
6 1.62 -387.04 -0.64222 1.47128 17.1404
0 1.63 1.37784 -1.32919 8.18625 -0.48291 -0.333432 -3.0489 0.594099 -2.43423 5.49305 0.727094 -0.594472 2.9259
1 1.63 1.4016 -1.42656 8.40597 -0.493552 -0.300145 -2.92752 -1.55243 0.385109 -0.316653 9.47595 4.02278 2.61834
4 1.63 1.5 0 1.5 0 0 1.57075 0 0 0 0 0 0
5 1.63 50 0.00633979 11
6 1.63 -396.489 9.64687 5.12103 -0.982395
0 1.64 1.38396 -1.35094 8.23659 -0.48419 -0.329048 -3.03331 0.629464 -2.46631 5.47456 0.735353 -0.584986 2.92638
1 1.64 1.40914 -1.44959 8.45557 -0.493871 -0.295269 -2.91232 -1.37375 0.118924 0.0681926 -1.78219 16.0222 13.4325
4 1.64 1.5 0 1.5 0 0 1.57075 0 0 0 0 0 0
5 1.64 50 0.00792241 14
6 1.64 -366.663 -2.95694 18.8753 33.5404
0 1.65 1.39374 -1.38501 8.3127 -0.487176 -0.315995 -2.98911 0.682837 -2.51165 5.45016 0.75815 -0.530894 2.95054
1 1.65 1.42106 -1.48548 8.53071 -0.494198 -0.279511 -2.86893 -1.40654 0.0563281 -0.0655614 -2.27304 -0.458175 21.9404
4 1.65 1.5 0 1.5 0 0 1.57075 0 0 0 0 0 0
5 1.65 50 0.00696206 12
6 1.65 -373.617 -3.51976 -0.102109 60.6248
0 1.67 1.40509 -1.42157 8.393 -0.489878 -0.296772 -2.92916 0.733959 -2.55531 5.43655 0.784456 -0.47972 2.98068
1 1.67 1.43445 -1.52379 8.61046 -0.493433 -0.257606 -2.8097 -1.44902 -0.0363495 -0.197163 2.02205 -2.11009 7.74984
4 1.67 1.5 0 1.5 0 0 1.57075 0 0 0 0 0 0
5 1.67 50 0.00974989 20
6 1.67 -380.451 1.26778 -2.0645 15.2251
0 1.68 1.41467 -1.45199 8.4584 -0.490721 -0.28667 -2.89906 0.776576 -2.58948 5.42452 0.784891 -0.45334 3.01169
1 1.68 1.44573 -1.55557 8.67538 -0.493167 -0.245892 -2.77938 -1.30469 -0.260382 0.0760535 -1.89732 0.476184 11.2277
4 1.68 1.5 0 1.5 0 0 1.57075 0 0 0 0 0 0
5 1.68 50 0.0103955 20
6 1.68 -358.817 -3.11284 0.870397 26.2293
0 1.69 1.42253 -1.47559 8.50902 -0.491054 -0.281564 -2.8844 0.813587 -2.61556 5.40841 0.783617 -0.441789 3.02165
1 1.69 1.45507 -1.58022 8.72536 -0.492949 -0.240152 -2.76477 -0.211488 -1.48478 2.58308 3.19941 1.29165 9.49753
4 1.69 1.5 0 1.5 0 0 1.57075 0 0 0 0 0 0
5 1.69 50 0.00650549 10
6 1.69 -175.912 2.59384 1.79242 20.6739
0 1.7 1.43299 -1.5063 8.57336 -0.49135 -0.268262 -2.84698 0.8619 -2.64522 5.39163 0.801503 -0.401483 3.04106
1 1.7 1.46747 -1.61211 8.78902 -0.490855 -0.225028 -2.72789 0.667453 -2.43838 4.54083 0.503658 -0.56438 2.04642
4 1.7 1.5 0 1.5 0 0 1.57075 0 0 0 0 0 0
5 1.7 50 0.00092411 1
6 1.7 -33.0252 -0.433143 -0.389064 -3.17575
0 1.71 1.44355 -1.53592 8.63479 -0.490918 -0.254452 -2.81015 0.909018 -2.67212 5.37208 0.811326 -0.365867 3.06717
1 1.71 1.47991 -1.64281 8.84967 -0.4884 -0.20952 -2.69122 0.709665 -2.46716 4.51136 0.489594 -0.583432 2.05821
4 1.71 1.5 0 1.5 0 0 1.57075 0 0 0 0 0 0
5 1.71 50 0.00161266 2
6 1.71 -33.608 -0.45179 -0.45602 -3.22143
0 1.73 1.4554 -1.56838 8.7006 -0.489599 -0.236985 -2.76527 0.958027 -2.69901 5.35237 0.821866 -0.310374 3.11485
1 1.73 1.49372 -1.67634 8.91469 -0.484692 -0.189349 -2.64614 0.715394 -2.45924 4.39053 0.470941 -0.622736 2.30632
4 1.73 1.5 0 1.5 0 0 1.57075 0 0 0 0 0 0
5 1.73 50 0.0126004 20
6 1.73 -40.6577 -0.47174 -0.570714 -2.5815
0 1.74 1.46844 -1.60237 8.76879 -0.487809 -0.221951 -2.72836 1.00302 -2.72454 5.34067 0.829154 -0.276729 3.12774
1 1.74 1.50857 -1.71136 8.98241 -0.480754 -0.173091 -2.60975 0.697092 -2.43127 4.22861 1.64399 -1.09566 2.18417
4 1.74 1.5 0 1.5 0 0 1.57075 0 0 0 0 0 0
5 1.74 50 0.00393605 7
6 1.74 -51.1545 0.840915 -1.15468 -3.01261
0 1.75 1.48235 -1.63795 8.83902 -0.485942 -0.209613 -2.69902 1.05 -2.74928 5.32909 0.832593 -0.251581 3.13465
1 1.75 1.52435 -1.74792 9.05219 -0.477224 -0.159951 -2.58086 0.0164893 -1.78078 2.49633 0.322942 -4.21082 5.63393
4 1.75 1.5 0 1.5 0 0 1.57075 0 0 0 0 0 0
5 1.75 50 0.0126121 20
6 1.75 -172.824 -0.634767 -4.759 7.97871
0 1.77 1.49795 -1.67624 8.91394 -0.481638 -0.187114 -2.64761 1.10416 -2.77342 5.30993 0.836924 -0.179209 3.17213
1 1.77 1.54212 -1.78718 9.12633 -0.47008 -0.134689 -2.52978 0.537444 -2.26124 3.56476 -0.355796 -0.926288 2.70714
4 1.77 1.5 0 1.5 0 0 1.57075 0 0 0 0 0 0
5 1.77 50 0.00549865 9
6 1.77 -95.1545 -1.38105 -1.07734 -1.48465
0 1.78 1.50887 -1.70254 8.96473 -0.477787 -0.1706 -2.6108 1.13996 -2.78895 5.29815 0.84009 -0.148494 3.1873
1 1.78 1.55446 -1.8141 9.17666 -0.464158 -0.117252 -2.49314 0.674366 -2.37798 3.78263 0.609868 -1.4074 4.06152
4 1.78 1.5 0 1.5 0 0 1.57075 0 0 0 0 0 0
5 1.78 50 0.00498652 5
6 1.78 -78.6072 -0.296317 -1.66647 2.79082
0 1.79 1.52523 -1.74027 9.03683 -0.473331 -0.153727 -2.57384 1.18537 -2.80976 5.29073 0.842955 -0.126443 3.21665
1 1.79 1.57264 -1.85266 9.24846 -0.457715 -0.0995754 -2.45562 0.152391 -1.91734 2.3748 -0.106726 -1.61597 0.266256
4 1.79 1.5 0 1.5 0 0 1.57075 0 0 0 0 0 0
5 1.79 50 0.00231528 3
6 1.79 -175.732 -1.09588 -1.93387 -9.41926
0 1.8 1.53836 -1.77013 9.09339 -0.4694 -0.139956 -2.54419 1.22102 -2.82492 5.28417 0.836527 -0.0971667 3.23961
1 1.8 1.5872 -1.88312 9.30476 -0.452468 -0.0848045 -2.42571 -0.476337 -1.38068 0.696604 -1.61174 9.26833 24.3468
4 1.8 1.5 0 1.5 0 0 1.57075 0 0 0 0 0 0
5 1.8 50 0.00465631 8
6 1.8 -290.962 -2.76514 10.5205 67.3846
0 1.81 1.55768 -1.81252 9.17297 -0.465095 -0.125684 -2.5141 1.27264 -2.84297 5.27009 0.82832 -0.0623265 3.26632
1 1.81 1.60858 -1.92624 9.38378 -0.446858 -0.0693137 -2.39527 -0.659921 -1.22012 0.0371555 0.755055 -0.775063 9.35181
4 1.81 1.5 0 1.5 0 0 1.57075 0 0 0 0 0 0
5 1.81 50 0.00705194 10
6 1.81 -334.355 -0.0986313 -1.04215 19.4279
0 1.83 1.57326 -1.84612 9.23547 -0.455384 -0.0970205 -2.45518 1.31208 -2.85567 5.26051 0.831463 -0.00101052 3.30707
1 1.83 1.62575 -1.96034 9.44589 -0.43369 -0.0388778 -2.3358 0.0630993 -1.82672 1.64171 8.50002 7.28422 4.80303
4 1.83 1.5 0 1.5 0 0 1.57075 0 0 0 0 0 0
5 1.83 50 0.0120695 20
6 1.83 -221.08 8.58013 8.13044 4.77585
0 1.84 1.58945 -1.87972 9.29752 -0.451309 -0.0860561 -2.43303 1.3492 -2.86818 5.2568 0.828072 0.0270722 3.30856
1 1.84 1.64342 -1.99445 9.50779 -0.428419 -0.0273614 -2.31396 -1.05333 -0.898511 -1.42374 6.99785 2.22957 8.26375
4 1.84 1.5 0 1.5 0 0 1.57075 0 0 0 0 0 0
5 1.84 50 0.0063014 10
6 1.84 -429.591 6.91074 2.29974 15.8195
0 1.85 1.60722 -1.91609 9.36427 -0.444723 -0.069351 -2.39951 1.38848 -2.88004 5.25328 0.823106 0.0572139 3.31025
1 1.85 1.66276 -2.03129 9.5744 -0.420033 -0.0103212 -2.28068 -1.05064 -0.890129 -1.66003 -1.62701 1.62434 12.2835
4 1.85 1.5 0 1.5 0 0 1.57075 0 0 0 0 0 0
5 1.85 50 0.00980091 14
6 1.85 -443.508 -2.72596 1.572 28.6471
0 1.86 1.6248 -1.95109 9.42815 -0.439048 -0.0559151 -2.37268 1.42706 -2.88876 5.2466 0.822829 0.0829116 3.32381
1 1.86 1.68189 -2.06664 9.63802 -0.412792 0.00360201 -2.25357 -0.128342 -1.62209 0.619353 -1.62988 -4.11957 -12.2079
4 1.86 1.5 0 1.5 0 0 1.57075 0 0 0 0 0 0
5 1.86 50 0.00316381 4
6 1.86 -287.011 -2.72181 -5.04845 -49.5851
0 1.88 1.64291 -1.98657 9.49261 -0.42557 -0.0263595 -2.31401 1.46461 -2.89645 5.24107 0.808935 0.127541 3.36146
1 1.88 1.7015 -2.10243 9.70225 -0.396386 0.0337968 -2.19361 0.173221 -1.84114 1.17678 2.72217 -0.299852 4.75358
4 1.88 1.5 0 1.5 0 0 1.57075 0 0 0 0 0 0
5 1.88 50 0.00171876 2
6 1.88 -247.014 2.1758 -0.715898 4.44446
0 1.89 1.65617 -2.01197 9.53857 -0.418114 -0.0111452 -2.2837 1.49254 -2.89909 5.23225 0.800102 0.157701 3.38254
1 1.89 1.71587 -2.12793 9.74786 -0.38746 0.0495571 -2.16261 -1.96025 -0.0619724 -5.21433 -7.10934 -0.759923 -9.48495
4 1.89 1.5 0 1.5 0 0 1.57075 0 0 0 0 0 0
5 1.89 50 0.00327873 5
6 1.89 -673.91 -8.8063 -1.27729 -41.0793
0 1.9 1.67364 -2.04478 9.59767 -0.408149 0.00822803 -2.24485 1.53028 -2.9042 5.225 0.787371 0.181525 3.40376
1 1.9 1.73485 -2.16095 9.80667 -0.375649 0.0689321 -2.12276 0.0760193 -1.69641 0.461973 1.71496 2.74858 -1.97538
4 1.9 1.5 0 1.5 0 0 1.57075 0 0 0 0 0 0
5 1.9 50 0.00480127 9
6 1.9 -291.668 1.08843 2.72294 -17.1727
0 1.91 1.69562 -2.08502 9.66973 -0.404404 0.0152639 -2.23068 1.56812 -2.91272 5.22964 0.781599 0.188618 3.39831
1 1.91 1.75835 -2.20153 9.87892 -0.371278 0.0756854 -2.10867 -0.602113 -1.10126 -1.76275 0.829735 0.670847 7.3069
4 1.91 1.5 0 1.5 0 0 1.57075 0 0 0 0 0 0
5 1.91 50 0.010561 20
6 1.91 -439.77 0.106296 0.332964 12.4784
0 1.92 1.71342 -2.11726 9.72745 -0.39597 0.0305243 -2.19974 1.59752 -2.91816 5.23482 0.778478 0.202428 3.37545
1 1.92 1.77732 -2.23399 9.93684 -0.361122 0.0900718 -2.07824 -0.641206 -1.02553 -2.14813 -3.73914 -2.01847 1.57415
4 1.92 1.5 0 1.5 0 0 1.57075 0 0 0 0 0 0
5 1.92 50 0.00452876 7
6 1.92 -464.297 -4.99889 -2.76604 -5.75048
0 1.94 1.73857 -2.16189 9.80707 -0.373268 0.066545 -2.12639 1.63646 -2.92234 5.24043 0.794816 0.248288 3.25437
1 1.94 1.80403 -2.27878 10.0167 -0.333638 0.123262 -2.00854 0.00425723 -1.47984 -0.62348 0.283364 0.11169 -1.38127
4 1.94 1.5 0 1.5 0 0 1.57075 0 0 0 0 0 0
5 1.94 50 0.00270128 5
6 1.94 -360.711 -0.506165 -0.371266 -14.7991
0 1.95 1.75892 -2.19752 9.87073 -0.365486 0.0775289 -2.10357 1.66545 -2.92468 5.24584 0.79268 0.260288 3.21016
1 1.95 1.82553 -2.31451 10.0806 -0.324752 0.133146 -1.98701 0.131451 -1.54505 -0.414834 1.97499 -1.79805 12.9269
4 1.95 1.5 0 1.5 0 0 1.57075 0 0 0 0 0 0
5 1.95 50 0.00665355 10
6 1.95 -346.543 1.39125 -2.57264 31.0208
0 1.96 1.78184 -2.23676 9.94046 -0.355971 0.0915471 -2.07391 1.69557 -2.9279 5.25208 0.572205 0.235322 3.14169
1 1.96 1.84966 -2.35388 10.1505 -0.32257 0.144165 -1.95892 0.231046 -1.57931 -0.318168 1.7094 -1.30035 2.33762
4 1.96 1.5 0 1.5 0 0 1.57075 0 0 0 0 0 0
5 1.96 50 0.00605154 8
6 1.96 -339.778 1.3329 -1.91102 -2.56686
0 1.97 1.80053 -2.26847 9.99692 -0.350295 0.10353 -2.04644 1.71945 -2.92943 5.25616 0.157009 0.139755 3.08226
1 1.97 1.86931 -2.38565 10.2072 -0.332182 0.151091 -1.93195 -0.0361172 -1.28968 -1.4291 0.625932 1.09768 7.3174
4 1.97 1.5 0 1.5 0 0 1.57075 0 0 0 0 0 0
5 1.97 50 0.00489426 9
6 1.97 -412.567 0.559921 1.05891 13.5207
0 1.98 1.81743 -2.29672 10.047 -0.347229 0.117454 -2.01134 1.74074 -2.9287 5.25787 -0.121451 0.0811535 3.03401
1 1.98 1.88706 -2.41387 10.2573 -0.338752 0.161804 -1.89754 0.281339 -1.55901 -0.359898 -0.216078 0.969339 0.307114
4 1.98 1.5 0 1.5 0 0 1.57075 0 0 0 0 0 0
5 1.98 50 0.00387573 6
6 1.98 -342.728 -0.085736 1.0496 -8.70564
0 1.99 1.83996 -2.33394 10.1133 -0.346354 0.125702 -1.98938 1.76736 -2.92749 5.26313 -0.245512 0.0361102 3.00441
1 1.99 1.91065 -2.45104 10.3238 -0.341952 0.167858 -1.87594 0.375948 -1.62363 -0.0808802 0.570791 -0.530428 -1.08428
4 1.99 1.5 0 1.5 0 0 1.57075 0 0 0 0 0 0
5 1.99 50 0.00884461 10
6 1.99 -324.998 0.922243 -0.588821 -13.0532
0 2.01 1.8655 -2.3754 10.1869 -0.345455 0.148367 -1.92239 1.79637 -2.92409 5.26866 -0.369562 -0.122813 2.95723
1 2.01 1.93735 -2.49236 10.3976 -0.343353 0.183801 -1.80817 0.0237776 -1.30121 -1.23302 1.60258 2.79568 7.24834
4 2.01 1.5 0 1.5 0 0 1.57075 0 0 0 0 0 0
5 2.01 50 0.00416827 7
6 2.01 -402.106 2.17693 3.4391 13.6994
0 2.02 1.88316 -2.40378 10.2375 -0.345038 0.153932 -1.90318 1.81561 -2.92179 5.27445 -0.366605 -0.18639 2.94132
1 2.02 1.95578 -2.52065 10.4485 -0.342132 0.186709 -1.78858 -1.60921 0.177854 -6.79949 15.1051 4.46711 -8.46451
4 2.02 1.5 0 1.5 0 0 1.57075 0 0 0 0 0 0
5 2.02 50 0.00667834 11
6 2.02 -769.402 17.2666 5.4285 -36.413
0 2.03 1.90822 -2.44332 10.3076 -0.344174 0.161559 -1.87537 1.84097 -2.92271 5.28911 -0.350135 -0.243637 2.9145
1 2.03 1.98185 -2.56022 10.5191 -0.339758 0.191721 -1.76085 0.471294 -1.70581 0.293979 1.72016 -1.61198 -1.25979
4 2.03 1.5 0 1.5 0 0 1.57075 0 0 0 0 0 0
5 2.03 50 0.00313115 5
6 2.03 -303.432 2.25838 -1.48529 -13.3263
0 2.04 1.93314 -2.48229 10.3772 -0.342939 0.168514 -1.84792 1.86536 -2.92257 5.30319 -0.324747 -0.280946 2.86854
1 2.04 2.00776 -2.59919 10.5893 -0.336902 0.196513 -1.73448 -0.180433 -1.14173 -1.86755 -0.202967 -6.55525 -6.03214
4 2.04 1.5 0 1.5 0 0 1.57075 0 0 0 0 0 0
5 2.04 50 0.00905919 18
6 2.04 -447.177 0.0703313 -7.12139 -28.4153
0 2.06 1.9623 -2.52704 10.4567 -0.338641 0.181134 -1.79019 1.89291 -2.92401 5.32181 -0.239388 -0.393201 2.75002
1 2.06 2.03802 -2.644 10.6696 -0.328258 0.202842 -1.6794 0.0617329 -1.40596 -0.984758 0.699308 -0.553997 -1.56636
4 2.06 1.5 0 1.5 0 0 1.57075 0 0 0 0 0 0
5 2.06 50 0.00666904 11
6 2.06 -390.442 0.961855 -0.129882 -13.7799
0 2.07 1.98813 -2.56636 10.5272 -0.336073 0.186075 -1.76302 1.91706 -2.92402 5.3375 -0.23718 -0.441924 2.69501
1 2.07 2.06482 -2.68332 10.7407 -0.325305 0.204937 -1.65353 -1.9716 0.215879 -7.48069 -3.84555 -2.69186 4.17505
4 2.07 1.5 0 1.5 0 0 1.57075 0 0 0 0 0 0
5 2.07 50 0.00319362 6
6 2.07 -820.34 -4.13486 -2.52838 4.72513
0 2.08 2.01287 -2.60343 10.5931 -0.333976 0.189515 -1.74184 1.94011 -2.92078 5.34679 -0.231246 -0.478614 2.65408
1 2.08 2.09047 -2.72027 10.807 -0.322783 0.206229 -1.63332 -0.425824 -1.05234 -2.54475 4.62297 0.687753 0.866816
4 2.08 1.5 0 1.5 0 0 1.57075 0 0 0 0 0 0
5 2.08 50 0.008183 13
6 2.08 -495.05 5.32751 1.3891 -5.70572
0 2.1 2.04183 -2.64633 10.6704 -0.32703 0.197147 -1.68251 1.96687 -2.91638 5.35841 -0.170475 -0.551543 2.51792
1 2.1 2.1205 -2.76298 10.8847 -0.313383 0.208608 -1.57802 -0.526212 -1.07802 -2.78885 -0.392779 1.23119 -1.73552
4 2.1 1.5 0 1.5 0 0 1.57075 0 0 0 0 0 0
5 2.1 50 0.00394797 8
6 2.1 -511.475 -0.362347 2.08097 -13.579
0 2.11 2.0687 -2.68542 10.7401 -0.32328 0.199838 -1.65514 1.99009 -2.91361 5.36975 -0.144058 -0.578761 2.47807
1 2.11 2.14831 -2.80196 10.9549 -0.308516 0.209376 -1.55174 0.363035 -1.75391 -0.0512751 -0.738345 -1.2436 -2.23822
4 2.11 1.5 0 1.5 0 0 1.57075 0 0 0 0 0 0
5 2.11 50 0.00450945 8
6 2.11 -331.426 -0.782281 -0.733176 -15.0567
0 2.12 2.09618 -2.72505 10.8117 -0.318134 0.202251 -1.62465 2.01152 -2.9087 5.37718 -0.0303608 -0.611137 2.4315
1 2.12 2.17665 -2.84139 11.0267 -0.298837 0.209455 -1.52255 0.209568 -1.67175 -0.56572 0.997463 -0.251374 -0.327339
4 2.12 1.5 0 1.5 0 0 1.57075 0 0 0 0 0 0
5 2.12 50 0.00340462 6
6 2.12 -365.376 1.02848 0.418887 -8.80759
0 2.14 2.12259 -2.7626 10.8789 -0.305861 0.204283 -1.58016 2.03157 -2.89722 5.37564 0.296803 -0.68243 2.38399
1 2.14 2.20385 -2.87849 11.0939 -0.273447 0.206967 -1.4789 0.174863 -1.67968 -0.809521 1.37071 2.34123 7.83317
4 2.14 1.5 0 1.5 0 0 1.57075 0 0 0 0 0 0
5 2.14 50 0.00658941 11
6 2.14 -379.977 1.06851 3.41043 17.3963
0 2.15 2.14157 -2.78937 10.9274 -0.296934 0.204568 -1.5551 2.0454 -2.88949 5.37503 0.430474 -0.703399 2.32596
1 2.15 2.22338 -2.90495 11.1424 -0.259549 0.204886 -1.45583 -2.3798 -0.0505749 -9.03389 19.366 -6.40252 7.23159
4 2.15 1.5 0 1.5 0 0 1.57075 0 0 0 0 0 0
5 2.15 50 0.00329614 6
6 2.15 -916.92 21.0532 -6.62178 15.6609
0 2.16 2.17078 -2.82984 11.0001 -0.286258 0.204457 -1.52853 2.06617 -2.88493 5.38403 0.510986 -0.705154 2.28539
1 2.16 2.25343 -2.94523 11.2154 -0.245983 0.203211 -1.43083 0.249584 -1.74203 -0.885457 0.168915 -0.427239 6.42895
4 2.16 1.5 0 1.5 0 0 1.57075 0 0 0 0 0 0
5 2.16 50 0.00743389 11
6 2.16 -383.223 -0.514583 0.221997 13.2279
0 2.17 2.19564 -2.86406 11.0622 -0.275146 0.204071 -1.50372 2.08314 -2.87936 5.3912 0.60035 -0.692084 2.22716
1 2.17 2.27897 -2.97923 11.2779 -0.231832 0.201632 -1.40848 0.376644 -1.82006 -0.660989 2.16495 -0.841829 2.21088
4 2.17 1.5 0 1.5 0 0 1.57075 0 0 0 0 0 0
5 2.17 50 0.0073452 10
6 2.17 -367.844 1.62454 -0.282708 -0.0524477
0 2.18 2.22247 -2.90051 11.128 -0.26727 0.20348 -1.48726 2.1007 -2.86985 5.39748 0.661896 -0.713145 2.19752
1 2.18 2.3065 -3.0153 11.3439 -0.221746 0.199182 -1.393 0.415138 -1.83123 -0.69262 0.353025 4.77844 -9.63666
4 2.18 1.5 0 1.5 0 0 1.57075 0 0 0 0 0 0
5 2.18 50 0.00670052 12
6 2.18 -369.453 -0.473803 6.17997 -37.7811
0 2.19 2.24417 -2.92978 11.1815 -0.255412 0.202067 -1.46366 2.11449 -2.86151 5.40463 0.716658 -0.738948 2.17991
1 2.19 2.32875 -3.04424 11.3977 -0.207932 0.195497 -1.36992 1.0971 -2.24031 1.46627 1.01131 1.02724 2.10621
4 2.19 1.5 0 1.5 0 0 1.57075 0 0 0 0 0 0
5 2.19 50 0.00195312 3
6 2.19 -229.134 0.197915 1.8968 -0.235869
0 2.21 2.28423 -2.98281 11.2782 -0.228028 0.197476 -1.41098 2.13889 -2.85241 5.42616 0.798916 -0.782264 2.20908
1 2.21 2.36978 -3.09691 11.4953 -0.177434 0.186971 -1.31599 0.475969 -1.85102 -1.22985 -2.72902 -0.637991 -15.3782
4 2.21 1.5 0 1.5 0 0 1.57075 0 0 0 0 0 0
5 2.21 50 0.00729132 13
6 2.21 -401.648 -4.0888 0.0191427 -56.1481
0 2.22 2.31316 -3.02087 11.3487 -0.215277 0.194694 -1.38723 2.15491 -2.8438 5.44075 0.838819 -0.807069 2.22691
1 2.22 2.39936 -3.13462 11.5663 -0.163205 0.182185 -1.29151 0.81899 -2.04162 -0.187958 0.5193 -0.375796 -1.39868
4 2.22 1.5 0 1.5 0 0 1.57075 0 0 0 0 0 0
5 2.22 50 0.00467634 6
6 2.22 -334.624 -0.504542 0.339873 -11.5754
0 2.23 2.33963 -3.05509 11.4112 -0.202033 0.191334 -1.36308 2.16892 -2.83721 5.45452 0.872056 -0.837212 2.25398
1 2.23 2.42639 -3.16858 11.6294 -0.14874 0.176618 -1.26627 0.638567 -1.91863 -1.20735 3.18478 -6.82402 -22.807
4 2.23 1.5 0 1.5 0 0 1.57075 0 0 0 0 0 0
5 2.23 50 0.00243664 4
6 2.23 -399.264 2.43335 -7.03183 -80.0079
0 2.24 2.37035 -3.0946 11.4848 -0.188459 0.187496 -1.33821 2.18292 -2.8268 5.46946 0.905116 -0.852799 2.27822
1 2.24 2.45767 -3.20768 11.7035 -0.134059 0.171061 -1.2406 0.87521 -2.04051 -0.544417 -2.39704 2.95632 -1.45599
4 2.24 1.5 0 1.5 0 0 1.57075 0 0 0 0 0 0
5 2.24 50 0.00378799 7
6 2.24 -356.775 -3.85375 4.19925 -11.9224
0 2.25 2.3997 -3.13187 11.5538 -0.175095 0.183387 -1.31442 2.19361 -2.81277 5.48287 0.934886 -0.862382 2.27453
1 2.25 2.48745 -3.24438 11.7731 -0.119969 0.165269 -1.21719 -0.731876 -1.04239 -8.14261 -1.75208 -4.98981 -15.1272
4 2.25 1.5 0 1.5 0 0 1.57075 0 0 0 0 0 0
5 2.25 50 0.00614119 11
6 2.25 -837.149 -3.16693 -4.91186 -55.556
0 2.26 2.4231 -3.16144 11.6096 -0.161122 0.178624 -1.29021 2.20091 -2.80054 5.49569 0.980265 -0.879287 2.24384
1 2.26 2.51114 -3.27347 11.8294 -0.104898 0.158307 -1.19445 0.471667 -1.74201 -3.18258 -1.50707 3.14317 -14.2847
4 2.26 1.5 0 1.5 0 0 1.57075 0 0 0 0 0 0
5 2.26 50 0.00590181 10
6 2.26 -522.483 -2.9445 4.43262 -52.7684
0 2.28 2.44954 -3.1945 11.6715 -0.132877 0.16755 -1.24367 2.20564 -2.78173 5.50801 1.04659 -0.90242 2.16026
1 2.28 2.53777 -3.30577 11.8918 -0.0757182 0.14322 -1.15196 1.31096 -2.21077 0.219186 -0.0508572 0.861305 3.27796
4 2.28 1.5 0 1.5 0 0 1.57075 0 0 0 0 0 0
5 2.28 50 0.0035193 6
6 2.28 -306.87 -1.38742 1.83603 3.56718
0 2.29 2.47139 -3.22167 11.7235 -0.122099 0.162827 -1.22668 2.2102 -2.76755 5.52086 1.07814 -0.914836 2.12075
1 2.29 2.5598 -3.33237 11.9443 -0.0644096 0.136838 -1.13684 1.4626 -2.27909 0.794208 3.02958 -1.35578 13.5671
4 2.29 1.5 0 1.5 0 0 1.57075 0 0 0 0 0 0
5 2.29 50 0.00259876 4
6 2.29 -271.049 2.02477 -0.695546 36.5413
0 2.3 2.49471 -3.25038 11.7779 -0.104104 0.154408 -1.19908 2.21352 -2.75256 5.53453 1.1263 -0.92841 2.05387
1 2.3 2.58325 -3.36048 11.9993 -0.0457329 0.12601 -1.11248 1.09978 -1.98677 -2.04093 -1.09589 -1.73346 -1.02753
4 2.3 1.5 0 1.5 0 0 1.57075 0 0 0 0 0 0
5 2.3 50 0.0102625 20
6 2.3 -447.683 -2.64242 -1.11553 -9.83859
0 2.31 2.51979 -3.28115 11.8376 -0.0895927 0.147148 -1.17775 2.21478 -2.73556 5.55094 1.15202 -0.93755 2.01183
1 2.31 2.60838 -3.39057 12.0597 -0.0311348 0.116997 -1.09334 1.06098 -1.89775 -3.04435 -1.21442 0.885146 -0.981919
4 2.31 1.5 0 1.5 0 0 1.57075 0 0 0 0 0 0
5 2.31 50 0.00781536 14
6 2.31 -509.961 -2.80213 1.89898 -9.55878
0 2.32 2.54661 -3.31378 11.9006 -0.0785477 0.141315 -1.16169 2.21277 -2.71517 5.56906 1.17171 -0.953631 1.99649
1 2.32 2.63512 -3.42239 12.1234 -0.0199276 0.109553 -1.07825 0.803412 -1.63913 -5.70373 2.43095 -3.74974 -48.5293
4 2.32 1.5 0 1.5 0 0 1.57075 0 0 0 0 0 0
5 2.32 50 0.00728846 10
6 2.32 -675.216 1.25323 -3.40207 -161.305
0 2.33 2.57347 -3.34637 11.9653 -0.0603496 0.131081 -1.13613 2.20801 -2.69473 5.5897 1.20266 -0.980464 1.99441
1 2.33 2.66179 -3.45416 12.1889 -0.001433 0.0967451 -1.05343 1.46575 -2.06557 -1.50204 -4.31979 2.74294 13.3274
4 2.33 1.5 0 1.5 0 0 1.57075 0 0 0 0 0 0
5 2.33 50 0.00361347 7
6 2.33 -414.64 -6.33908 4.07299 36.1793
0 2.35 2.6034 -3.3824 12.0363 -0.0310602 0.113259 -1.09523 2.20266 -2.67589 5.61632 1.25409 -1.00579 1.96597
1 2.35 2.69151 -3.48944 12.2609 0.0281861 0.0754889 -1.01487 1.26924 -1.6615 -6.46167 -6.13708 -2.43124 -3.73696
4 2.35 1.5 0 1.5 0 0 1.57075 0 0 0 0 0 0
5 2.35 50 0.011157 20
6 2.35 -720.706 -8.4318 -1.83996 -18.2081
0 2.36 2.63056 -3.41507 12.1023 -0.0161586 0.103601 -1.07571 2.19447 -2.65768 5.64152 1.288 -1.02159 1.9106
1 2.36 2.71833 -3.52138 12.328 0.0433751 0.0639779 -0.998221 1.64925 -1.94062 -3.31076 3.53079 -1.30023 -54.7641
4 2.36 1.5 0 1.5 0 0 1.57075 0 0 0 0 0 0
5 2.36 50 0.00429153 8
6 2.36 -527.188 2.3498 -0.523803 -180.936
0 2.37 2.65524 -3.44461 12.1613 -0.0014611 0.0936335 -1.05668 2.18353 -2.63929 5.66353 1.31272 -1.03542 1.88692
1 2.37 2.74258 -3.55018 12.3879 0.0581411 0.052327 -0.980815 2.09651 -2.49067 3.43742 -0.285833 -0.366075 1.60077
4 2.37 1.5 0 1.5 0 0 1.57075 0 0 0 0 0 0
5 2.37 50 0.00315642 3
6 2.37 -112.809 -1.94846 0.562505 -0.915054
0 2.38 2.67824 -3.47217 12.2179 0.00645409 0.0880857 -1.04666 2.17075 -2.62151 5.68548 1.33123 -1.05145 1.87819
1 2.38 2.76507 -3.57703 12.4453 0.066314 0.0455436 -0.971511 1.88483 -2.03098 -2.1162 -3.39896 1.49092 -0.759086
4 2.38 1.5 0 1.5 0 0 1.57075 0 0 0 0 0 0
5 2.38 50 0.00891781 13
6 2.38 -455.594 -5.4542 2.70954 -8.42108
0 2.39 2.71059 -3.51083 12.2975 0.0282495 0.0720528 -1.01916 2.14785 -2.59505 5.71642 1.35081 -1.07308 1.87408
1 2.39 2.7965 -3.61463 12.5261 0.0876029 0.0270293 -0.94525 2.03976 -1.99283 -2.56679 -1.87511 5.75157 12.2413
4 2.39 1.5 0 1.5 0 0 1.57075 0 0 0 0 0 0
5 2.39 50 0.00631928 10
6 2.39 -484.763 -3.77402 7.6201 33.0956
0 2.41 2.7374 -3.543 12.3657 0.05404 0.051781 -0.987768 2.12603 -2.57281 5.74434 1.39184 -1.1048 1.82459
1 2.41 2.82244 -3.64592 12.5955 0.113367 0.00371143 -0.917183 2.27735 -1.90995 -3.71768 -2.94052 -3.03562 -14.2444
4 2.41 1.5 0 1.5 0 0 1.57075 0 0 0 0 0 0
5 2.41 50 0.0117803 19
6 2.41 -557.073 -5.01242 -2.42592 -51.3019
0 2.43 2.76606 -3.57726 12.4376 0.0687953 0.0396773 -0.970436 2.10385 -2.55349 5.77554 1.41377 -1.11527 1.79453
1 2.43 2.85022 -3.6794 12.6686 0.128067 -0.00976232 -0.901837 2.424 -1.88748 -3.90394 -4.8456 -1.56067 -9.80321
4 2.43 1.5 0 1.5 0 0 1.57075 0 0 0 0 0 0
5 2.43 50 0.00652122 10
6 2.43 -570.631 -7.16738 -0.721452 -37.0276
0 2.43 2.79154 -3.6079 12.5037 0.0872723 0.0240279 -0.949654 2.08041 -2.53471 5.80412 1.44096 -1.13802 1.74891
1 2.43 2.87475 -3.70929 12.7358 0.14649 -0.0274172 -0.883912 2.61568 -1.87503 -3.94847 -7.00878 1.22709 -3.7846
4 2.43 1.5 0 1.5 0 0 1.57075 0 0 0 0 0 0
5 2.43 50 0.00620937 13
6 2.43 -575.668 -9.61731 2.50452 -17.6676
0 2.44 2.82256 -3.64526 12.5842 0.0983726 0.0142643 -0.937213 2.05599 -2.51857 5.84179 1.45356 -1.15381 1.73881
1 2.44 2.9048 -3.74601 12.8179 0.157438 -0.038496 -0.872523 2.68751 -1.89743 -3.43287 0.837365 3.3331 14.2667
4 2.44 1.5 0 1.5 0 0 1.57075 0 0 0 0 0 0
5 2.44 50 0.00720787 12
6 2.44 -546.737 -0.853587 4.9383 39.9934
0 2.45 2.85279 -3.68199 12.6657 0.116529 -0.00216307 -0.917309 2.02594 -2.50048 5.87905 1.46878 -1.17066 1.73215
1 2.45 2.93382 -3.78201 12.9008 0.175143 -0.0567274 -0.853937 2.69858 -2.00487 -1.64962 -0.67094 2.97669 11.7451
4 2.45 1.5 0 1.5 0 0 1.57075 0 0 0 0 0 0
5 2.45 50 0.00688887 9
6 2.45 -440.083 -2.56004 4.54732 31.9645
0 2.47 2.88497 -3.72132 12.7528 0.145584 -0.0298016 -0.886378 1.98211 -2.47541 5.91346 1.50497 -1.20284 1.68105
1 2.47 2.96425 -3.82033 12.9894 0.204008 -0.087161 -0.826801 2.99468 -1.94319 -2.12114 -6.27716 2.32076 -0.763762
4 2.47 1.5 0 1.5 0 0 1.57075 0 0 0 0 0 0
5 2.47 50 0.00987148 15
6 2.47 -473.3 -8.8729 3.83286 -7.8071
0 2.48 2.90762 -3.74936 12.8168 0.160464 -0.0446561 -0.871772 1.94775 -2.45678 5.93766 1.52488 -1.24038 1.62172
1 2.48 2.98553 -3.84763 13.0543 0.218952 -0.103999 -0.815608 3.24615 -1.86145 -2.95358 -3.95215 1.05222 -1.1164
4 2.48 1.5 0 1.5 0 0 1.57075 0 0 0 0 0 0
5 2.48 50 0.00853443 13
6 2.48 -527.855 -6.29285 2.42524 -8.7436
0 2.49 2.93313 -3.78106 12.8883 0.174706 -0.0592289 -0.85823 1.91487 -2.44078 5.96534 1.53134 -1.24522 1.60837
1 2.49 3.00973 -3.87869 13.1269 0.232716 -0.119462 -0.803436 2.93047 -2.02452 -0.31249 -1.32349 1.02365 6.06897
4 2.49 1.5 0 1.5 0 0 1.57075 0 0 0 0 0 0
5 2.49 50 0.00209427 3
6 2.49 -366.698 -3.35812 2.39885 14.2383
0 2.5 2.9592 -3.81398 12.965 0.181972 -0.0668273 -0.851107 1.87438 -2.42245 5.99365 1.52888 -1.25266 1.60888
1 2.5 3.03418 -3.91088 13.2047 0.239498 -0.127753 -0.796761 3.7929 -1.67488 -4.89388 -16.6495 3.39056 8.68561
4 2.5 1.5 0 1.5 0 0 1.57075 0 0 0 0 0 0
5 2.5 50 0.0107276 18
6 2.5 -655.081 -20.5048 5.12324 22.5903
0 2.52 2.97978 -3.84017 13.0252 0.21703 -0.105184 -0.817447 1.83678 -2.40592 6.01365 1.54878 -1.28054 1.60621
1 2.52 3.05325 -3.93641 13.2657 0.273522 -0.169039 -0.765448 5.21046 -1.32906 -8.79926 4.20399 -6.07423 3.20934
4 2.52 1.5 0 1.5 0 0 1.57075 0 0 0 0 0 0
5 2.52 50 0.0114503 20
6 2.52 -909.5 2.80266 -5.70625 5.11573
0 2.53 3.00722 -3.87598 13.1107 0.2309 -0.121109 -0.804741 1.77912 -2.38211 6.04089 1.55088 -1.29093 1.60313
1 2.53 3.07839 -3.97127 13.3524 0.286776 -0.186051 -0.753762 3.56613 -1.84621 -1.35811 -2.24154 2.32499 3.84437
4 2.53 1.5 0 1.5 0 0 1.57075 0 0 0 0 0 0
5 2.53 50 0.00640845 11
6 2.53 -444.107 -4.41267 3.9424 7.15287
0 2.54 3.02971 -3.90576 13.1812 0.244719 -0.137484 -0.791855 1.73758 -2.36784 6.0644 1.54882 -1.30193 1.62538
1 2.54 3.09921 -4.00048 13.4237 0.29969 -0.203762 -0.740913 3.01779 -2.00385 1.0438 -1.03134 2.39691 4.98559
4 2.54 1.5 0 1.5 0 0 1.57075 0 0 0 0 0 0
5 2.54 50 0.0051887 9
6 2.54 -294.966 -3.06008 4.03496 10.7252
0 2.55 3.05766 -3.94378 13.274 0.258528 -0.154336 -0.778848 1.67866 -2.34872 6.08471 1.55549 -1.30769 1.6408
1 2.55 3.12481 -4.03773 13.5174 0.312956 -0.221685 -0.728168 3.54475 -1.84152 -0.554588 4.62324 3.55784 1.58913
4 2.55 1.5 0 1.5 0 0 1.57075 0 0 0 0 0 0
5 2.55 50 0.00739455 11
6 2.55 -400.536 3.25701 5.37064 -0.167257
0 2.57 3.08375 -3.98005 13.3619 0.28631 -0.189066 -0.75344 1.60973 -2.32636 6.09136 1.68087 -1.40748 1.69524
1 2.57 3.14814 -4.0731 13.6055 0.34414 -0.262224 -0.703399 3.43758 -1.86122 0.395144 -1.93779 4.2576 4.01929
4 2.57 1.5 0 1.5 0 0 1.57075 0 0 0 0 0 0
5 2.57 50 0.00791264 12
6 2.57 -344.788 -4.24414 6.26332 7.41683
0 2.58 3.10229 -4.00664 13.4281 0.296532 -0.202078 -0.744523 1.55709 -2.31093 6.09346 1.72696 -1.43315 1.73157
1 2.58 3.16457 -4.09907 13.6718 0.355472 -0.277141 -0.694006 4.01454 -1.69633 -1.08731 2.58492 4.29541 3.36284
4 2.58 1.5 0 1.5 0 0 1.57075 0 0 0 0 0 0
5 2.58 50 0.00605536 11
6 2.58 -443.793 0.75697 6.32448 5.20502
0 2.59 3.12293 -4.03686 13.502 0.31493 -0.224858 -0.72861 1.50011 -2.29716 6.0936 1.8188 -1.36775 1.75741
1 2.59 3.18294 -4.12875 13.7457 0.376271 -0.298652 -0.677429 2.69764 -2.00159 2.65534 -1.81642 6.7648 9.37282
4 2.59 1.5 0 1.5 0 0 1.57075 0 0 0 0 0 0
5 2.59 50 0.00946236 19
6 2.59 -201.276 -4.26412 9.06554 24.3094
0 2.61 3.14263 -4.06686 13.5773 0.346682 -0.260128 -0.701268 1.43927 -2.28377 6.09139 1.96394 -1.18786 1.81943
1 2.61 3.2002 -4.15821 13.821 0.411319 -0.329543 -0.647145 4.76276 -1.43219 -1.777 7.31543 13.5604 10.0085
4 2.61 1.5 0 1.5 0 0 1.57075 0 0 0 0 0 0
5 2.61 50 0.00951505 20
6 2.61 -503.821 5.81101 16.6246 26.1409
0 2.62 3.16109 -4.09553 13.648 0.362688 -0.277136 -0.6876 1.37558 -2.27044 6.08337 1.9893 -1.13785 1.84165
1 2.62 3.21611 -4.18634 13.8914 0.427261 -0.345825 -0.632783 1.14111 -2.33244 6.1896 3.37722 7.37582 8.48276
4 2.62 1.5 0 1.5 0 0 1.57075 0 0 0 0 0 0
5 2.62 50 0.00375533 5
6 2.62 33.962 1.38152 9.46406 21.1992
0 2.63 3.17845 -4.12391 13.72 0.379394 -0.294816 -0.672861 1.30988 -2.25817 6.07423 2.01264 -1.07666 1.88241
1 2.63 3.23084 -4.21424 13.9629 0.443504 -0.362706 -0.616434 2.86228 -1.83159 2.55936 0.111388 3.79904 6.68618
4 2.63 1.5 0 1.5 0 0 1.57075 0 0 0 0 0 0
5 2.63 50 0.00505519 9
6 2.63 -215.177 -2.29312 5.27976 15.3336
0 2.64 3.19709 -4.15531 13.798 0.394459 -0.31089 -0.659226 1.24334 -2.2498 6.06703 2.012 -1.03848 1.90428
1 2.64 3.24683 -4.2453 14.0406 0.457473 -0.378512 -0.602131 2.97501 -1.75591 2.35593 -0.281426 4.12233 6.83512
4 2.64 1.5 0 1.5 0 0 1.57075 0 0 0 0 0 0
5 2.64 50 0.0106988 20
6 2.64 -231.265 -2.72791 5.60332 15.7393
0 2.66 3.21106 -4.17997 13.8605 0.413736 -0.331748 -0.640695 1.18767 -2.24359 6.05902 2.01615 -0.971518 1.95557
1 2.66 3.25857 -4.26972 14.1028 0.475091 -0.398778 -0.581466 4.54133 -1.23592 -0.38954 9.85777 6.05807 -7.82874
4 2.66 1.5 0 1.5 0 0 1.57075 0 0 0 0 0 0
5 2.66 50 0.0100996 18
6 2.66 -428.485 8.61861 7.73818 -31.2386
0 2.68 3.2271 -4.20919 13.9332 0.443359 -0.365226 -0.610217 1.11579 -2.23705 6.04174 2.00167 -0.91782 2.00602
1 2.68 3.27173 -4.29867 14.1748 0.501732 -0.432811 -0.549477 2.11596 -1.91033 3.9954 3.3595 5.64725 7.4246
4 2.68 1.5 0 1.5 0 0 1.57075 0 0 0 0 0 0
5 2.68 50 0.00526547 8
6 2.68 -120.066 1.36867 7.1992 17.2967
0 2.68 3.24161 -4.2377 14.0057 0.45393 -0.377673 -0.59835 1.04257 -2.23231 6.02224 1.99027 -0.876574 2.03006
1 2.68 3.28332 -4.327 14.2466 0.510688 -0.444793 -0.536378 1.92237 -1.93562 4.21869 -1.1937 0.846754 2.76638
4 2.68 1.5 0 1.5 0 0 1.57075 0 0 0 0 0 0
5 2.68 50 0.00371075 6
6 2.68 -103.464 -3.70814 1.64209 2.34873
0 2.69 3.25525 -4.26515 14.0736 0.464322 -0.390166 -0.586363 0.969692 -2.23158 5.99733 1.98478 -0.844589 2.05475
1 2.69 3.29404 -4.35441 14.3135 0.519713 -0.457178 -0.523261 4.25398 -1.08846 0.490867 4.17566 6.02918 10.9865
4 2.69 1.5 0 1.5 0 0 1.57075 0 0 0 0 0 0
5 2.69 50 0.0074358 12
6 2.69 -378.795 2.30943 7.54817 28.5126
0 2.7 3.26543 -4.28738 14.1295 0.477944 -0.406697 -0.570456 0.907469 -2.23159 5.97741 1.98004 -0.809241 2.04124
1 2.7 3.30173 -4.37665 14.3686 0.532332 -0.472995 -0.507728 2.70651 -1.57865 2.88812 -9.28112 11.9847 14.6984
4 2.7 1.5 0 1.5 0 0 1.57075 0 0 0 0 0 0
5 2.7 50 0.00845289 14
6 2.7 -202.552 -12.7353 14.3435 40.4063
0 2.71 3.27896 -4.31885 14.2071 0.493132 -0.425405 -0.552676 0.832881 -2.23664 5.96343 1.96452 -0.789465 2.02115
1 2.71 3.31227 -4.40832 14.4456 0.546221 -0.491493 -0.490905 3.8716 -1.08156 1.201 -8.06127 4.61681 -5.58786
4 2.71 1.5 0 1.5 0 0 1.57075 0 0 0 0 0 0
5 2.71 50 0.0105534 20
6 2.71 -333.603 -11.3485 5.87341 -24.2936
0 2.72 3.29019 -4.3475 14.2787 0.507141 -0.443587 -0.535092 0.758397 -2.24164 5.94739 1.89615 -0.776267 2.01605
1 2.72 3.32053 -4.43717 14.5166 0.556657 -0.509896 -0.473743 3.34767 -1.21348 1.97086 -1.75769 7.51972 8.60766
4 2.72 1.5 0 1.5 0 0 1.57075 0 0 0 0 0 0
5 2.72 50 0.0107286 19
6 2.72 -278.047 -4.21633 9.2011 21.0421
0 2.74 3.3015 -4.3782 14.3536 0.527125 -0.472215 -0.508263 0.670851 -2.24834 5.92157 1.83183 -0.757029 2.0415
1 2.74 3.32834 -4.46813 14.5905 0.572132 -0.539465 -0.44612 2.2032 -1.60192 3.52418 1.08069 10.1852 6.44871
4 2.74 1.5 0 1.5 0 0 1.57075 0 0 0 0 0 0
5 2.74 50 0.0103478 20
6 2.74 -159.555 -0.966892 12.2441 14.0684
0 2.75 3.31086 -4.40762 14.4265 0.541724 -0.495176 -0.486456 0.582912 -2.25619 5.8934 1.79959 -0.727152 2.06308
1 2.75 3.33418 -4.49786 14.6622 0.583621 -0.562648 -0.423141 3.80812 -0.83155 1.45502 17.4564 25.1877 16.1126
4 2.75 1.5 0 1.5 0 0 1.57075 0 0 0 0 0 0
5 2.75 50 0.00427461 7
6 2.75 -328.71 17.3958 29.4248 44.8515
0 2.77 3.31786 -4.42988 14.4797 0.551288 -0.511008 -0.471607 0.50827 -2.26273 5.86319 1.78791 -0.718641 2.05517
1 2.77 3.33819 -4.52039 14.7142 0.591983 -0.578554 -0.408584 2.40354 -1.39976 3.15876 -6.47314 2.18238 0.36716
4 2.77 1.5 0 1.5 0 0 1.57075 0 0 0 0 0 0
5 2.77 50 0.0117936 20
6 2.77 -190.587 -9.36418 3.02363 -5.39042
0 2.78 3.32585 -4.46296 14.5601 0.560641 -0.52702 -0.456492 0.395939 -2.27598 5.81726 1.77759 -0.704938 2.05051
1 2.78 3.34169 -4.554 14.7928 0.600047 -0.594513 -0.39347 1.55316 -1.73275 4.05137 4.15676 4.11398 -6.49561
4 2.78 1.5 0 1.5 0 0 1.57075 0 0 0 0 0 0
5 2.78 50 0.0016737 2
6 2.78 -114.927 2.54382 5.22652 -27.2849
0 2.79 3.33214 -4.4899 14.6234 0.576788 -0.556311 -0.428846 0.296281 -2.2893 5.76884 1.75781 -0.685098 2.06447
1 2.79 3.344 -4.58148 14.8541 0.613351 -0.624315 -0.364934 1.50909 -1.68821 4.00461 4.85471 3.75547 -9.19353
4 2.79 1.5 0 1.5 0 0 1.57075 0 0 0 0 0 0
5 2.79 50 0.00136781 2
6 2.79 -118.042 3.34944 4.79377 -35.9426
0 2.8 3.33689 -4.5207 14.6963 0.585378 -0.573336 -0.412617 0.185481 -2.30796 5.71361 1.73988 -0.663185 2.07955
1 2.8 3.34431 -4.61302 14.9248 0.61967 -0.641406 -0.347534 2.46191 -1.14479 2.81389 -7.83726 11.8249 -0.39054
4 2.8 1.5 0 1.5 0 0 1.57075 0 0 0 0 0 0
5 2.8 50 0.00745964 12
6 2.8 -219.321 -10.8288 14.0278 -7.88709
0 2.81 3.34093 -4.54547 14.7526 0.595472 -0.594708 -0.391217 0.10847 -2.32472 5.67695 1.72152 -0.620428 2.0946
1 2.81 3.34527 -4.63846 14.9797 0.626831 -0.662248 -0.324282 2.40353 -1.10463 2.83566 -2.24577 0.380022 5.85551
4 2.81 1.5 0 1.5 0 0 1.57075 0 0 0 0 0 0
5 2.81 50 0.00745535 12
6 2.81 -218.732 -4.54534 0.848752 12.0055
0 2.82 3.34386 -4.57548 14.8211 0.602771 -0.61096 -0.375249 0.012639 -2.34777 5.63012 1.71387 -0.605662 2.08364
1 2.82 3.34437 -4.66939 15.0463 0.632861 -0.678168 -0.308196 4.39532 0.0504021 0.670316 -6.77065 12.8787 -1.6965
4 2.82 1.5 0 1.5 0 0 1.57075 0 0 0 0 0 0
5 2.82 50 0.0103142 18
6 2.82 -414.605 -9.59663 15.1747 -12.0693
0 2.84 3.34648 -4.60542 14.8874 0.616517 -0.644846 -0.339471 -0.0855402 -2.37305 5.57876 1.53719 -0.421547 1.9937
1 2.84 3.34305 -4.70034 15.1106 0.6364 -0.704714 -0.270255 6.14057 1.2573 -1.01216 1.16534 9.23543 3.58906
4 2.84 1.5 0 1.5 0 0 1.57075 0 0 0 0 0 0
5 2.84 50 0.00584507 8
6 2.84 -582.247 -0.484821 10.8255 5.09245
0 2.85 3.34691 -4.63692 14.9571 0.619137 -0.657052 -0.323549 -0.191812 -2.40287 5.52565 1.36344 -0.264267 1.96124
1 2.85 3.33924 -4.73303 15.1782 0.629125 -0.711187 -0.25061 1.76738 -1.2321 3.20776 -4.2846 5.34099 -1.09258
4 2.85 1.5 0 1.5 0 0 1.57075 0 0 0 0 0 0
5 2.85 50 0.00939655 16
6 2.85 -182.897 -6.36204 6.20924 -9.7497
0 2.86 3.34741 -4.66706 15.0216 0.619809 -0.669645 -0.30465 -0.308652 -2.43582 5.45567 1.21394 -0.142005 1.94418
1 2.86 3.33507 -4.76449 15.2398 0.620864 -0.719442 -0.22812 3.90909 0.15166 0.961366 -14.6098 7.92437 -1.332
4 2.86 1.5 0 1.5 0 0 1.57075 0 0 0 0 0 0
5 2.86 50 0.0103316 16
6 2.86 -393.671 -17.7279 9.05897 -10.4594
0 2.87 3.34592 -4.6917 15.0739 0.618151 -0.682602 -0.28259 -0.400032 -2.46393 5.4011 1.05997 -0.0433491 1.9052
1 2.87 3.32991 -4.79026 15.29 0.610877 -0.728179 -0.203845 0.563445 -1.85641 4.07895 1.18232 1.66619 4.14151
4 2.87 1.5 0 1.5 0 0 1.57075 0 0 0 0 0 0
5 2.87 50 0.0025351 3
6 2.87 -90.0562 0.130141 1.79389 7.13938
0 2.89 3.34405 -4.72555 15.1431 0.61241 -0.702841 -0.245693 -0.501549 -2.50486 5.34916 0.89521 0.0244534 1.82419
1 2.89 3.32399 -4.82574 15.357 0.597161 -0.743985 -0.166704 3.66778 0.234436 0.969484 -4.22034 7.40093 -2.09413
4 2.89 1.5 0 1.5 0 0 1.57075 0 0 0 0 0 0
5 2.89 50 0.00633001 10
6 2.89 -391.164 -5.72017 8.32775 -12.5092
0 2.9 3.33888 -4.76455 15.2218 0.608448 -0.709838 -0.230684 -0.625977 -2.55584 5.29217 0.758351 0.12306 1.78868
1 2.9 3.31384 -4.86678 15.4335 0.58592 -0.746695 -0.149572 2.96518 -0.161735 1.46812 -0.815974 12.3937 2.29544
4 2.9 1.5 0 1.5 0 0 1.57075 0 0 0 0 0 0
5 2.9 50 0.0115676 20
6 2.9 -337.733 -1.74352 13.9659 1.61794
0 2.92 3.33514 -4.79535 15.2818 0.597797 -0.720485 -0.202679 -0.71327 -2.59494 5.25586 0.502895 0.290612 1.7533
1 2.92 3.30661 -4.89915 15.4921 0.561276 -0.750348 -0.116833 3.80448 0.485884 0.52924 9.15468 14.7237 -17.8391
4 2.92 1.5 0 1.5 0 0 1.57075 0 0 0 0 0 0
5 2.92 50 0.00454783 9
6 2.92 -427.379 9.72223 16.4863 -62.5485
0 2.92 3.32807 -4.83283 15.354 0.587988 -0.726945 -0.182287 -0.821844 -2.64379 5.20687 0.350606 0.36364 1.75489
1 2.92 3.29519 -4.93858 15.5623 0.542887 -0.753779 -0.0933222 1.90832 -0.757268 2.18026 -8.82994 8.12317 4.84567
4 2.92 1.5 0 1.5 0 0 1.57075 0 0 0 0 0 0
5 2.92 50 0.0102525 16
6 2.92 -259.514 -10.22 8.85165 9.86747
0 2.94 3.32113 -4.86891 15.4213 0.563575 -0.739873 -0.137876 -0.928216 -2.69199 5.15219 0.222657 0.351984 1.7348
1 2.94 3.284 -4.97659 15.6274 0.512067 -0.765041 -0.0482659 -0.125501 -2.12474 3.9742 -0.216298 1.45193 3.74288
4 2.94 1.5 0 1.5 0 0 1.57075 0 0 0 0 0 0
5 2.94 50 0.00555754 6
6 2.94 -77.07 -0.441197 1.22996 6.4109
0 2.95 3.31204 -4.90379 15.4853 0.550668 -0.746103 -0.116234 -1.02997 -2.73842 5.0976 0.182243 0.327801 1.72611
1 2.95 3.27084 -5.01333 15.6892 0.49723 -0.771057 -0.0267672 5.00173 1.55961 -1.23691 5.13786 4.99944 -8.0161
4 2.95 1.5 0 1.5 0 0 1.57075 0 0 0 0 0 0
5 2.95 50 0.0049181 10
6 2.95 -581.595 5.59116 5.33378 -31.1019
0 2.96 3.30419 -4.93604 15.5428 0.537122 -0.752513 -0.0941238 -1.12833 -2.78287 5.0369 0.138591 0.280192 1.71032
1 2.96 3.25906 -5.04735 15.7443 0.482262 -0.777888 -0.00574567 0.26092 -1.78557 3.26741 0.0455576 4.29455 5.72669
4 2.96 1.5 0 1.5 0 0 1.57075 0 0 0 0 0 0
5 2.96 50 0.00545192 9
6 2.96 -134.485 -0.0648925 4.5861 12.8223
0 2.97 3.2934 -4.96985 15.6018 0.523116 -0.759011 -0.0720989 -1.22693 -2.82792 4.97562 0.113778 0.248063 1.71545
1 2.97 3.24432 -5.08297 15.8008 0.466581 -0.784696 0.0166633 1.18546 -1.08602 2.17892 -13.5122 6.79969 -5.83432
4 2.97 1.5 0 1.5 0 0 1.57075 0 0 0 0 0 0
5 2.97 50 0.00907803 12
6 2.97 -234.313 -15.2114 7.50064 -24.1026
0 2.99 3.28111 -5.00957 15.6687 0.49779 -0.770918 -0.0335647 -1.32257 -2.87656 4.92157 0.0675267 0.158183 1.72916
1 2.99 3.22821 -5.12464 15.8655 0.438519 -0.798385 0.0553745 0.770404 -1.35437 2.42849 -7.02175 9.54702 3.25532
4 2.99 1.5 0 1.5 0 0 1.57075 0 0 0 0 0 0
5 2.99 50 0.0106654 20
6 2.99 -204.161 -7.90987 10.7623 4.87229
0 3.01 3.26907 -5.04277 15.7237 0.479023 -0.779721 -0.0058887 -1.40294 -2.91704 4.87497 0.037438 0.103308 1.73243
1 3.01 3.21296 -5.15945 15.9187 0.417834 -0.807994 0.083271 -0.289221 -2.10442 3.36099 -0.538384 3.48269 2.48313
4 3.01 1.5 0 1.5 0 0 1.57075 0 0 0 0 0 0
5 3.01 50 0.00556731 9
6 3.01 -108.858 -0.62965 3.87186 2.3966
0 3.02 3.2566 -5.07848 15.7814 0.462404 -0.787508 0.0177355 -1.4915 -2.96102 4.81914 0.0142787 0.0517555 1.72241
1 3.02 3.19694 -5.19693 15.9742 0.400125 -0.81639 0.106431 -0.698031 -2.38157 3.6265 -1.37119 1.599 3.31039
4 3.02 1.5 0 1.5 0 0 1.57075 0 0 0 0 0 0
5 3.02 50 0.00333834 6
6 3.02 -77.6144 -1.54292 1.77315 5.06964
0 3.03 3.24101 -5.11617 15.841 0.444325 -0.795924 0.0430333 -1.58295 -3.00687 4.76129 -0.00444346 0.0100605 1.68424
1 3.03 3.17769 -5.23645 16.0315 0.381849 -0.824519 0.130224 0.80567 -1.26244 1.95871 4.94586 13.2878 5.13441
4 3.03 1.5 0 1.5 0 0 1.57075 0 0 0 0 0 0
5 3.03 50 0.00527167 8
6 3.03 -233.695 5.54032 15.2344 11.0147
0 3.04 3.22654 -5.15295 15.8977 0.432662 -0.801316 0.0590438 -1.67145 -3.05134 4.70202 -0.0212122 -0.0207408 1.66049
1 3.04 3.15969 -5.275 16.0858 0.369923 -0.829918 0.14521 -0.802839 -2.41739 3.43346 -0.460645 1.10669 3.26519
4 3.04 1.5 0 1.5 0 0 1.57075 0 0 0 0 0 0
5 3.04 50 0.00316429 5
6 3.04 -84.9596 -0.494502 1.29645 5.123
0 3.05 3.21302 -5.18315 15.9433 0.416824 -0.808641 0.0803478 -1.74271 -3.08724 4.6547 -0.0417013 -0.0696901 1.65354
1 3.05 3.14332 -5.30664 16.1295 0.352981 -0.837968 0.166302 0.710038 -1.30032 1.79165 0.588682 6.57032 9.88478
4 3.05 1.5 0 1.5 0 0 1.57075 0 0 0 0 0 0
5 3.05 50 0.0108047 20
6 3.05 -239.684 0.695913 7.62396 26.2783
0 3.06 3.19723 -5.21968 15.997 0.400146 -0.816351 0.102518 -1.81539 -3.12729 4.61185 -0.0614051 -0.11412 1.67579
1 3.06 3.12461 -5.34477 16.1815 0.3339 -0.846668 0.190062 -0.987133 -2.52535 3.38713 -1.52576 1.48612 3.23164
4 3.06 1.5 0 1.5 0 0 1.57075 0 0 0 0 0 0
5 3.06 50 0.00538516 7
6 3.06 -80.8202 -1.65413 1.84452 4.96707
0 3.07 3.17156 -5.27158 16.0715 0.366591 -0.831836 0.146256 -1.91908 -3.18274 4.54662 -0.0798965 -0.189091 1.72603
1 3.07 3.0948 -5.39889 16.2534 0.295634 -0.863644 0.237927 -1.00525 -2.52297 3.24283 -1.40677 1.69467 4.27598
4 3.07 1.5 0 1.5 0 0 1.57075 0 0 0 0 0 0
5 3.07 50 0.00773835 11
6 3.07 -88.7815 -1.51135 2.17272 8.14073
0 3.08 3.15695 -5.30338 16.1164 0.348713 -0.839894 0.169108 -1.98619 -3.21696 4.49618 -0.0905211 -0.221015 1.75093
1 3.08 3.0775 -5.43206 16.2962 0.275044 -0.872133 0.263186 -1.14278 -2.61056 3.26691 -1.45652 1.30643 2.53977
4 3.08 1.5 0 1.5 0 0 1.57075 0 0 0 0 0 0
5 3.08 50 0.00324345 5
6 3.08 -81.7041 -1.56008 1.76561 2.5184
0 3.09 3.1373 -5.34145 16.1686 0.334622 -0.846091 0.187014 -2.06047 -3.26206 4.43741 -0.0971711 -0.255957 1.78071
1 3.09 3.05488 -5.47193 16.3461 0.25855 -0.879153 0.28343 -0.80756 -2.36422 2.80719 -3.51672 5.06632 7.93531
4 3.09 1.5 0 1.5 0 0 1.57075 0 0 0 0 0 0
5 3.09 50 0.0020442 2
6 3.09 -121.085 -3.86344 6.12071 19.6486
0 3.11 3.10677 -5.39987 16.2462 0.290029 -0.865196 0.242678 -2.1566 -3.3214 4.3722 -0.123225 -0.33704 1.86906
1 3.11 3.0205 -5.53273 16.4211 0.205532 -0.899495 0.347204 -1.25182 -2.68049 3.1004 -1.08893 0.794118 5.44305
4 3.11 1.5 0 1.5 0 0 1.57075 0 0 0 0 0 0
5 3.11 50 0.00169015 2
6 3.11 -86.68 -1.13206 1.31691 11.41
0 3.12 3.08441 -5.4397 16.2981 0.27367 -0.871934 0.262897 -2.22397 -3.36064 4.32453 -0.128369 -0.366606 1.89941
1 3.12 2.99545 -5.57413 16.4711 0.186205 -0.906586 0.370438 -1.34536 -2.74086 3.08382 -0.902805 0.967588 4.97888
4 3.12 1.5 0 1.5 0 0 1.57075 0 0 0 0 0 0
5 3.12 50 0.00334048 5
6 3.12 -83.8859 -0.923487 1.55098 9.83124
0 3.13 3.05792 -5.48807 16.3597 0.251396 -0.880748 0.290137 -2.31217 -3.40773 4.25077 -0.133724 -0.393677 1.92625
1 3.13 2.96543 -5.62438 16.5297 0.160381 -0.915167 0.401217 -1.44473 -2.79938 3.02864 -1.98623 1.14024 4.50633
4 3.13 1.5 0 1.5 0 0 1.57075 0 0 0 0 0 0
5 3.13 50 0.00767112 10
6 3.13 -82.4262 -2.13482 1.78126 8.23696
0 3.14 3.03785 -5.52202 16.4019 0.227922 -0.889497 0.318435 -2.37367 -3.43937 4.19935 -0.139939 -0.427275 1.96349
1 3.14 2.94291 -5.65959 16.5699 0.132727 -0.923892 0.433783 -1.40263 -2.76268 2.88742 -2.91081 1.92188 4.06413
4 3.14 1.5 0 1.5 0 0 1.57075 0 0 0 0 0 0
5 3.14 50 0.00265431 4
6 3.14 -91.8006 -3.16899 2.71802 6.70637
0 3.15 3.01032 -5.56973 16.4598 0.198185 -0.900044 0.354324 -2.4494 -3.48106 4.1426 -0.14153 -0.472616 2.01065
1 3.15 2.91234 -5.70897 16.6255 0.0978402 -0.934414 0.475194 -1.50349 -2.82657 2.86608 -1.46017 1.2122 6.07925
4 3.15 1.5 0 1.5 0 0 1.57075 0 0 0 0 0 0
5 3.15 50 0.00287652 5
6 3.15 -88.8607 -1.55317 1.95664 12.9891
0 3.17 2.98051 -5.61768 16.5165 0.144536 -0.917611 0.418951 -2.52722 -3.52181 4.08198 -0.145708 -0.534445 2.08058
1 3.17 2.87942 -5.75856 16.6798 0.0351111 -0.950753 0.5494 0.563126 -1.4066 0.870776 -4.13739 1.79005 12.7116
4 3.17 1.5 0 1.5 0 0 1.57075 0 0 0 0 0 0
5 3.17 50 0.0116401 20
6 3.17 -287.092 -4.55729 2.69209 33.9395
0 3.19 2.95977 -5.65265 16.5573 0.117958 -0.925393 0.45043 -2.58737 -3.55163 4.02863 -0.143999 -0.559657 2.12622
1 3.19 2.85627 -5.79472 16.7185 0.00353138 -0.957633 0.586457 -1.33794 -2.70105 2.51044 -2.23677 2.27593 7.15181
4 3.19 1.5 0 1.5 0 0 1.57075 0 0 0 0 0 0
5 3.19 50 0.00263786 5
6 3.19 -115.436 -2.43896 3.27872 16.0443
0 3.2 2.9377 -5.68733 16.5968 0.088745 -0.933328 0.485099 -2.64722 -3.58035 3.97647 -0.149476 -0.591214 2.15364
1 3.2 2.83181 -5.83054 16.7559 -0.0302625 -0.964518 0.62575 -0.918288 -2.40923 2.04688 -6.35563 5.62862 9.67708
4 3.2 1.5 0 1.5 0 0 1.57075 0 0 0 0 0 0
5 3.2 50 0.00332856 5
6 3.2 -158.822 -7.04827 7.16286 24.0187
