3 0.97 -10 0 0 0 0 0 0 0 0 0 0 0 0
0 0.97 -1.1337 -0.144091 0.719095 -0.0470492 0.0268034 1.54903 0.0142605 0.150344 0.128712 -0.0177841 0.00730891 0.00469569
1 0.97 -1.13313 -0.138077 0.724244 -0.0477559 0.0271043 1.54921 -0.0151861 0.167964 0.369485 0.742405 -0.089013 0.08916
4 0.97 1.5 0 1.5 0 0 1.57075 0 0 0 0 0 0
5 0.97 50 0.00203514 4
6 0.97 38.8388 0.850585 -0.110505 0.269652
0 0.99 -1.1333 -0.144352 0.719138 -0.0472826 0.0269011 1.54925 0.0111056 0.146739 0.12547 -0.00916835 0.0108457 0.00704142
1 0.99 -1.13286 -0.138483 0.724157 -0.0476423 0.0273477 1.54951 -0.0185237 0.164437 0.366931 0.741079 -0.0891663 0.0966788
4 0.99 1.5 0 1.5 0 0 1.57075 0 0 0 0 0 0
5 0.99 50 0.00207734 4
6 0.99 38.8815 0.839464 -0.114741 0.286167
0 1 -1.13303 -0.144076 0.719565 -0.047184 0.0268009 1.54933 0.00807338 0.144536 0.126191 0.0195589 -0.0144369 0.00990823
1 1 -1.13271 -0.138295 0.724612 -0.0463903 0.0262428 1.54976 -0.0214833 0.162159 0.367377 0.734223 -0.0974988 0.0745468
4 1 1.5 0 1.5 0 0 1.57075 0 0 0 0 0 0
5 1 50 0.00234795 4
6 1 38.8643 0.799632 -0.0953149 0.206358
0 1.01 -1.13274 -0.144428 0.719581 -0.0464333 0.0262214 1.54946 0.0058616 0.142245 0.129545 0.100185 -0.0719133 0.0121202
1 1.01 -1.1325 -0.138738 0.724763 -0.0424097 0.0233705 1.55008 -0.0233375 0.159551 0.373115 0.742086 -0.0915975 0.0708196
4 1.01 1.5 0 1.5 0 0 1.57075 0 0 0 0 0 0
5 1.01 50 0.0021069 4
6 1.01 39.0086 0.718157 -0.0226848 0.187389
0 1.02 -1.13248 -0.144269 0.720117 -0.04386 0.024578 1.54966 0.00381619 0.140261 0.137548 0.322599 -0.191607 0.0218947
1 1.02 -1.13233 -0.138658 0.725619 -0.0309263 0.0169595 1.55088 -0.0240957 0.156674 0.388693 0.764738 -0.0658599 0.0743461
4 1.02 1.5 0 1.5 0 0 1.57075 0 0 0 0 0 0
5 1.02 50 0.00204158 4
6 1.02 39.467 0.494369 0.143687 0.167381
0 1.03 -1.13217 -0.144564 0.720488 -0.0392842 0.0220883 1.55007 0.00269044 0.138254 0.14708 0.495942 -0.259003 0.04013
1 1.03 -1.13206 -0.139034 0.726372 -0.0194021 0.0117992 1.55208 -0.0223753 0.153031 0.399914 0.770052 -0.0736063 0.0318533
4 1.03 1.5 0 1.5 0 0 1.57075 0 0 0 0 0 0
5 1.03 50 0.0025928 4
6 1.03 39.5607 0.305853 0.211059 -0.0265692
0 1.05 -1.13199 -0.144334 0.721237 -0.0268078 0.0169955 1.55128 0.00208525 0.136992 0.154917 0.869091 -0.307889 0.0825835
1 1.05 -1.1319 -0.138855 0.727434 0.00801757 0.00477291 1.55491 -0.0157369 0.148781 0.435524 0.783289 -0.0356655 0.0261281
4 1.05 1.5 0 1.5 0 0 1.57075 0 0 0 0 0 0
5 1.05 50 0.0023644 4
6 1.05 41.2424 -0.0980848 0.306375 -0.180538
0 1.06 -1.13174 -0.144748 0.721555 -0.0173293 0.0140164 1.5522 0.00188598 0.135345 0.163826 0.998389 -0.282278 0.0862001
1 1.06 -1.13166 -0.139335 0.728108 0.0226573 0.00278674 1.55585 -0.00977839 0.145143 0.454784 0.784831 -0.0158338 0.0310528
4 1.06 1.5 0 1.5 0 0 1.57075 0 0 0 0 0 0
5 1.06 50 0.00211549 4
6 1.06 41.8661 -0.240942 0.298559 -0.176378
0 1.07 -1.13154 -0.144593 0.722485 -0.00406406 0.0107867 1.55328 0.00169596 0.134197 0.174541 1.07177 -0.233285 0.0863839
1 1.07 -1.13148 -0.139225 0.729466 0.0388443 0.00146943 1.55677 -0.000971269 0.14167 0.470509 0.758369 0.00055029 0.04081
4 1.07 1.5 0 1.5 0 0 1.57075 0 0 0 0 0 0
5 1.07 50 0.00252223 4
6 1.07 42.1654 -0.352313 0.260605 -0.145779
0 1.09 -1.13116 -0.145086 0.723485 0.0143809 0.00753556 1.55463 0.00277906 0.132372 0.186938 1.04876 -0.153628 0.0785801
1 1.09 -1.13104 -0.139791 0.730962 0.0563545 0.00134586 1.55769 0.0128202 0.137428 0.486921 0.730497 -0.0142048 0.0169605
4 1.09 1.5 0 1.5 0 0 1.57075 0 0 0 0 0 0
5 1.09 50 0.0021441 4
6 1.09 42.4141 -0.357099 0.153128 -0.196904
0 1.1 -1.13085 -0.144791 0.725275 0.0270864 0.00619129 1.55544 0.00452788 0.13063 0.19961 0.942224 -0.0641879 0.0617965
1 1.1 -1.13067 -0.139566 0.733259 0.0647902 0.00355777 1.55784 0.0232512 0.134608 0.495937 0.694635 -0.00840347 0.0412668
4 1.1 1.5 0 1.5 0 0 1.57075 0 0 0 0 0 0
5 1.1 50 0.00341582 4
6 1.1 42.2008 -0.277354 0.0591732 -0.06561
0 1.11 -1.13043 -0.145508 0.726165 0.0354046 0.00600639 1.55593 0.00698481 0.128612 0.209692 0.831074 0.00383728 0.0446163
1 1.11 -1.13015 -0.140363 0.734553 0.0686583 0.00609661 1.55772 0.0312839 0.132362 0.501668 0.679159 0.014057 0.093967
4 1.11 1.5 0 1.5 0 0 1.57075 0 0 0 0 0 0
5 1.11 50 0.00196481 4
6 1.11 41.945 -0.169965 0.00864977 0.157556
0 1.13 -1.13006 -0.145599 0.727687 0.0484901 0.00666609 1.55665 0.0105374 0.127121 0.222357 0.701361 0.0600588 0.0354439
1 1.13 -1.12964 -0.140515 0.736581 0.0765547 0.0089969 1.55818 0.0436 0.131187 0.509997 0.648255 0.01453 0.126338
4 1.13 1.5 0 1.5 0 0 1.57075 0 0 0 0 0 0
5 1.13 50 0.00173259 3
6 1.13 41.7024 -0.0592465 -0.0542981 0.290229
0 1.14 -1.12952 -0.146264 0.729085 0.0579816 0.00771888 1.55709 0.0171301 0.124425 0.242465 0.617949 0.0787492 0.0293801
1 1.14 -1.12883 -0.141287 0.738783 0.08271 0.0107955 1.55845 0.0561844 0.129075 0.521693 0.624797 0.00520761 0.141278
4 1.14 1.5 0 1.5 0 0 1.57075 0 0 0 0 0 0
5 1.14 50 0.00155282 3
6 1.14 41.2077 0.00785202 -0.0858818 0.357288
0 1.16 -1.12899 -0.146155 0.731411 0.0681114 0.00867663 1.55781 0.0256529 0.121876 0.267183 0.57179 0.0383755 0.0496803
1 1.16 -1.12796 -0.14128 0.742098 0.0910011 0.0100728 1.55989 0.0707743 0.127021 0.535163 0.60647 -0.00496823 0.14817
4 1.16 1.5 0 1.5 0 0 1.57075 0 0 0 0 0 0
5 1.16 50 0.00166702 3
6 1.16 40.5438 0.0389594 -0.0520854 0.314452
0 1.17 -1.12822 -0.147067 0.733129 0.0737231 0.0088392 1.55837 0.0349234 0.118908 0.293158 0.566453 0.0174504 0.0612109
1 1.17 -1.12682 -0.142311 0.744855 0.0964032 0.00935498 1.56086 0.0832295 0.124081 0.553861 0.598554 -0.00786159 0.150378
4 1.17 1.5 0 1.5 0 0 1.57075 0 0 0 0 0 0
5 1.17 50 0.00127268 2
6 1.17 40.1131 0.0360052 -0.031917 0.284676
0 1.18 -1.12734 -0.147392 0.735989 0.079342 0.00879284 1.55907 0.047189 0.111443 0.320329 0.567386 -0.00137426 0.0795909
1 1.18 -1.12545 -0.142934 0.748802 0.102065 0.00848571 1.56224 0.0988947 0.116548 0.577419 0.591001 -0.0207063 0.135999
4 1.18 1.5 0 1.5 0 0 1.57075 0 0 0 0 0 0
5 1.18 50 0.00114727 2
6 1.18 39.9084 0.0264147 -0.0259257 0.180083
0 1.2 -1.12625 -0.148441 0.73842 0.0906203 0.00797927 1.56118 0.059033 0.105677 0.345701 0.579709 -0.0354795 0.133622
1 1.2 -1.12389 -0.144213 0.752249 0.11385 0.00608222 1.56638 0.118018 0.110286 0.60188 0.570487 0.0117022 0.15985
4 1.2 1.5 0 1.5 0 0 1.57075 0 0 0 0 0 0
5 1.2 50 0.00153589 2
6 1.2 39.8904 -0.0107072 0.0477076 0.0837105
0 1.21 -1.12517 -0.148871 0.741545 0.0963679 0.00734711 1.56253 0.0714869 0.101502 0.372936 0.581688 -0.0446254 0.148987
1 1.21 -1.12231 -0.144811 0.756462 0.119678 0.00499696 1.56829 0.133844 0.105723 0.625203 0.563459 0.0208993 0.159562
4 1.21 1.5 0 1.5 0 0 1.57075 0 0 0 0 0 0
5 1.21 50 0.00117493 2
6 1.21 39.671 -0.0209394 0.0679898 0.0337309
0 1.22 -1.12394 -0.149838 0.744262 0.100688 0.00681795 1.56358 0.0853597 0.0978371 0.40276 0.585262 -0.0500296 0.155677
1 1.22 -1.12053 -0.145924 0.760372 0.124139 0.00420097 1.56958 0.148566 0.101645 0.635678 0.55853 0.0083326 0.108513
4 1.22 1.5 0 1.5 0 0 1.57075 0 0 0 0 0 0
5 1.22 50 0.0015831 3
6 1.22 38.4966 -0.0305471 0.0594031 -0.150606
0 1.23 -1.12285 -0.150218 0.747231 0.108237 0.00592677 1.56558 0.0976787 0.0954397 0.428721 0.588456 -0.0443726 0.16364
1 1.23 -1.11894 -0.146401 0.76438 0.131813 0.00345515 1.57189 0.164026 0.0987112 0.646727 0.556264 0.0185551 0.103617
4 1.23 1.5 0 1.5 0 0 1.57075 0 0 0 0 0 0
5 1.23 50 0.00124884 2
6 1.23 37.6081 -0.0366134 0.0642113 -0.191651
0 1.24 -1.12179 -0.151031 0.749409 0.112441 0.00549756 1.56677 0.109648 0.0932425 0.45246 0.59114 -0.0365083 0.16939
1 1.24 -1.11741 -0.147302 0.767507 0.136122 0.0032862 1.57334 0.178194 0.0963033 0.666988 0.54202 0.00598372 0.098723
4 1.24 1.5 0 1.5 0 0 1.57075 0 0 0 0 0 0
5 1.24 50 0.00126266 2
6 1.24 37.4112 -0.0554675 0.0404466 -0.22563
0 1.25 -1.12027 -0.151482 0.753321 0.119865 0.00491019 1.56889 0.125824 0.0910859 0.484407 0.585849 -0.0156782 0.169097
1 1.25 -1.11524 -0.147838 0.772697 0.143332 0.00347875 1.57553 0.196879 0.0938472 0.681903 0.532238 0.00798794 0.0973973
4 1.25 1.5 0 1.5 0 0 1.57075 0 0 0 0 0 0
5 1.25 50 0.000762701 1
6 1.25 36.3927 -0.0602024 0.0189358 -0.228911
0 1.27 -1.1179 -0.152676 0.758543 0.131031 0.00464318 1.57202 0.143294 0.0882948 0.517494 0.540769 0.0275228 0.147205
1 1.27 -1.11217 -0.149144 0.779243 0.152689 0.00496532 1.578 0.220109 0.0910952 0.707991 0.504813 0.000603454 0.120804
4 1.27 1.5 0 1.5 0 0 1.57075 0 0 0 0 0 0
5 1.27 50 0.00090766 1
6 1.27 36.0115 -0.0398996 -0.0374878 -0.0842682
0 1.28 -1.11549 -0.153247 0.764485 0.136201 0.00473492 1.5734 0.161832 0.0862885 0.55082 0.531007 0.0328632 0.138237
1 1.28 -1.10901 -0.149796 0.786518 0.157468 0.00528648 1.57905 0.240787 0.0892218 0.734579 0.493498 0.0172932 0.144448
4 1.28 1.5 0 1.5 0 0 1.57075 0 0 0 0 0 0
5 1.28 50 0.000752926 1
6 1.28 35.62 -0.0415979 -0.0239523 0.0198475
0 1.29 -1.11272 -0.154446 0.770322 0.140946 0.00484585 1.57459 0.183931 0.0839528 0.58752 0.518439 0.0334757 0.124998
1 1.29 -1.10536 -0.151088 0.793823 0.161709 0.00546921 1.57973 0.264589 0.087014 0.763659 0.475202 0.00848391 0.15243
4 1.29 1.5 0 1.5 0 0 1.57075 0 0 0 0 0 0
5 1.29 50 0.000884533 1
6 1.29 35.1722 -0.048036 -0.0340487 0.0875951
0 1.3 -1.1105 -0.154909 0.775469 0.146436 0.00499709 1.57585 0.201228 0.0823083 0.616754 0.507453 0.0334155 0.106104
1 1.3 -1.10245 -0.151617 0.800139 0.166756 0.00570013 1.58024 0.284175 0.0855381 0.786839 0.463069 0.0134537 0.163495
4 1.3 1.5 0 1.5 0 0 1.57075 0 0 0 0 0 0
5 1.3 50 0.00124812 1
6 1.3 34.8253 -0.0493716 -0.0273685 0.18324
0 1.31 -1.10792 -0.156034 0.780589 0.152627 0.00514895 1.57711 0.222359 0.079881 0.654111 0.498662 0.0266356 0.0999226
1 1.31 -1.09903 -0.152839 0.806754 0.172595 0.00559432 1.58122 0.307744 0.0832787 0.816915 0.443122 -0.00153116 0.166164
4 1.31 1.5 0 1.5 0 0 1.57075 0 0 0 0 0 0
5 1.31 50 0.000944138 1
6 1.31 34.4067 -0.0619264 -0.0364492 0.211492
0 1.33 -1.10503 -0.156584 0.78704 0.16027 0.00514358 1.57871 0.245513 0.0781182 0.697677 0.466556 0.0131189 0.100557
1 1.33 -1.09521 -0.153459 0.814948 0.178953 0.00501972 1.58277 0.333655 0.0816215 0.850669 0.422013 -0.00279762 0.165527
4 1.33 1.5 0 1.5 0 0 1.57075 0 0 0 0 0 0
5 1.33 50 0.000838518 1
6 1.33 33.8394 -0.0497319 -0.0221527 0.207423
0 1.34 -1.10122 -0.157972 0.794478 0.164258 0.00502474 1.57967 0.270845 0.075951 0.747458 0.443727 0.00420393 0.11007
1 1.34 -1.09039 -0.154934 0.824377 0.182029 0.00447069 1.58404 0.34483 0.0788508 0.801549 0.45033 0.00542496 0.102228
4 1.34 1.5 0 1.5 0 0 1.57075 0 0 0 0 0 0
5 1.34 50 0.00125122 2
6 1.34 27.721 0.00742635 -0.00265013 -0.0250328
0 1.35 -1.09693 -0.158737 0.803752 0.170006 0.00468908 1.58131 0.299705 0.0741011 0.80697 0.414174 -0.00226923 0.132453
1 1.35 -1.08494 -0.155773 0.836031 0.186597 0.00370323 1.58651 0.372674 0.076862 0.839782 0.437969 0.00729052 0.113823
4 1.35 1.5 0 1.5 0 0 1.57075 0 0 0 0 0 0
5 1.35 50 0.0010221 1
6 1.35 26.4255 0.0265993 0.00641793 -0.059478
0 1.37 -1.09354 -0.159974 0.810201 0.177245 0.0038704 1.58386 0.324918 0.0720864 0.859749 0.381638 -0.0207154 0.162067
1 1.37 -1.08055 -0.157091 0.844591 0.192535 0.00191174 1.59009 0.394653 0.0745048 0.856798 0.430243 0.00665099 0.107319
4 1.37 1.5 0 1.5 0 0 1.57075 0 0 0 0 0 0
5 1.37 50 0.00104642 1
6 1.37 24.2336 0.0541102 0.026268 -0.174793
0 1.38 -1.09026 -0.160724 0.816971 0.18126 0.00325165 1.58548 0.348529 0.0672389 0.90604 0.37625 -0.0200983 0.16466
1 1.38 -1.07632 -0.158034 0.853213 0.196331 0.00127357 1.59181 0.416644 0.069448 0.885436 0.422944 0.0083403 0.100045
4 1.38 1.5 0 1.5 0 0 1.57075 0 0 0 0 0 0
5 1.38 50 0.000390768 0
6 1.38 24.2336 0.0541102 0.026268 -0.174793
0 1.39 -1.08493 -0.162275 0.827409 0.183767 0.00288248 1.58651 0.379467 0.0625279 0.967705 0.376894 -0.0153276 0.163362
1 1.39 -1.06975 -0.159774 0.866117 0.198861 0.00108562 1.59282 0.448849 0.0646949 0.948732 0.407435 0.0133782 0.105108
4 1.39 1.5 0 1.5 0 0 1.57075 0 0 0 0 0 0
5 1.39 50 0.00842929 20
6 1.39 23.2642 0.0339673 0.027828 -0.185981
0 1.4 -1.0794 -0.163219 0.839053 0.188694 0.00230068 1.58849 0.411315 0.059216 1.03229 0.384527 -0.00347408 0.149295
1 1.4 -1.06294 -0.16085 0.880345 0.204088 0.00104401 1.59433 0.48132 0.0612985 1.00661 0.390716 0.0173677 0.0955626
4 1.4 1.5 0 1.5 0 0 1.57075 0 0 0 0 0 0
5 1.4 50 0.00852466 20
6 1.4 22.8675 0.00688199 0.0191505 -0.171544
0 1.41 -1.07352 -0.164751 0.850613 0.192511 0.0019691 1.58988 0.445331 0.0563372 1.10018 0.384991 0.000269179 0.14108
1 1.41 -1.05571 -0.162497 0.89462 0.207922 0.000899989 1.59542 0.515413 0.0583834 1.06745 0.375324 0.0202909 0.0901535
4 1.41 1.5 0 1.5 0 0 1.57075 0 0 0 0 0 0
5 1.41 50 0.00903916 20
6 1.41 22.4446 -0.0108134 0.0184663 -0.162583
0 1.42 -1.06783 -0.165605 0.862563 0.197156 0.00163517 1.59143 0.476953 0.0544459 1.16393 0.385152 0.00444867 0.125235
1 1.42 -1.04875 -0.163427 0.90912 0.21257 0.000828415 1.59638 0.547427 0.0564775 1.12447 0.358239 0.0225119 0.0793202
4 1.42 1.5 0 1.5 0 0 1.57075 0 0 0 0 0 0
5 1.42 50 0.00942922 20
6 1.42 22.0447 -0.0300678 0.0167236 -0.146582
0 1.44 -1.06061 -0.167308 0.876792 0.204152 0.00126271 1.59351 0.511024 0.052595 1.23427 0.378363 0.00429715 0.0977847
1 1.44 -1.04017 -0.165204 0.926163 0.219291 0.00063804 1.59737 0.582494 0.0546545 1.18722 0.334326 0.0245401 0.0605792
4 1.44 1.5 0 1.5 0 0 1.57075 0 0 0 0 0 0
5 1.44 50 0.00885677 20
6 1.44 21.601 -0.0492383 0.0201564 -0.118777
0 1.45 -1.05319 -0.168374 0.892285 0.206504 0.00114171 1.59411 0.546926 0.0515447 1.31248 0.366489 0.00445369 0.0933563
1 1.45 -1.03131 -0.166312 0.944784 0.221168 0.000550408 1.59781 0.617508 0.0535758 1.25714 0.321674 0.0264611 0.0577418
4 1.45 1.5 0 1.5 0 0 1.57075 0 0 0 0 0 0
5 1.45 50 0.00963664 20
6 1.45 21.093 -0.0501102 0.0224117 -0.113697
0 1.46 -1.04617 -0.169929 0.906159 0.210861 0.000895147 1.59521 0.584165 0.0505545 1.3961 0.347171 0.000567613 0.0876391
1 1.46 -1.02281 -0.167907 0.962003 0.224751 0.000183627 1.59864 0.654414 0.052564 1.33203 0.303545 0.0283631 0.0534832
4 1.46 1.5 0 1.5 0 0 1.57075 0 0 0 0 0 0
5 1.46 50 0.0090909 20
6 1.46 20.5659 -0.04881 0.0293667 -0.109042
0 1.47 -1.03934 -0.170827 0.92051 0.214215 0.000674918 1.59604 0.619969 0.0503351 1.47962 0.328164 -0.00244037 0.0833285
1 1.47 -1.01454 -0.168813 0.979695 0.227344 -0.000129026 1.59927 0.689478 0.0523056 1.40685 0.288462 0.02969 0.0500385
4 1.47 1.5 0 1.5 0 0 1.57075 0 0 0 0 0 0
5 1.47 50 0.00881171 20
6 1.47 20.0353 -0.0444399 0.0345958 -0.106279
0 1.49 -1.03292 -0.172214 0.933236 0.219793 2.654e-05 1.59738 0.655898 0.0501278 1.56711 0.260873 -0.0205579 0.0752058
1 1.49 -1.00668 -0.170209 0.99592 0.230228 -0.00143187 1.60013 0.725234 0.0519795 1.48519 0.264907 0.0306942 0.0429632
4 1.49 1.5 0 1.5 0 0 1.57075 0 0 0 0 0 0
5 1.49 50 0.00885296 20
6 1.49 19.4856 0.00438754 0.0571755 -0.102941
0 1.5 -1.02493 -0.173166 0.950261 0.222186 -0.000379705 1.59801 0.699054 0.0502832 1.67814 0.24146 -0.0235428 0.0735819
1 1.5 -0.996967 -0.171155 1.01739 0.231844 -0.00194686 1.60068 0.766631 0.0520092 1.58496 0.252561 0.033208 0.041239
4 1.5 1.5 0 1.5 0 0 1.57075 0 0 0 0 0 0
5 1.5 50 0.00934052 20
6 1.5 18.7893 0.0122787 0.0636379 -0.103261
0 1.51 -1.0151 -0.174938 0.970443 0.224438 -0.000862948 1.59858 0.745664 0.0499539 1.80187 0.219398 -0.0349019 0.0577503
1 1.51 -0.985273 -0.17294 1.04252 0.233213 -0.00273812 1.60052 0.811078 0.0515245 1.6961 0.240003 0.036062 0.0305079
4 1.51 1.5 0 1.5 0 0 1.57075 0 0 0 0 0 0
5 1.51 50 0.00812316 20
6 1.51 18.0075 0.0228912 0.0803675 -0.08698
0 1.52 -1.00444 -0.176061 0.993722 0.226511 -0.00138033 1.59901 0.796846 0.0501116 1.94286 0.204706 -0.0384089 0.0511223
1 1.52 -0.972567 -0.174056 1.07144 0.234697 -0.00333667 1.60066 0.859708 0.051509 1.82329 0.23202 0.0382715 0.0110835
4 1.52 1.5 0 1.5 0 0 1.57075 0 0 0 0 0 0
5 1.52 50 0.000507832 0
6 1.52 18.0075 0.0228912 0.0803675 -0.08698
0 1.54 -0.994815 -0.177745 1.01388 0.229433 -0.00244926 1.59948 0.845771 0.0499254 2.08137 0.170183 -0.0627552 0.0441418
1 1.54 -0.960985 -0.175748 1.09714 0.236238 -0.00529524 1.60063 0.904624 0.0509966 1.94099 0.20108 0.0508111 0.0835205
4 1.54 1.5 0 1.5 0 0 1.57075 0 0 0 0 0 0
5 1.54 50 0.000808954 1
6 1.54 15.852 0.0343443 0.129674 0.125704
0 1.55 -0.984201 -0.178814 1.03764 0.230951 -0.00375498 1.59979 0.898091 0.0506861 2.23581 0.104266 -0.113497 0.0424424
1 1.55 -0.948277 -0.176787 1.12707 0.235119 -0.00856291 1.6004 0.949256 0.0513527 2.06099 0.17365 0.0526152 0.0803302
4 1.55 1.5 0 1.5 0 0 1.57075 0 0 0 0 0 0
5 1.55 50 0.00161552 2
6 1.55 13.6901 0.0772411 0.190217 0.120943
0 1.56 -0.973257 -0.180612 1.06127 0.231645 -0.00523283 1.59989 0.944043 0.0504237 2.37222 0.0623978 -0.149548 0.035318
1 1.56 -0.935495 -0.178595 1.15615 0.23414 -0.0113793 1.59989 0.983691 0.0506978 2.14787 0.145018 0.0800735 0.208158
4 1.56 1.5 0 1.5 0 0 1.57075 0 0 0 0 0 0
5 1.56 50 0.000910044 1
6 1.56 10.5755 0.0920125 0.263267 0.55178
0 1.57 -0.957241 -0.182281 1.09795 0.231899 -0.00708976 1.59983 1.01211 0.0443912 2.57224 0.0169124 -0.190837 0.036105
1 1.57 -0.916757 -0.180506 1.20084 0.232578 -0.0148508 1.59948 1.03614 0.0443677 2.28155 0.12107 0.0691724 0.106118
4 1.57 1.5 0 1.5 0 0 1.57075 0 0 0 0 0 0
5 1.57 50 0.00140977 2
6 1.57 6.40102 0.11598 0.298264 0.223514
0 1.59 -0.944683 -0.184203 1.12599 0.231171 -0.0120708 1.59956 1.06753 0.0398177 2.73827 -0.0679613 -0.269669 0.044114
1 1.59 -0.901982 -0.18261 1.23552 0.228462 -0.0229749 1.59881 1.07552 0.0396382 2.37977 0.099247 0.0652173 0.0649081
4 1.59 1.5 0 1.5 0 0 1.57075 0 0 0 0 0 0
5 1.59 50 0.00189042 3
6 1.59 2.13312 0.186117 0.384471 0.066406
0 1.6 -0.933513 -0.185346 1.15221 0.230617 -0.0142672 1.59947 1.11379 0.0364955 2.87927 -0.0775615 -0.28153 0.0437859
1 1.6 -0.888962 -0.183886 1.26738 0.227527 -0.0256305 1.5986 1.10392 0.0368116 2.44489 0.0808058 0.0383207 -0.0953618
4 1.6 1.5 0 1.5 0 0 1.57075 0 0 0 0 0 0
5 1.6 50 0.00141263 2
6 1.6 -2.6415 0.17619 0.367253 -0.444204
0 1.61 -0.91837 -0.187422 1.18724 0.229553 -0.0181088 1.59916 1.17442 0.0320163 3.07009 -0.0997912 -0.320371 0.0507296
1 1.61 -0.871393 -0.186141 1.31004 0.225578 -0.0310492 1.59822 1.14904 0.0332604 2.56928 0.0817759 0.0504439 -0.0165872
4 1.61 1.5 0 1.5 0 0 1.57075 0 0 0 0 0 0
5 1.61 50 0.00169301 3
6 1.61 -6.81974 0.201827 0.425864 -0.214873
0 1.62 -0.903804 -0.188669 1.22275 0.228322 -0.0217495 1.59889 1.22766 0.0286378 3.2426 -0.132433 -0.363603 0.055432
1 1.62 -0.854698 -0.187524 1.35245 0.223049 -0.036418 1.59775 1.17054 0.0323691 2.60498 0.059055 0.0126635 0.199692
4 1.62 1.5 0 1.5 0 0 1.57075 0 0 0 0 0 0
5 1.62 50 0.00182915 3
6 1.62 -15.4236 0.212609 0.432308 0.460604
0 1.63 -0.890089 -0.190723 1.25484 0.226594 -0.025965 1.59854 1.2703 0.025188 3.37898 -0.188961 -0.40841 0.055169
1 1.63 -0.839277 -0.189715 1.39 0.219075 -0.0423795 1.59702 1.15428 0.0350026 2.48491 -0.00907956 0.156744 0.210587
4 1.63 1.5 0 1.5 0 0 1.57075 0 0 0 0 0 0
5 1.63 50 0.0028162 4
6 1.63 -31.5442 0.199427 0.649279 0.496259
0 1.65 -0.87492 -0.192327 1.29191 0.222197 -0.0339575 1.59754 1.31418 0.0215631 3.52067 -0.294432 -0.436806 0.0370288
1 1.65 -0.822353 -0.191464 1.43274 0.210501 -0.0513266 1.59514 1.17996 0.0380758 2.53669 -0.01297 0.144109 0.137957
4 1.65 1.5 0 1.5 0 0 1.57075 0 0 0 0 0 0
5 1.65 50 0.00199842 3
6 1.65 -37.1689 0.313607 0.667401 0.322359
0 1.66 -0.861029 -0.194368 1.32507 0.219902 -0.0372556 1.59706 1.35302 0.0175228 3.6468 -0.321547 -0.442868 0.0330043
1 1.66 -0.806909 -0.193667 1.47094 0.207136 -0.0548317 1.59448 1.2044 0.0382939 2.59263 -0.00851154 0.186047 0.204601
4 1.66 1.5 0 1.5 0 0 1.57075 0 0 0 0 0 0
5 1.66 50 0.0017848 3
6 1.66 -41.5624 0.349062 0.722449 0.547983
0 1.67 -0.840035 -0.196376 1.37786 0.215199 -0.0437955 1.59607 1.40742 0.0113725 3.83036 -0.311329 -0.421487 0.0332213
1 1.67 -0.783738 -0.195921 1.53108 0.202846 -0.0605498 1.59377 1.23008 0.0422535 2.63125 -0.116328 -0.218037 -0.0453827
4 1.67 1.5 0 1.5 0 0 1.57075 0 0 0 0 0 0
5 1.67 50 0.00288677 5
6 1.67 -50.6264 0.217043 0.23428 -0.250794
0 1.68 -0.820425 -0.199224 1.42599 0.213144 -0.0466403 1.59575 1.45103 0.00429859 3.97974 -0.285176 -0.386668 0.0377316
1 1.68 -0.762384 -0.199052 1.58518 0.201821 -0.0620763 1.59395 1.25917 0.0406442 2.7063 -0.0425449 -0.0827149 0.0662836
4 1.68 1.5 0 1.5 0 0 1.57075 0 0 0 0 0 0
5 1.68 50 0.003654 6
6 1.68 -55.2732 0.270288 0.349624 0.0912779
0 1.7 -0.800149 -0.201419 1.47773 0.208889 -0.0527868 1.59516 1.49376 -0.00330062 4.13177 -0.233636 -0.328083 0.0405981
1 1.7 -0.740399 -0.201551 1.643 0.199604 -0.0659616 1.59403 1.29032 0.0421008 2.78652 -0.0574404 3.47606e-05 0.493602
4 1.7 1.5 0 1.5 0 0 1.57075 0 0 0 0 0 0
5 1.7 50 0.00326991 5
6 1.7 -59.7422 0.196057 0.377243 1.4463
0 1.71 -0.784678 -0.203891 1.51603 0.205827 -0.0575749 1.59473 1.52645 -0.0110454 4.25041 -0.211486 -0.320602 0.0443947
1 1.71 -0.72362 -0.204333 1.68605 0.197418 -0.0704912 1.59384 1.31229 0.0424992 2.84039 -0.00486937 0.0509154 0.548479
4 1.71 1.5 0 1.5 0 0 1.57075 0 0 0 0 0 0
5 1.71 50 0.00310636 5
6 1.71 -63.7788 0.23002 0.427029 1.60937
0 1.72 -0.765026 -0.206206 1.56698 0.204226 -0.0600671 1.59454 1.56527 -0.0209874 4.3986 -0.230092 -0.338336 0.0405225
1 1.72 -0.702415 -0.207045 1.74293 0.195092 -0.0736481 1.59338 1.33427 0.0400612 2.90018 -0.14661 0.178226 0.820754
4 1.72 1.5 0 1.5 0 0 1.57075 0 0 0 0 0 0
5 1.72 50 0.00298786 5
6 1.72 -69.3065 0.0922869 0.593436 2.49098
0 1.73 -0.748657 -0.208885 1.60832 0.20229 -0.0628254 1.59428 1.59701 -0.0315366 4.52405 -0.2606 -0.362142 0.0352489
1 1.73 -0.684776 -0.210146 1.78928 0.191962 -0.077299 1.59275 1.3539 0.0366854 2.95674 -0.027807 -0.029254 0.648454
4 1.73 1.5 0 1.5 0 0 1.57075 0 0 0 0 0 0
5 1.73 50 0.00277185 4
6 1.73 -73.6063 0.25943 0.382692 1.95776
0 1.74 -0.730356 -0.211142 1.65672 0.198194 -0.0686469 1.59369 1.62726 -0.0420822 4.64192 -0.301044 -0.406937 0.0514781
1 1.74 -0.665266 -0.212825 1.84239 0.186234 -0.0850112 1.5925 1.37059 0.0390673 2.98409 -0.351454 0.107811 0.52447
4 1.74 1.5 0 1.5 0 0 1.57075 0 0 0 0 0 0
5 1.74 50 0.00394106 5
6 1.74 -79.2418 -0.0581177 0.591867 1.51017
0 1.75 -0.706595 -0.215154 1.71814 0.195381 -0.0728049 1.59355 1.65727 -0.0540668 4.74891 -0.312153 -0.408282 0.0746869
1 1.75 -0.640304 -0.217316 1.9081 0.182913 -0.0894055 1.59331 1.38112 0.0403562 2.97605 -0.381023 -0.325047 0.272725
4 1.75 1.5 0 1.5 0 0 1.57075 0 0 0 0 0 0
5 1.75 50 0.00549507 11
6 1.75 -86.4215 -0.0795531 0.0974316 0.632383
0 1.76 -0.687836 -0.21791 1.76776 0.192492 -0.0771968 1.59368 1.68242 -0.0674937 4.82535 -0.333333 -0.420244 0.114144
1 1.76 -0.620539 -0.22061 1.96077 0.179061 -0.0945695 1.59495 1.39543 0.0385353 2.97763 -0.189453 -0.399306 -0.298995
4 1.76 1.5 0 1.5 0 0 1.57075 0 0 0 0 0 0
5 1.76 50 0.00772309 15
6 1.76 -91.0866 0.157065 0.0271785 -1.31879
0 1.78 -0.670004 -0.22123 1.8139 0.187872 -0.0841617 1.59463 1.70392 -0.0802302 4.8888 -0.348272 -0.425363 0.165925
1 1.78 -0.601847 -0.224439 2.00945 0.173659 -0.102116 1.59798 1.41792 0.0381656 3.01256 0.0466728 -0.749316 -0.761919
4 1.78 1.5 0 1.5 0 0 1.57075 0 0 0 0 0 0
5 1.78 50 0.00985479 20
6 1.78 -92.8415 0.436132 -0.366886 -2.96197
0 1.79 -0.647362 -0.224701 1.87439 0.183756 -0.0898647 1.59614 1.72905 -0.0952062 4.97348 -0.325979 -0.403097 0.215065
1 1.79 -0.5782 -0.228509 2.07332 0.17022 -0.107289 1.60167 1.44449 0.0334141 3.0741 0.0191004 -0.334368 -0.277832
4 1.79 1.5 0 1.5 0 0 1.57075 0 0 0 0 0 0
5 1.79 50 0.0056622 12
6 1.79 -94.2631 0.37902 0.0846691 -1.57342
0 1.8 -0.626406 -0.228672 1.92938 0.179714 -0.0952509 1.59803 1.74899 -0.109966 5.04688 -0.328031 -0.396841 0.222775
1 1.8 -0.556447 -0.233071 2.13126 0.166026 -0.112462 1.60398 1.45737 0.0327211 3.07846 0.0755465 -0.215655 -0.249524
4 1.8 1.5 0 1.5 0 0 1.57075 0 0 0 0 0 0
5 1.8 50 0.00834179 16
6 1.8 -98.5585 0.444333 0.21394 -1.50766
0 1.81 -0.604734 -0.232118 1.98809 0.177197 -0.0984944 1.59903 1.76722 -0.124197 5.11423 -0.340126 -0.403342 0.204301
1 1.81 -0.534045 -0.237086 2.19266 0.163078 -0.115816 1.60426 1.46691 0.0298418 3.07778 0.0470378 -0.184319 0.069113
4 1.81 1.5 0 1.5 0 0 1.57075 0 0 0 0 0 0
5 1.81 50 0.00467348 9
6 1.81 -102.799 0.42646 0.257054 -0.431433
0 1.82 -0.585093 -0.236195 2.03974 0.173697 -0.102919 1.6002 1.78169 -0.136551 5.16491 -0.352355 -0.414695 0.173671
1 1.82 -0.513826 -0.241657 2.24633 0.159192 -0.120458 1.60419 1.4777 0.0296339 3.07768 0.0538125 -0.218391 0.16034
4 1.82 1.5 0 1.5 0 0 1.57075 0 0 0 0 0 0
5 1.82 50 0.00493956 10
6 1.82 -105.955 0.448572 0.2303 -0.0423938
0 1.84 -0.561184 -0.24046 2.10446 0.167164 -0.110974 1.60118 1.79669 -0.150924 5.21891 -0.395785 -0.446791 0.113041
1 1.84 -0.489316 -0.246497 2.31321 0.151167 -0.129349 1.60268 1.49272 0.0356182 3.07036 0.0324458 -0.243809 0.124622
4 1.84 1.5 0 1.5 0 0 1.57075 0 0 0 0 0 0
5 1.84 50 0.00371933 6
6 1.84 -109.76 0.475018 0.236596 0.0371723
0 1.85 -0.541487 -0.244765 2.15659 0.162127 -0.116793 1.60124 1.80813 -0.163748 5.26328 -0.42854 -0.470198 0.0629755
1 1.85 -0.469162 -0.251315 2.36712 0.14505 -0.135761 1.60068 1.50444 0.0389624 3.06516 0.0185307 -0.243375 -0.0088522
4 1.85 1.5 0 1.5 0 0 1.57075 0 0 0 0 0 0
5 1.85 50 0.00383449 6
6 1.85 -112.838 0.497808 0.262478 -0.229081
0 1.86 -0.512792 -0.250116 2.23529 0.15764 -0.121693 1.60087 1.82549 -0.184633 5.35108 -0.467063 -0.503096 0.0428635
1 1.86 -0.439773 -0.257501 2.44934 0.139136 -0.141837 1.5994 1.51848 0.0355252 3.08382 -0.007619 -0.249976 -0.563782
4 1.86 1.5 0 1.5 0 0 1.57075 0 0 0 0 0 0
5 1.86 50 0.00571728 12
6 1.86 -117.143 0.512311 0.292071 -1.93645
0 1.87 -0.489989 -0.255498 2.2963 0.152442 -0.127205 1.60042 1.83944 -0.202135 5.42885 -0.502592 -0.527184 0.0346557
1 1.87 -0.416411 -0.263584 2.51346 0.132572 -0.148258 1.59857 1.56136 0.0139574 3.2832 -0.085417 -1.82885 -0.745152
4 1.87 1.5 0 1.5 0 0 1.57075 0 0 0 0 0 0
5 1.87 50 0.00512195 10
6 1.87 -109.532 0.465285 -1.49198 -2.48924
0 1.88 -0.466028 -0.26061 2.36247 0.147789 -0.132101 1.59998 1.85355 -0.22265 5.52283 -0.518132 -0.539647 0.0312429
1 1.88 -0.391886 -0.269516 2.58338 0.127321 -0.153636 1.59802 1.55574 0.0257305 3.19654 0.361022 -2.38367 -1.23009
4 1.88 1.5 0 1.5 0 0 1.57075 0 0 0 0 0 0
5 1.88 50 0.00735211 13
6 1.88 -120.808 0.982313 -2.11434 -4.02649
0 1.89 -0.441261 -0.266796 2.43007 0.141201 -0.139088 1.59923 1.8661 -0.245603 5.61677 -0.553607 -0.580817 0.0243563
1 1.89 -0.366617 -0.27662 2.65474 0.11938 -0.162226 1.5969 1.56878 0.0283272 3.20801 0.447859 -1.28457 -1.77835
4 1.89 1.5 0 1.5 0 0 1.57075 0 0 0 0 0 0
5 1.89 50 0.0100014 19
6 1.89 -125.96 1.11939 -0.806313 -5.75477
0 1.91 -0.420594 -0.271532 2.4883 0.131411 -0.149702 1.59782 1.87506 -0.264232 5.68812 -0.597545 -0.622492 -0.0122094
1 1.91 -0.345591 -0.282102 2.71583 0.108074 -0.174323 1.59403 1.58467 0.0461329 3.18675 -0.381319 -1.26681 -2.57135
4 1.91 1.5 0 1.5 0 0 1.57075 0 0 0 0 0 0
5 1.91 50 0.00766397 15
6 1.91 -131.772 0.242559 -0.739848 -8.16964
0 1.92 -0.398459 -0.277564 2.54951 0.125622 -0.156014 1.59675 1.8822 -0.285091 5.75229 -0.613644 -0.637453 -0.0306922
1 1.92 -0.323171 -0.288968 2.7796 0.10177 -0.181158 1.59228 1.59702 0.0477556 3.19746 0.720011 -1.38153 -1.47245
4 1.92 1.5 0 1.5 0 0 1.57075 0 0 0 0 0 0
5 1.92 50 0.00724745 15
6 1.92 -135.143 1.49384 -0.855259 -4.60235
0 1.93 -0.37447 -0.283482 2.61835 0.11815 -0.16412 1.59497 1.88758 -0.306649 5.80972 -0.637721 -0.659927 -0.0729966
1 1.93 -0.298967 -0.295748 2.85074 0.0936368 -0.189989 1.58888 1.6112 0.0550457 3.1936 0.539951 -0.732536 -2.00532
4 1.93 1.5 0 1.5 0 0 1.57075 0 0 0 0 0 0
5 1.93 50 0.00954914 19
6 1.93 -139.027 1.32165 -0.0871667 -6.16845
0 1.94 -0.347828 -0.291432 2.69341 0.113512 -0.169057 1.59355 1.89377 -0.328912 5.86092 -0.656677 -0.661907 -0.117273
1 1.94 -0.272077 -0.304589 2.92784 0.0885524 -0.194832 1.58578 1.60575 0.0760077 3.05844 0.0147304 0.465867 0.303423
4 1.94 1.5 0 1.5 0 0 1.57075 0 0 0 0 0 0
5 1.94 50 0.00928402 20
6 1.94 -150.722 0.757593 1.28753 1.34356
0 1.96 -0.321504 -0.298674 2.76979 0.101005 -0.182083 1.58885 1.89749 -0.350921 5.90296 -0.708397 -0.676732 -0.191132
1 1.96 -0.245604 -0.312711 3.0059 0.0745722 -0.208243 1.57834 1.63441 0.0998168 3.03713 0.0437385 0.489153 -0.105838
4 1.96 1.5 0 1.5 0 0 1.57075 0 0 0 0 0 0
5 1.96 50 0.00420499 9
6 1.96 -154.833 0.852152 1.32642 0.272848
0 1.97 -0.293519 -0.307636 2.84948 0.0944342 -0.188668 1.58592 1.90152 -0.384559 5.9339 -0.728817 -0.674951 -0.23636
1 1.97 -0.217458 -0.323019 3.08684 0.0675647 -0.214654 1.57375 1.64823 0.0986851 2.99084 -0.191575 0.551944 -0.410201
4 1.97 1.5 0 1.5 0 0 1.57075 0 0 0 0 0 0
5 1.97 50 0.00871921 20
6 1.97 -159.762 0.614175 1.39336 -0.554426
0 1.98 -0.274587 -0.313349 2.90478 0.0862556 -0.196864 1.58177 1.90257 -0.405841 5.95466 -0.730995 -0.669577 -0.271605
1 1.98 -0.198485 -0.329583 3.14297 0.0596348 -0.222611 1.56838 1.6843 0.0735853 3.14662 -0.0199619 0.307479 0.795766
4 1.98 1.5 0 1.5 0 0 1.57075 0 0 0 0 0 0
5 1.98 50 0.0100119 20
6 1.98 -151.435 0.810458 1.10453 3.40814
0 1.99 -0.247399 -0.322831 2.983 0.0814908 -0.201494 1.5793 1.90426 -0.434683 5.99836 -0.705129 -0.62874 -0.275309
1 1.99 -0.171229 -0.340218 3.22293 0.0559458 -0.225664 1.566 1.69857 0.0573725 3.18859 -0.131955 0.236397 0.975782
4 1.99 1.5 0 1.5 0 0 1.57075 0 0 0 0 0 0
5 1.99 50 0.00863457 20
6 1.99 -151.624 0.65549 0.97649 3.99461
0 2.01 -0.221199 -0.331473 3.06073 0.0706239 -0.211285 1.57304 1.90356 -0.464057 6.05344 -0.544732 -0.416918 -0.267729
1 2.01 -0.145056 -0.350035 3.30287 0.0513782 -0.227165 1.56091 1.72609 0.058187 3.22433 -0.051113 0.385674 0.79058
4 2.01 1.5 0 1.5 0 0 1.57075 0 0 0 0 0 0
5 2.01 50 0.00965571 20
6 2.01 -153.024 0.561445 0.908736 3.37891
0 2.02 -0.20264 -0.338528 3.1145 0.0659626 -0.214768 1.57012 1.89908 -0.488534 6.0915 -0.522014 -0.338244 -0.248234
1 2.02 -0.126676 -0.35807 3.35816 0.0474378 -0.227614 1.55906 1.71038 0.121718 2.90207 -0.0250802 0.196816 0.891265
4 2.02 1.5 0 1.5 0 0 1.57075 0 0 0 0 0 0
5 2.02 50 0.00854206 20
6 2.02 -175.729 0.562892 0.603138 3.63805
0 2.03 -0.176455 -0.347867 3.19392 0.0625751 -0.216993 1.56827 1.89091 -0.521721 6.1408 -0.523665 -0.311447 -0.22268
1 2.03 -0.100819 -0.368735 3.43955 0.0437601 -0.22887 1.55837 1.71318 0.0947793 2.95407 0.78664 -0.984295 -2.79349
4 2.03 1.5 0 1.5 0 0 1.57075 0 0 0 0 0 0
5 2.03 50 0.0097723 20
6 2.03 -175.607 1.47178 -0.781646 -8.20714
0 2.04 -0.154315 -0.357077 3.25979 0.0566347 -0.220691 1.56548 1.88735 -0.546241 6.17854 -0.537915 -0.301916 -0.176156
1 2.04 -0.0788206 -0.378926 3.50693 0.0368497 -0.23235 1.55757 1.72137 0.108959 2.86961 -0.168234 0.495262 -0.105812
4 2.04 1.5 0 1.5 0 0 1.57075 0 0 0 0 0 0
5 2.04 50 0.00896525 20
6 2.04 -183.371 0.41799 0.906761 0.224756
0 2.05 -0.12788 -0.367576 3.34105 0.0503412 -0.224486 1.5634 1.88071 -0.575189 6.2175 -0.560159 -0.305066 -0.121185
1 2.05 -0.0526521 -0.390583 3.58975 0.0291805 -0.236429 1.55781 1.73613 0.0862418 2.9331 1.70597 2.05224 0.963337
4 2.05 1.5 0 1.5 0 0 1.57075 0 0 0 0 0 0
5 2.05 50 0.00894022 20
6 2.05 -181.925 2.53861 2.69895 3.46253
0 2.06 -0.107951 -0.37643 3.40128 0.046389 -0.226796 1.56249 1.8736 -0.59805 6.24086 -0.571989 -0.308456 -0.0932828
1 2.06 -0.0330067 -0.400352 3.65092 0.0245016 -0.238948 1.55808 1.73793 0.0878299 2.88127 -0.41758 0.143815 -2.35882
4 2.06 1.5 0 1.5 0 0 1.57075 0 0 0 0 0 0
5 2.06 50 0.00759172 15
6 2.06 -186.718 0.175124 0.514475 -7.23252
0 2.08 -0.0835724 -0.386789 3.47765 0.0335543 -0.234119 1.56056 1.86281 -0.626851 6.27119 -0.617672 -0.331026 -0.0699083
1 2.08 -0.00906021 -0.411863 3.7285 0.00961986 -0.247259 1.55723 1.78059 -0.0145068 3.31489 -0.126568 0.138445 1.23946
4 2.08 1.5 0 1.5 0 0 1.57075 0 0 0 0 0 0
5 2.08 50 0.0096271 18
6 2.08 -161.534 0.551394 0.535052 4.1804
0 2.09 -0.0556638 -0.399842 3.56473 0.0303924 -0.235832 1.56017 1.84681 -0.66295 6.30707 -0.634917 -0.333359 -0.0681522
1 2.09 0.0182085 -0.42636 3.81701 0.00574787 -0.249077 1.55695 1.7587 0.0754869 2.84581 -0.311891 -0.164151 -2.70088
4 2.09 1.5 0 1.5 0 0 1.57075 0 0 0 0 0 0
5 2.09 50 0.0089891 19
6 2.09 -193.408 0.363294 0.190547 -8.40476
0 2.1 -0.0328755 -0.410187 3.6385 0.0223901 -0.240018 1.55928 1.83243 -0.692726 6.33671 -0.695278 -0.347788 -0.0628169
1 2.1 0.0404217 -0.437896 3.89197 -0.00473002 -0.25387 1.55637 1.768 0.0873344 2.7602 0.0273023 0.266658 -1.84055
4 2.1 1.5 0 1.5 0 0 1.57075 0 0 0 0 0 0
5 2.1 50 0.0102913 20
6 2.1 -200.833 0.810288 0.701345 -5.67514
0 2.11 -0.0104275 -0.421904 3.70947 0.0146104 -0.243998 1.55841 1.82025 -0.720977 6.36535 -0.723375 -0.356892 -0.0689855
1 2.11 0.0623823 -0.450743 3.96409 -0.0135858 -0.258232 1.55535 1.78076 0.100644 2.67494 -0.0246973 0.582436 3.25647
4 2.11 1.5 0 1.5 0 0 1.57075 0 0 0 0 0 0
5 2.11 50 0.0107758 20
6 2.11 -208.191 0.783769 1.07357 10.6168
0 2.13 0.0163758 -0.435433 3.79778 0.00105312 -0.250976 1.55672 1.80332 -0.754713 6.39842 -0.775112 -0.374201 -0.0848827
1 2.13 0.0885087 -0.465621 4.05372 -0.0290768 -0.26594 1.5532 1.80994 -0.0816174 3.38055 -0.353312 0.201922 1.73957
4 2.13 1.5 0 1.5 0 0 1.57075 0 0 0 0 0 0
5 2.13 50 0.00983834 20
6 2.13 -166.011 0.474554 0.655543 5.82489
0 2.14 0.0346785 -0.445723 3.85664 -0.00681466 -0.254919 1.55588 1.78792 -0.780046 6.41529 -0.811942 -0.385829 -0.086555
1 2.14 0.106195 -0.476925 4.11325 -0.0384176 -0.270375 1.55241 1.81144 -0.219552 3.8709 -0.251279 0.351064 0.556119
4 2.14 1.5 0 1.5 0 0 1.57075 0 0 0 0 0 0
5 2.14 50 0.00925946 20
6 2.14 -136.214 0.630062 0.839625 2.05209
0 2.15 0.0553806 -0.457026 3.9262 -0.017347 -0.260154 1.55469 1.76916 -0.808676 6.43518 -0.834832 -0.39834 -0.0932176
1 2.15 0.126147 -0.489373 4.1836 -0.0498215 -0.276149 1.55112 1.81681 -0.238994 3.90001 -0.321059 0.277483 0.731873
4 2.15 1.5 0 1.5 0 0 1.57075 0 0 0 0 0 0
5 2.15 50 0.00879025 20
6 2.15 -135.835 0.577902 0.768933 2.63448
0 2.16 0.0717989 -0.466878 3.98012 -0.0229449 -0.262934 1.55419 1.75275 -0.832424 6.44778 -0.86093 -0.411623 -0.0798253
1 2.16 0.141909 -0.500175 4.23803 -0.0566245 -0.279468 1.55128 1.81162 -0.27202 3.97003 -0.309295 0.429076 0.551127
4 2.16 1.5 0 1.5 0 0 1.57075 0 0 0 0 0 0
5 2.16 50 0.00928473 20
6 2.16 -132.308 0.619916 0.958852 2.01472
0 2.17 0.0928311 -0.479339 4.05228 -0.0314254 -0.26714 1.55367 1.73527 -0.871681 6.46843 -0.876717 -0.423011 -0.0600204
1 2.17 0.162242 -0.514206 4.31102 -0.0659828 -0.284127 1.55173 1.80605 -0.353153 4.17724 -0.350751 0.544401 0.203241
4 2.17 1.5 0 1.5 0 0 1.57075 0 0 0 0 0 0
5 2.17 50 0.00905633 20
6 2.17 -120.637 0.590584 1.10557 0.840885
0 2.18 0.11852 -0.495872 4.14024 -0.0421812 -0.272573 1.55347 1.71901 -0.91113 6.49752 -0.871785 -0.410481 -0.0156464
1 2.18 0.187281 -0.532317 4.40014 -0.0770713 -0.289004 1.55354 1.81754 -0.346732 4.08022 -0.386859 0.466663 0.628038
4 2.18 1.5 0 1.5 0 0 1.57075 0 0 0 0 0 0
5 2.18 50 0.0095942 20
6 2.18 -128.894 0.543112 1.00524 2.05537
0 2.2 0.147394 -0.514267 4.24339 -0.0573016 -0.279748 1.55421 1.69539 -0.955123 6.52916 -0.860624 -0.385617 0.0554416
1 2.2 0.21521 -0.552471 4.50456 -0.0926164 -0.29502 1.55743 1.89497 -0.0685446 3.03956 0.18037 0.603966 2.33058
4 2.2 1.5 0 1.5 0 0 1.57075 0 0 0 0 0 0
5 2.2 50 0.00638652 13
6 2.2 -197.701 1.16303 1.13933 7.26374
0 2.21 0.172605 -0.532046 4.33251 -0.0659391 -0.283509 1.55524 1.67452 -0.993211 6.56215 -0.848049 -0.371157 0.0847576
1 2.21 0.239586 -0.571774 4.595 -0.101132 -0.2981 1.55978 1.94971 0.0964252 2.41565 -0.728954 2.42422 7.00023
4 2.21 1.5 0 1.5 0 0 1.57075 0 0 0 0 0 0
5 2.21 50 0.0100698 20
6 2.21 -240.021 0.130683 3.21316 22.078
0 2.23 0.200592 -0.551673 4.43614 -0.0842736 -0.290269 1.55876 1.64648 -1.03585 6.59563 -0.758431 -0.277482 0.164643
1 2.23 0.266451 -0.593107 4.69997 -0.11685 -0.300775 1.56659 1.91584 -0.162072 3.26737 -1.60703 0.03186 0.644733
4 2.23 1.5 0 1.5 0 0 1.57075 0 0 0 0 0 0
5 2.23 50 0.0101418 16
6 2.23 -188.341 -0.953238 0.365273 1.53293
0 2.24 0.216219 -0.563671 4.49227 -0.0903555 -0.29225 1.56044 1.62483 -1.06261 6.60558 -0.750139 -0.273417 0.194764
1 2.24 0.281212 -0.606175 4.75649 -0.122992 -0.302439 1.56957 1.99677 0.0786667 2.40726 0.753369 1.30064 5.81492
4 2.24 1.5 0 1.5 0 0 1.57075 0 0 0 0 0 0
5 2.24 50 0.0104311 20
6 2.24 -244.432 1.67793 1.81807 17.9426
0 2.25 0.2318 -0.575568 4.55084 -0.0966327 -0.294199 1.56233 1.60303 -1.08834 6.61436 -0.754061 -0.271101 0.230069
1 2.25 0.295922 -0.619102 4.81542 -0.129888 -0.304104 1.573 1.9429 -0.0995568 2.94919 0.180557 0.586667 2.6215
4 2.25 1.5 0 1.5 0 0 1.57075 0 0 0 0 0 0
5 2.25 50 0.00833416 20
6 2.25 -210.439 1.04065 0.998526 7.63486
0 2.26 0.251663 -0.591762 4.62555 -0.107105 -0.297312 1.56606 1.57572 -1.12039 6.62208 -0.769142 -0.279595 0.282296
1 2.26 0.314692 -0.636577 4.89043 -0.141677 -0.307225 1.57906 1.93119 -0.165817 3.10872 -0.359354 0.463383 2.56595
4 2.26 1.5 0 1.5 0 0 1.57075 0 0 0 0 0 0
5 2.26 50 0.00964522 18
6 2.26 -201.082 0.452057 0.870445 7.29081
0 2.27 0.26838 -0.605384 4.69117 -0.114087 -0.299374 1.56888 1.55162 -1.14707 6.62763 -0.77588 -0.289421 0.315115
1 2.27 0.330445 -0.651267 4.95627 -0.149394 -0.30944 1.58337 1.88747 -0.287517 3.44827 -0.203834 0.898306 1.41481
4 2.27 1.5 0 1.5 0 0 1.57075 0 0 0 0 0 0
5 2.27 50 0.0111985 20
6 2.27 -179.816 0.632605 1.38298 3.51103
0 2.28 0.285174 -0.620019 4.75596 -0.124865 -0.302542 1.57367 1.52277 -1.17586 6.62493 -0.791835 -0.31573 0.36639
1 2.28 0.346085 -0.667053 5.02096 -0.161568 -0.313248 1.59055 1.85587 -0.378781 3.6819 -0.771923 1.30174 1.75249
4 2.28 1.5 0 1.5 0 0 1.57075 0 0 0 0 0 0
5 2.28 50 0.0099647 20
6 2.28 -164.944 0.0128168 1.87983 4.42542
0 2.29 0.302954 -0.635587 4.82846 -0.131999 -0.304678 1.57718 1.4921 -1.20541 6.62316 -0.801561 -0.334557 0.406566
1 2.29 0.362637 -0.683804 5.09339 -0.169685 -0.315803 1.59593 1.89697 -0.274622 3.27916 -0.6609 0.617328 2.94579
4 2.29 1.5 0 1.5 0 0 1.57075 0 0 0 0 0 0
5 2.29 50 0.00585914 13
6 2.29 -191.177 0.146259 1.11915 8.10679
0 2.31 0.324753 -0.656311 4.9165 -0.153867 -0.311207 1.58903 1.4639 -1.23849 6.63145 -0.838728 -0.376823 0.490358
1 2.31 0.383309 -0.705851 5.18176 -0.194394 -0.323096 1.61182 2.11449 0.1063 2.09583 -1.86114 1.05348 4.74774
4 2.31 1.5 0 1.5 0 0 1.57075 0 0 0 0 0 0
5 2.31 50 0.00260687 3
6 2.31 -269.764 -1.1591 1.67513 13.592
0 2.32 0.342099 -0.672866 4.98936 -0.164275 -0.314388 1.5952 1.43916 -1.26541 6.63611 -0.859202 -0.406957 0.539716
1 2.32 0.399665 -0.723483 5.2548 -0.206434 -0.326917 1.62039 1.80557 -0.539916 4.04075 -0.417679 0.382878 2.28595
4 2.32 1.5 0 1.5 0 0 1.57075 0 0 0 0 0 0
5 2.32 50 0.00868416 20
6 2.32 -143.822 0.476054 0.944659 5.57526
0 2.33 0.36425 -0.695414 5.08232 -0.174831 -0.31761 1.6017 1.40239 -1.302 6.63342 -0.868374 -0.423627 0.572159
1 2.33 0.420346 -0.747494 5.34766 -0.217944 -0.330316 1.62853 1.85525 -0.440226 3.66339 -0.876301 0.888446 2.12802
4 2.33 1.5 0 1.5 0 0 1.57075 0 0 0 0 0 0
5 2.33 50 0.0118093 20
6 2.33 -168.765 -0.028698 1.54658 4.96751
0 2.34 0.382521 -0.714258 5.16306 -0.18873 -0.321795 1.61096 1.36983 -1.33328 6.62974 -0.892747 -0.464709 0.650738
1 2.34 0.437315 -0.767589 5.42825 -0.234126 -0.33517 1.64158 1.86327 -0.436758 3.60978 -0.528292 1.50278 0.9946
4 2.34 1.5 0 1.5 0 0 1.57075 0 0 0 0 0 0
5 2.34 50 0.00714064 13
6 2.34 -172.713 0.383053 2.30554 1.09825
0 2.36 0.402323 -0.736458 5.24921 -0.209108 -0.327876 1.62543 1.33757 -1.36723 6.62914 -0.922546 -0.512965 0.73329
1 2.36 0.455825 -0.791147 5.51438 -0.257219 -0.341859 1.66024 1.92603 -0.358313 3.36957 -0.827642 1.53472 1.96538
4 2.36 1.5 0 1.5 0 0 1.57075 0 0 0 0 0 0
5 2.36 50 0.00998163 20
6 2.36 -189.627 0.0754173 2.40547 3.934
0 2.37 0.421689 -0.758656 5.33782 -0.218557 -0.330649 1.63243 1.3044 -1.4115 6.62391 -0.933297 -0.525875 0.760363
1 2.37 0.473866 -0.815116 5.60277 -0.267645 -0.344589 1.66865 2.02552 -0.203983 2.84972 -0.239401 0.685975 6.02438
4 2.37 1.5 0 1.5 0 0 1.57075 0 0 0 0 0 0
5 2.37 50 0.00636864 10
6 2.37 -224.334 0.743694 1.44924 16.8059
0 2.38 0.444503 -0.786962 5.44289 -0.236556 -0.335857 1.64636 1.26644 -1.46019 6.62505 -0.910085 -0.525213 0.80475
1 2.38 0.495161 -0.84537 5.70789 -0.285602 -0.348737 1.68472 2.07657 -0.156328 2.6834 0.0722792 1.45482 5.50544
4 2.38 1.5 0 1.5 0 0 1.57075 0 0 0 0 0 0
5 2.38 50 0.00537372 7
6 2.38 -236.853 1.0646 2.33248 15.0075
0 2.4 0.462704 -0.810041 5.53116 -0.257124 -0.341027 1.6639 1.2314 -1.4995 6.62439 -0.84209 -0.497687 0.8701
1 2.4 0.51196 -0.870021 5.79614 -0.30455 -0.351429 1.70498 2.22623 0.041824 2.16833 -0.0105675 0.483966 1.01093
4 2.4 1.5 0 1.5 0 0 1.57075 0 0 0 0 0 0
5 2.4 50 0.00858021 13
6 2.4 -273.087 0.894971 1.18705 0.450084
0 2.41 0.478096 -0.830852 5.60458 -0.265972 -0.342969 1.67184 1.19343 -1.53638 6.6117 -0.828496 -0.496574 0.90705
1 2.41 0.525833 -0.892307 5.86904 -0.313476 -0.352597 1.71456 2.19509 -0.00694302 2.24094 -0.301406 -0.848909 -16.8864
4 2.41 1.5 0 1.5 0 0 1.57075 0 0 0 0 0 0
5 2.41 50 0.0106304 20
6 2.41 -268.173 0.552918 -0.341911 -56.805
