2 0.53 0.263097
2 0.55 0.262502
2 0.56 0.261787
2 0.57 0.260803
2 0.58 0.259606
2 0.6 0.258262
2 0.61 0.257036
2 0.62 0.256789
2 0.63 0.256075
2 0.64 0.256185
2 0.66 0.255747
2 0.67 0.255135
2 0.68 0.255122
2 0.7 0.254691
2 0.71 0.255139
2 0.72 0.255502
2 0.73 0.25575
2 0.74 0.256478
2 0.75 0.2568
2 0.76 0.257271
2 0.78 0.257503
2 0.79 0.258207
2 0.8 0.259233
2 0.82 0.259751
2 0.83 0.260373
2 0.84 0.260886
2 0.85 0.261557
2 0.87 0.262276
2 0.88 0.262874
2 0.89 0.263426
2 0.9 0.264037
2 0.91 0.264504
2 0.93 0.265194
2 0.94 0.265499
2 0.95 0.265886
2 0.96 0.266514
2 0.97 0.26725
2 0.98 0.267845
2 0.99 0.268438
2 1 0.26852
2 1.02 0.269248
2 1.03 0.270073
2 1.04 0.270424
2 1.05 0.270953
2 1.06 0.271611
2 1.07 0.272032
2 1.08 0.272449
2 1.1 0.272952
2 1.11 0.273679
2 1.12 0.274035
2 1.13 0.274404
2 1.14 0.274938
2 1.15 0.27568
2 1.17 0.276189
2 1.18 0.276469
2 1.19 0.277154
2 1.2 0.278011
2 1.21 0.278455
2 1.23 0.279111
2 1.24 0.279359
2 1.25 0.280325
2 1.26 0.280796
2 1.27 0.281018
2 1.28 0.281513
2 1.29 0.282298
2 1.3 0.282851
2 1.32 0.283573
2 1.33 0.284437
2 1.34 0.284932
2 1.35 0.28532
2 1.36 0.286073
2 1.37 0.286701
2 1.39 0.287632
2 1.4 0.288539
2 1.41 0.28908
2 1.42 0.289954
2 1.44 0.291097
2 1.45 0.291931
2 1.46 0.292603
2 1.47 0.293553
2 1.48 0.293765
2 1.5 0.294717
2 1.51 0.295164
2 1.52 0.296551
2 1.53 0.297643
2 1.54 0.298304
2 1.55 0.299431
2 1.57 0.300099
2 1.58 0.301211
2 1.59 0.302492
2 1.6 0.303327
2 1.61 0.304261
2 1.62 0.305157
2 1.64 0.306765
2 1.65 0.307815
2 1.66 0.309032
2 1.67 0.309623
2 1.68 0.310753
2 1.69 0.311911
2 1.7 0.313342
2 1.72 0.314014
2 1.73 0.31556
2 1.74 0.31684
2 1.75 0.318352
2 1.77 0.319852
2 1.78 0.32113
2 1.79 0.322968
2 1.8 0.324407
2 1.81 0.32583
2 1.83 0.327869
2 1.84 0.32928
2 1.85 0.33079
2 1.86 0.332076
2 1.88 0.333607
2 1.89 0.335438
2 1.9 0.336517
2 1.91 0.337864
2 1.92 0.339702
2 1.94 0.341469
2 1.95 0.343338
2 1.96 0.345049
2 1.98 0.347196
2 1.99 0.349089
2 2 0.350581
2 2.01 0.352608
2 2.03 0.3549
2 2.04 0.357177
2 2.05 0.358842
2 2.06 0.361277
2 2.07 0.362749
2 2.08 0.364618
2 2.1 0.366744
2 2.11 0.368611
2 2.12 0.370511
2 2.13 0.372998
2 2.15 0.37576
2 2.16 0.377669
2 2.17 0.380514
2 2.18 0.383015
2 2.2 0.385751
2 2.21 0.388485
2 2.22 0.390362
2 2.23 0.392462
2 2.24 0.395031
2 2.25 0.39766
2 2.27 0.400373
2 2.28 0.403268
2 2.29 0.40598
2 2.3 0.408721
2 2.32 0.411618
2 2.33 0.414245
2 2.34 0.418501
2 2.35 0.422269
2 2.37 0.428828
2 2.38 0.433395
2 2.39 0.438188
2 2.4 0.4419
2 2.41 0.445741
2 2.42 0.448623
2 2.44 0.450989
2 2.45 0.453299
2 2.46 0.455768
2 2.47 0.457585
2 2.49 0.458099
2 2.5 0.459856
2 2.51 0.461674
2 2.52 0.463494
2 2.53 0.465144
2 2.54 0.468109
2 2.55 0.471389
2 2.57 0.475153
2 2.58 0.477898
2 2.59 0.481707
2 2.61 0.485327
2 2.62 0.487726
2 2.63 0.49099
2 2.64 0.49455
2 2.65 0.498102
2 2.67 0.502059
2 2.68 0.504963
2 2.69 0.508499
2 2.7 0.511689
2 2.72 0.516098
2 2.73 0.51953
2 2.74 0.523166
2 2.75 0.526282
2 2.76 0.53041
2 2.78 0.534899
2 2.79 0.537473
2 2.8 0.540974
2 2.81 0.545364
2 2.82 0.549253
2 2.84 0.552457
2 2.85 0.555304
2 2.86 0.541996
2 2.87 0.545451
2 2.89 0.548929
2 2.9 0.552656
2 2.91 0.555375
2 2.92 0.558083
2 2.93 0.560634
2 2.94 0.564403
2 2.95 0.56734
2 2.96 0.570129
2 2.98 0.572858
2 2.99 0.575937
2 3 0.579528
2 3.01 0.583581
2 3.03 0.588334
2 3.04 0.591212
2 3.05 0.593477
2 3.06 0.597477
2 3.08 0.60065
2 3.09 0.603483
2 3.1 0.606822
2 3.11 0.61051
2 3.13 0.617942
2 3.15 0.621997
2 3.16 0.625803
2 3.18 0.630396
2 3.19 0.633165
2 3.21 0.636117
2 3.22 0.639297
2 3.23 0.642867
2 3.24 0.647244
2 3.26 0.650633
2 3.27 0.652962
2 3.28 0.655346
2 3.29 0.657887
2 3.3 0.662019
2 3.31 0.665876
2 3.33 0.670061
2 3.34 0.673839
2 3.35 0.677385
2 3.36 0.681138
2 3.38 0.684463
2 3.39 0.688208
2 3.4 0.692131
2 3.41 0.695594
2 3.42 0.69914
2 3.44 0.702611
2 3.45 0.70621
2 3.46 0.709757
2 3.47 0.711845
2 3.49 0.714514
2 3.5 0.717123
2 3.51 0.719947
2 3.52 0.722689
2 3.54 0.726567
2 3.55 0.730719
2 3.57 0.734558
2 3.58 0.737438
2 3.59 0.740378
2 3.6 0.743429
2 3.61 0.746884
2 3.63 0.749743
2 3.64 0.752979
2 3.65 0.755642
2 3.66 0.757874
2 3.68 0.759527
2 3.69 0.761884
2 3.7 0.763809
2 3.71 0.765856
2 3.72 0.767818
2 3.73 0.76934
2 3.75 0.770695
2 3.76 0.773263
2 3.77 0.775934
2 3.78 0.77762
2 3.79 0.779209
2 3.8 0.78092
2 3.81 0.782502
