2 18.31 0.118942
2 18.32 0.118034
2 18.33 0.117522
2 18.34 0.115188
2 18.36 0.107432
2 18.37 0.100362
2 18.38 0.0882671
2 18.39 0.0767485
2 18.4 0.0611726
2 18.41 0.05
2 18.43 0.05
2 18.44 0.05
2 18.45 0.05
2 18.47 0.05
2 18.48 0.05
2 18.49 0.05
2 18.51 0.05
2 18.52 0.05
2 18.53 0.05
2 18.55 0.05
2 18.56 0.05
2 18.57 0.05
2 18.58 0.05
2 18.6 0.05
2 18.61 0.05
2 18.62 0.05
2 18.63 0.05
2 18.65 0.05
2 18.66 0.05
2 18.67 0.05
2 18.68 0.05
2 18.69 0.05
2 18.7 0.05
2 18.71 0.05
2 18.73 0.05
2 18.74 0.05
2 18.75 0.05
2 18.76 0.05
2 18.78 0.05
2 18.79 0.05
2 18.8 0.05
2 18.81 0.05
2 18.82 0.05
2 18.83 0.05
2 18.85 0.05
2 18.86 0.05
2 18.87 0.05
2 18.88 0.05
2 18.9 0.05
2 18.91 0.05
