2 0.56 0.238396
2 0.57 0.241979
2 0.59 0.238755
2 0.6 0.238272
2 0.61 0.241635
2 0.62 0.244033
2 0.64 0.249375
2 0.65 0.249451
2 0.66 0.249142
2 0.67 0.249056
2 0.68 0.248275
2 0.69 0.247364
2 0.71 0.242581
2 0.72 0.238981
2 0.73 0.238335
2 0.74 0.231086
2 0.75 0.229556
2 0.76 0.224134
2 0.77 0.21656
2 0.79 0.206827
2 0.8 0.200751
2 0.81 0.193101
2 0.82 0.183888
2 0.83 0.172893
2 0.84 0.164458
2 0.85 0.154811
2 0.86 0.142059
2 0.88 0.116499
2 0.89 0.100503
2 0.9 0.0867866
2 0.91 0.0648191
2 0.92 0.05
2 0.94 0.05
2 0.96 0.05
2 0.97 0.05
2 0.98 0.05
2 0.99 0.05
2 1 0.05
2 1.01 0.05
2 1.02 0.05
2 1.04 0.05
2 1.05 0.05
2 1.06 0.05
2 1.07 0.05
2 1.09 0.05
2 1.1 0.05
2 1.11 0.05
2 1.12 0.05
2 1.13 0.05
2 1.15 0.05
2 1.16 0.05
2 1.17 0.05
2 1.18 0.05
2 1.2 0.05
2 1.21 0.05
2 1.22 0.05
2 1.23 0.05
2 1.24 0.05
2 1.26 0.05
2 1.27 0.05
2 1.28 0.05
2 1.29 0.05
2 1.31 0.05
2 1.32 0.05
2 1.33 0.05
2 1.34 0.05
2 1.35 0.05
2 1.36 0.05
2 1.37 0.05
2 1.39 0.05
2 1.4 0.05
2 1.41 0.05
2 1.42 0.05
2 1.44 0.05
2 1.45 0.05
2 1.46 0.05
2 1.47 0.05
2 1.49 0.05
2 1.5 0.05
2 1.51 0.05
2 1.52 0.05
2 1.53 0.05
2 1.55 0.05
2 1.56 0.05
2 1.57 0.05
2 1.58 0.05
2 1.59 0.05
2 1.61 0.05
2 1.62 0.05
2 1.63 0.05
2 1.64 0.05
2 1.66 0.05
2 1.67 0.05
2 1.68 0.05
2 1.69 0.05
2 1.7 0.05
2 1.71 0.05
2 1.73 0.05
2 1.74 0.05
2 1.75 0.05
2 1.76 0.05
2 1.77 0.05
2 1.79 0.05
2 1.8 0.05
2 1.81 0.05
2 1.82 0.05
2 1.83 0.05
2 1.85 0.05
2 1.86 0.05
2 1.88 0.05
2 1.89 0.05
2 1.9 0.05
2 1.92 0.05
2 1.93 0.05
2 1.94 0.05
2 1.95 0.05
2 1.96 0.05
2 1.97 0.05
2 1.98 0.05
2 1.99 0.05
2 2 0.05
2 2.01 0.05
2 2.03 0.05
2 2.04 0.0562835
2 2.05 0.0979058
2 2.07 0.157853
2 2.08 0.185157
2 2.09 0.222995
2 2.1 0.261589
2 2.12 0.32456
2 2.13 0.359365
2 2.14 0.392073
2 2.15 0.439754
2 2.16 0.473846
2 2.18 0.515796
2 2.19 0.544657
2 2.2 0.580454
2 2.21 0.607859
2 2.22 0.639216
2 2.23 0.665371
2 2.25 0.703464
2 2.26 0.728153
2 2.27 0.750969
2 2.28 0.780306
2 2.29 0.8
2 2.31 0.8
2 2.32 0.8
2 2.33 0.8
2 2.34 0.8
2 2.35 0.8
2 2.37 0.8
2 2.38 0.8
2 2.4 0.8
2 2.41 0.8
2 2.42 0.8
2 2.44 0.8
2 2.45 0.8
2 2.46 0.8
2 2.47 0.8
2 2.49 0.8
2 2.5 0.8
2 2.51 0.8
2 2.52 0.8
2 2.53 0.8
2 2.54 0.8
2 2.56 0.8
2 2.57 0.8
2 2.58 0.8
2 2.59 0.8
2 2.6 0.8
2 2.61 0.8
2 2.62 0.8
2 2.63 0.8
2 2.65 0.8
2 2.66 0.8
2 2.67 0.8
2 2.68 0.8
2 2.69 0.8
2 2.71 0.8
2 2.72 0.8
2 2.73 0.8
2 2.74 0.8
2 2.75 0.8
2 2.77 0.8
2 2.78 0.8
2 2.79 0.8
2 2.81 0.8
2 2.82 0.8
2 2.83 0.8
2 2.84 0.8
2 2.85 0.8
2 2.87 0.8
2 2.88 0.8
2 2.89 0.8
2 2.9 0.8
2 2.91 0.8
2 2.93 0.8
2 2.94 0.8
2 2.95 0.8
2 2.96 0.8
2 2.98 0.8
2 2.99 0.8
2 3.01 0.8
2 3.03 0.8
2 3.05 0.8
2 3.06 0.8
2 3.07 0.8
2 3.08 0.8
2 3.09 0.8
2 3.11 0.8
2 3.12 0.8
2 3.13 0.8
2 3.14 0.8
2 3.15 0.8
2 3.16 0.8
2 3.17 0.8
2 3.19 0.8
2 3.2 0.8
2 3.21 0.8
2 3.23 0.8
2 3.24 0.79488
2 3.25 0.76686
2 3.26 0.729199
2 3.28 0.664311
2 3.29 0.658929
2 3.31 0.8
2 3.33 0.8
2 3.34 0.779792
2 3.35 0.489465
2 3.37 0.44241
2 3.38 0.414561
2 3.39 0.389117
2 3.4 0.358648
2 3.41 0.34215
2 3.42 0.316679
2 3.44 0.26579
2 3.45 0.244974
2 3.46 0.222314
2 3.48 0.154741
2 3.49 0.554133
2 3.5 0.525257
2 3.52 0.504975
2 3.53 0.47366
2 3.54 0.120412
2 3.56 0.425676
2 3.57 0.05
2 3.58 0.05
2 3.59 0.05
2 3.6 0.05
2 3.62 0.264389
2 3.63 0.264497
2 3.64 0.0924881
2 3.65 0.0943244
2 3.67 0.0536639
2 3.68 0.386815
2 3.69 0.398943
2 3.7 0.407042
2 3.71 0.05
2 3.73 0.05
2 3.74 0.0598576
2 3.75 0.05
2 3.76 0.0537528
2 3.78 0.05
2 3.79 0.05
2 3.8 0.05
2 3.82 0.0559657
2 3.83 0.165265
2 3.84 0.23662
2 3.85 0.172224
2 3.87 0.274605
2 3.88 0.17004
2 3.89 0.0591843
2 3.9 0.0539025
2 3.92 0.0877891
2 3.93 0.05
2 3.95 0.8
2 3.96 0.112929
2 3.97 0.103991
2 3.98 0.120001
2 3.99 0.118701
2 4 0.137375
2 4.02 0.0891633
2 4.03 0.05
2 4.04 0.8
2 4.05 0.118712
2 4.06 0.182116
2 4.08 0.142011
2 4.09 0.8
2 4.09 0.160243
2 4.11 0.19372
2 4.12 0.8
2 4.14 0.077603
2 4.14 0.8
2 4.15 0.8
2 4.17 0.8
2 4.18 0.8
2 4.19 0.8
2 4.2 0.8
2 4.22 0.8
2 4.23 0.8
2 4.24 0.8
2 4.25 0.8
2 4.26 0.794118
2 4.28 0.8
2 4.29 0.8
2 4.3 0.8
2 4.31 0.8
2 4.32 0.8
2 4.34 0.05
2 4.35 0.8
2 4.36 0.360811
2 4.38 0.8
2 4.39 0.05
2 4.4 0.423755
2 4.41 0.8
2 4.42 0.544759
2 4.44 0.0682304
2 4.45 0.05
2 4.47 0.8
2 4.48 0.584628
2 4.5 0.683145
2 4.5 0.8
2 4.52 0.46558
2 4.53 0.8
2 4.55 0.8
2 4.55 0.8
2 4.57 0.8
2 4.57 0.8
2 4.6 0.8
2 4.6 0.713177
2 4.62 0.8
2 4.62 0.794985
2 4.65 0.8
2 4.66 0.543195
2 4.67 0.8
2 4.68 0.650111
2 4.69 0.8
2 4.7 0.05
2 4.72 0.05
2 4.73 0.8
2 4.75 0.8
2 4.76 0.05
2 4.77 0.8
2 4.79 0.8
2 4.81 0.8
2 4.82 0.8
2 4.82 0.124671
2 4.84 0.05
2 4.84 0.05
2 4.86 0.308478
2 4.87 0.8
2 4.88 0.442262
2 4.89 0.05
2 4.91 0.05
2 4.92 0.375853
2 4.93 0.53583
