2 0 0.103489
2 0.02 0.107864
2 0.03 0.109638
2 0.04 0.116297
2 0.05 0.125343
2 0.06 0.142492
2 0.08 0.187949
2 0.09 0.218706
2 0.1 0.247789
2 0.11 0.280678
2 0.12 0.307097
2 0.13 0.342342
2 0.14 0.368646
2 0.15 0.398025
2 0.18 0.428845
2 0.18 0.442237
2 0.2 0.454902
2 0.21 0.456276
2 0.22 0.458095
2 0.23 0.462502
2 0.25 0.432484
2 0.26 0.431106
2 0.27 0.442457
2 0.28 0.454496
2 0.3 0.413786
2 0.31 0.433735
2 0.32 0.453081
2 0.33 0.474802
2 0.34 0.498266
2 0.35 0.525983
2 0.37 0.558114
2 0.38 0.587075
2 0.39 0.60682
2 0.41 0.625104
2 0.42 0.648126
2 0.44 0.667531
2 0.45 0.699047
2 0.46 0.727403
2 0.47 0.763151
2 0.48 0.797697
2 0.5 0.8
2 0.51 0.8
2 0.52 0.8
2 0.54 0.8
2 0.55 0.8
2 0.56 0.8
2 0.57 0.8
2 0.58 0.8
2 0.59 0.8
2 0.61 0.8
2 0.62 0.8
2 0.63 0.8
2 0.64 0.8
2 0.66 0.8
2 0.67 0.8
2 0.68 0.8
2 0.69 0.8
2 0.71 0.8
2 0.72 0.8
2 0.73 0.8
2 0.74 0.8
2 0.75 0.8
2 0.77 0.8
2 0.78 0.8
2 0.79 0.8
2 0.8 0.8
2 0.82 0.8
2 0.83 0.8
2 0.84 0.796474
2 0.85 0.771556
2 0.86 0.704227
2 0.87 0.710332
2 0.89 0.633452
2 0.9 0.621517
2 0.91 0.581321
2 0.93 0.543356
2 0.94 0.516747
2 0.95 0.473527
2 0.96 0.446515
2 0.98 0.400372
2 0.99 0.379559
2 1 0.347493
2 1.01 0.318141
2 1.03 0.286211
2 1.04 0.262354
2 1.05 0.224321
2 1.06 0.214575
2 1.08 0.1722
2 1.09 0.158326
2 1.1 0.146607
2 1.11 0.127971
2 1.12 0.0944592
2 1.14 0.05
2 1.16 0.05
2 1.17 0.05
2 1.19 0.05
2 1.2 0.05
2 1.21 0.05
2 1.23 0.05
2 1.24 0.05
2 1.25 0.05
2 1.26 0.05
2 1.28 0.05
2 1.29 0.05
2 1.3 0.05
2 1.31 0.05
2 1.32 0.05
2 1.33 0.05
2 1.35 0.05
2 1.36 0.05
2 1.37 0.05
2 1.38 0.05
2 1.39 0.05
2 1.4 0.05
2 1.41 0.05
2 1.42 0.05
2 1.43 0.05
2 1.44 0.05
2 1.45 0.05
2 1.46 0.05
2 1.47 0.05
2 1.49 0.05
2 1.5 0.05
2 1.51 0.05
2 1.52 0.05
2 1.54 0.05
2 1.55 0.05
2 1.56 0.05
2 1.57 0.05
2 1.58 0.05
2 1.6 0.05
2 1.61 0.05
2 1.62 0.05
2 1.63 0.05
2 1.64 0.05
2 1.65 0.05
2 1.67 0.05
2 1.68 0.05
2 1.69 0.05
2 1.7 0.704887
2 1.71 0.699162
2 1.73 0.619707
2 1.74 0.55192
2 1.75 0.05
2 1.77 0.278291
2 1.78 0.359325
2 1.79 0.05
2 1.8 0.05
2 1.81 0.05
2 1.83 0.05
2 1.84 0.05
2 1.85 0.05
2 1.86 0.05
2 1.88 0.05
2 1.89 0.05
2 1.9 0.05
2 1.91 0.05
2 1.92 0.05
2 1.94 0.05
2 1.95 0.05
2 1.96 0.05
2 1.97 0.05
2 1.98 0.05
2 1.99 0.05
2 2.01 0.05
2 2.02 0.05
2 2.03 0.05
2 2.04 0.05
2 2.06 0.05
2 2.07 0.05
2 2.08 0.05
2 2.1 0.05
2 2.11 0.05
2 2.12 0.05
2 2.14 0.05
2 2.15 0.05
2 2.16 0.05
2 2.17 0.05
2 2.18 0.05
2 2.19 0.05
2 2.21 0.05
2 2.22 0.05
2 2.23 0.05
2 2.24 0.05
2 2.25 0.05
2 2.26 0.05
2 2.28 0.05
2 2.29 0.05
2 2.3 0.05
2 2.31 0.05
2 2.32 0.05
2 2.33 0.05
2 2.35 0.05
2 2.36 0.05
2 2.37 0.740692
2 2.38 0.05
2 2.39 0.05
2 2.41 0.05
2 2.43 0.05
2 2.43 0.05
2 2.44 0.05
2 2.45 0.05
2 2.47 0.05
2 2.48 0.05
2 2.49 0.05
2 2.5 0.05
2 2.52 0.05
2 2.53 0.05
2 2.54 0.05
2 2.55 0.05
2 2.57 0.05
2 2.58 0.05
2 2.59 0.483543
2 2.61 0.05
2 2.62 0.8
2 2.63 0.395076
2 2.64 0.27816
2 2.66 0.05
2 2.68 0.8
2 2.68 0.8
2 2.69 0.05
2 2.7 0.462662
2 2.71 0.05
2 2.72 0.105714
2 2.74 0.700843
2 2.75 0.05
2 2.77 0.558716
2 2.78 0.8
2 2.79 0.8
2 2.8 0.416587
2 2.81 0.419132
2 2.82 0.05
2 2.84 0.05
2 2.85 0.620714
2 2.86 0.05
2 2.87 0.8
2 2.89 0.05
2 2.9 0.05
2 2.92 0.05
2 2.92 0.290979
2 2.94 0.8
2 2.95 0.05
2 2.96 0.742986
2 2.97 0.305292
2 2.99 0.392603
2 3.01 0.769162
2 3.02 0.8
2 3.03 0.232666
2 3.04 0.8
2 3.05 0.159594
2 3.06 0.8
2 3.07 0.724906
2 3.08 0.724378
2 3.09 0.528341
2 3.11 0.610024
2 3.12 0.59106
2 3.13 0.55796
2 3.14 0.486372
2 3.15 0.458741
2 3.17 0.05
