3 15.74 -10 0 0 0 0 0 0 0 0 0 0 0 0
0 15.74 0.0244939 -0.0399445 2.1615 -0.0191533 0.0227759 1.56701 0.00805553 -0.000201443 0.0391694 0.00187725 -0.00535471 -0.00527522
1 15.74 0.0248161 -0.0399526 2.16307 -0.0190829 0.0225577 1.56681 0.00385535 0.00483064 -0.133029 0.520542 -0.0596423 0.104892
4 15.74 1.5 0 1.5 0 0 1.57075 0 0 0 0 0 0
5 15.74 49 0.000887156 1
6 15.74 13.4933 0.58034 -0.0622846 0.351708
0 15.75 0.0244978 -0.0400196 2.1614 -0.0191608 0.0227433 1.56697 0.00830359 -0.00057045 0.03913 -0.00277297 -0.00308189 -0.00690157
1 15.75 0.0248299 -0.0400424 2.16297 -0.0192779 0.0226147 1.56669 0.00410285 0.0044536 -0.133114 0.520375 -0.0606072 0.103625
4 15.75 1.5 0 1.5 0 0 1.57075 0 0 0 0 0 0
5 15.75 49 0.000814438 1
6 15.75 13.4905 0.585356 -0.0660017 0.352857
0 15.76 0.024534 -0.0400804 2.16146 -0.0191575 0.0226884 1.56693 0.00891159 -0.00131013 0.0381233 0.00609116 -0.00467604 -0.00303907
1 15.76 0.0248905 -0.0401328 2.16299 -0.0189165 0.022499 1.56681 0.00470602 0.00370878 -0.133822 0.520243 -0.0582319 0.110182
4 15.76 1.5 0 1.5 0 0 1.57075 0 0 0 0 0 0
5 15.76 49 0.00123477 1
6 15.76 13.5088 0.575289 -0.0614443 0.361459
0 15.78 0.024543 -0.0401767 2.16132 -0.0184419 0.0219564 1.56695 0.00987605 -0.00234672 0.0344494 0.0715095 -0.0811576 0.00915269
1 15.78 0.024938 -0.0402705 2.1627 -0.0155721 0.0187174 1.56737 0.00579338 0.00255122 -0.135628 0.52196 -0.0585294 0.108584
4 15.78 1.5 0 1.5 0 0 1.57075 0 0 0 0 0 0
5 15.78 49 0.000916243 1
6 15.78 13.6229 0.503952 0.0259076 0.317429
0 15.79 0.02458 -0.0402485 2.16128 -0.0170334 0.0201868 1.56714 0.0108128 -0.00354221 0.0280188 0.159131 -0.20928 0.0184578
1 15.79 0.0250125 -0.0403902 2.1624 -0.0106504 0.0118294 1.56802 0.00699269 0.00101818 -0.139197 0.523486 -0.0527945 0.101242
4 15.79 1.5 0 1.5 0 0 1.57075 0 0 0 0 0 0
5 15.79 49 0.000854254 1
6 15.79 13.7973 0.407364 0.179296 0.26425
0 15.8 0.0246089 -0.0403709 2.16094 -0.0154567 0.0180725 1.56729 0.0128366 -0.00596375 0.00882361 0.222605 -0.298332 0.0213163
1 15.8 0.0251224 -0.0406094 2.16129 -0.00653375 0.00615385 1.56833 0.00929796 -0.00179733 -0.15375 0.52176 -0.0462902 0.0946936
4 15.8 1.5 0 1.5 0 0 1.57075 0 0 0 0 0 0
5 15.8 49 0.000918388 1
6 15.8 14.0808 0.334206 0.28878 0.234182
0 15.82 0.0247226 -0.0405248 2.16038 -0.00889642 0.00904667 1.56825 0.0152931 -0.0090306 -0.0231161 0.331109 -0.466605 0.0613196
1 15.82 0.0253343 -0.040886 2.15946 0.00437162 -0.00959497 1.57087 0.0131763 -0.0068672 -0.176982 0.511518 -0.018458 0.0784358
4 15.82 1.5 0 1.5 0 0 1.57075 0 0 0 0 0 0
5 15.82 49 0.000792027 1
6 15.82 14.6114 0.199521 0.512485 0.0544678
0 15.83 0.0247582 -0.040673 2.15949 -0.00604582 0.00500487 1.56886 0.0172035 -0.0118344 -0.0573973 0.348576 -0.497208 0.0684091
1 15.83 0.0254463 -0.0411463 2.15719 0.00791152 -0.0148665 1.57172 0.0153944 -0.010331 -0.150104 0.605987 -0.0213889 0.0528634
4 15.83 1.5 0 1.5 0 0 1.57075 0 0 0 0 0 0
5 15.83 48 0.00168014 3
6 15.83 18.3568 0.285237 0.54394 -0.0498269
0 15.84 0.0248295 -0.040817 2.15847 -0.0018076 -0.00112205 1.56983 0.0182753 -0.0140134 -0.0929593 0.354726 -0.51823 0.0780006
1 15.84 0.0255605 -0.0413775 2.15475 0.0123779 -0.0218456 1.57298 0.0177075 -0.014365 -0.171442 0.606236 -0.00689668 0.0528537
4 15.84 1.5 0 1.5 0 0 1.57075 0 0 0 0 0 0
5 15.84 48 0.00141215 2
6 15.84 19.2275 0.27811 0.584369 -0.0804905
0 15.85 0.024883 -0.0409878 2.15685 0.000904204 -0.00498809 1.57043 0.0197161 -0.0162913 -0.143191 0.351675 -0.489752 0.0836196
1 15.85 0.0256717 -0.0416395 2.15112 0.0149546 -0.0245812 1.57375 0.020011 -0.0179217 -0.208764 0.603522 0.00476419 0.0576268
4 15.85 1.5 0 1.5 0 0 1.57075 0 0 0 0 0 0
5 15.85 48 0.00082612 1
6 15.85 20.0184 0.278444 0.564931 -0.0831775
0 15.86 0.0250163 -0.0411985 2.15447 0.00530767 -0.0102554 1.57149 0.0216424 -0.018006 -0.203439 0.382003 -0.398646 0.0927979
1 15.86 0.025882 -0.0419188 2.14633 0.0205506 -0.0262207 1.57512 0.0234347 -0.0214632 -0.258614 0.59176 0.0250619 0.0639582
4 15.86 1.5 0 1.5 0 0 1.57075 0 0 0 0 0 0
5 15.86 48 0.00101733 1
6 15.86 20.6564 0.231673 0.483189 -0.0922437
0 15.88 0.0251148 -0.0414012 2.15118 0.0145243 -0.0154702 1.57314 0.0240145 -0.0191394 -0.261974 0.545648 -0.188033 0.0925104
1 15.88 0.0260754 -0.0421668 2.1407 0.0362947 -0.0230445 1.57673 0.0292025 -0.0246387 -0.29814 0.590275 0.0501014 0.0628651
4 15.88 1.5 0 1.5 0 0 1.57075 0 0 0 0 0 0
5 15.88 48 0.00127125 2
6 15.88 21.8242 0.0485109 0.26903 -0.0947591
0 15.89 0.0252593 -0.0415918 2.14786 0.0209115 -0.016321 1.57402 0.0265174 -0.0200784 -0.317095 0.673891 -0.0484977 0.0908216
1 15.89 0.02632 -0.0423949 2.13518 0.0478085 -0.0183365 1.57761 0.0342904 -0.0261037 -0.338821 0.58941 0.0624399 0.0627606
4 15.89 1.5 0 1.5 0 0 1.57075 0 0 0 0 0 0
5 15.89 48 0.000887871 1
6 15.89 22.7118 -0.0948868 0.122205 -0.0896217
0 15.9 0.0253344 -0.0417148 2.14525 0.0283238 -0.0160575 1.57483 0.02923 -0.0210338 -0.37435 0.779141 0.0625556 0.0797107
1 15.9 0.0265036 -0.0425562 2.13027 0.0594371 -0.0136466 1.57808 0.0401288 -0.0271528 -0.382983 0.583669 0.0708369 0.0493811
4 15.9 1.5 0 1.5 0 0 1.57075 0 0 0 0 0 0
5 15.9 48 0.000398874 0
6 15.9 22.7118 -0.0948868 0.122205 -0.0896217
0 15.91 0.0255244 -0.0418984 2.14117 0.0387504 -0.0145359 1.57587 0.0328639 -0.0224979 -0.444106 0.859442 0.152521 0.0754197
1 15.91 0.0268389 -0.0427983 2.12341 0.0730808 -0.00855651 1.57912 0.0480358 -0.0280984 -0.445953 0.552892 0.0756666 0.0456608
4 15.91 1.5 0 1.5 0 0 1.57075 0 0 0 0 0 0
5 15.91 48 0.000822306 0
6 15.91 22.7118 -0.0948868 0.122205 -0.0896217
0 15.92 0.0257099 -0.0420777 2.13586 0.043051 -0.0137287 1.57623 0.0363568 -0.0245084 -0.52691 0.865705 0.164155 0.0706385
1 15.92 0.0271642 -0.043058 2.11478 0.0776365 -0.00729021 1.57933 0.0534018 -0.0298386 -0.524343 0.523253 0.075062 0.0500184
4 15.92 1.5 0 1.5 0 0 1.57075 0 0 0 0 0 0
5 15.92 48 0.00867271 20
6 15.92 24.2165 -0.382224 -0.10729 -0.065668
0 15.93 0.026002 -0.0423101 2.12949 0.0540059 -0.0114186 1.5771 0.0397271 -0.0267766 -0.60941 0.874827 0.196461 0.0635123
1 15.93 0.027591 -0.0433812 2.10511 0.0889652 -0.00370873 1.58006 0.0615669 -0.0312461 -0.598362 0.485734 0.0727193 0.0466734
4 15.93 1.5 0 1.5 0 0 1.57075 0 0 0 0 0 0
5 15.93 48 0.0116205 20
6 15.93 24.7489 -0.434337 -0.14658 -0.0535628
0 15.94 0.0262 -0.0424468 2.12302 0.062728 -0.00935671 1.57786 0.0425331 -0.0286847 -0.678161 0.840196 0.209364 0.0642613
1 15.94 0.0279013 -0.0435942 2.09589 0.0963069 -0.00115973 1.58095 0.0683387 -0.0323428 -0.660151 0.452651 0.0691482 0.048183
4 15.94 1.5 0 1.5 0 0 1.57075 0 0 0 0 0 0
5 15.94 48 0.00898719 20
6 15.94 25.1883 -0.432526 -0.165351 -0.0511299
0 15.96 0.0266448 -0.0427525 2.11214 0.0764209 -0.00590343 1.57922 0.0462615 -0.0315384 -0.781084 0.744452 0.194026 0.0614911
1 15.96 0.0284952 -0.044014 2.08089 0.106181 0.00164717 1.58227 0.0784949 -0.0337506 -0.752783 0.398946 0.0596985 0.047313
4 15.96 1.5 0 1.5 0 0 1.57075 0 0 0 0 0 0
5 15.96 48 0.00964665 20
6 15.96 25.8438 -0.385613 -0.157914 -0.0450994
0 15.97 0.0269367 -0.0429193 2.10204 0.0850507 -0.00361628 1.58007 0.0489257 -0.0337594 -0.8606 0.638248 0.178244 0.0479968
1 15.97 0.0288938 -0.0442697 2.06761 0.110572 0.00332462 1.58259 0.0854718 -0.0349701 -0.824491 0.360267 0.0529596 0.0391272
4 15.97 1.5 0 1.5 0 0 1.57075 0 0 0 0 0 0
5 15.97 48 0.00912046 20
6 15.97 26.3415 -0.310335 -0.146283 -0.0281868
0 15.98 0.0273341 -0.043171 2.09091 0.0906516 -0.00197549 1.58066 0.0516034 -0.0360042 -0.944227 0.544975 0.170942 0.0511973
1 15.98 0.0293983 -0.0446112 2.05314 0.112445 0.00464873 1.58332 0.0912992 -0.0364751 -0.900006 0.329695 0.0486821 0.0419865
4 15.98 1.5 0 1.5 0 0 1.57075 0 0 0 0 0 0
5 15.98 48 0.007581 20
6 15.98 26.8534 -0.240162 -0.142586 -0.0292995
0 16 0.0275102 -0.0432664 2.08396 0.0944684 -0.000774116 1.58115 0.0539054 -0.0382222 -1.01485 0.495543 0.163411 0.0558962
1 16 0.0296665 -0.0447953 2.04337 0.114288 0.00552226 1.58399 0.0959087 -0.0381305 -0.963959 0.308627 0.0455422 0.0456997
4 16 1.5 0 1.5 0 0 1.57075 0 0 0 0 0 0
5 16 48 0.00866723 20
6 16 27.2732 -0.208394 -0.137531 -0.0324604
0 16 0.0278905 -0.0435189 2.07318 0.10006 0.00109348 1.58195 0.0569475 -0.0413291 -1.10502 0.427773 0.150111 0.0519168
1 16 0.0301684 -0.045172 2.02898 0.117174 0.00686043 1.58462 0.102388 -0.0403273 -1.04472 0.300561 0.0411612 0.0440664
4 16 1.5 0 1.5 0 0 1.57075 0 0 0 0 0 0
5 16 47 0.00903058 20
6 16 27.8668 -0.141701 -0.126842 -0.0249894
0 16.01 0.0281802 -0.0436713 2.06139 0.104052 0.00247619 1.58259 0.0596744 -0.0436925 -1.18005 0.385062 0.13988 0.0521185
1 16.01 0.0305672 -0.045419 2.01419 0.119461 0.00782458 1.58525 0.10772 -0.0419859 -1.11221 0.278598 0.0372553 0.0448548
4 16.01 1.5 0 1.5 0 0 1.57075 0 0 0 0 0 0
5 16.01 47 0.00765777 20
6 16.01 28.3429 -0.118527 -0.119408 -0.0231283
0 16.03 0.0286866 -0.0439917 2.04577 0.111844 0.00525198 1.58412 0.0636135 -0.046677 -1.274 0.329388 0.123302 0.0554986
1 16.03 0.0312312 -0.0458587 1.99481 0.125034 0.00990547 1.58687 0.116328 -0.0435078 -1.19672 0.244091 0.0292166 0.0479813
4 16.03 1.5 0 1.5 0 0 1.57075 0 0 0 0 0 0
5 16.03 47 0.00836158 20
6 16.03 28.9493 -0.0948802 -0.109462 -0.0239528
0 16.04 0.0290825 -0.0441961 2.03014 0.114193 0.00610169 1.58462 0.0673935 -0.0495936 -1.37005 0.310584 0.120495 0.0595297
1 16.04 0.0317782 -0.0461798 1.97533 0.126634 0.0106188 1.58753 0.122328 -0.0459089 -1.28309 0.22588 0.0274666 0.0515071
4 16.04 1.5 0 1.5 0 0 1.57075 0 0 0 0 0 0
5 16.04 47 0.0103602 20
6 16.04 29.5539 -0.0941891 -0.108267 -0.0255697
0 16.05 0.0295159 -0.0444618 2.0166 0.116461 0.00693702 1.58512 0.070792 -0.0519833 -1.44738 0.299253 0.117084 0.058237
1 16.05 0.0323475 -0.0465411 1.9587 0.128451 0.011318 1.58798 0.127738 -0.0477873 -1.35257 0.210596 0.0255563 0.0514447
4 16.05 1.5 0 1.5 0 0 1.57075 0 0 0 0 0 0
5 16.05 47 0.00791502 20
6 16.05 30.0461 -0.0986413 -0.106458 -0.0216447
0 16.06 0.0299031 -0.0446438 2.00094 0.120757 0.00848392 1.58605 0.0746589 -0.0546679 -1.54154 0.281361 0.111537 0.0600187
1 16.06 0.0328895 -0.0468305 1.93928 0.132036 0.0126237 1.58897 0.134696 -0.0495491 -1.43861 0.189439 0.0217671 0.0431344
4 16.06 1.5 0 1.5 0 0 1.57075 0 0 0 0 0 0
5 16.06 47 0.000860691 1
6 16.06 30.5624 -0.102305 -0.104396 -0.0538674
0 16.07 0.0304921 -0.0449982 1.98307 0.122862 0.00924276 1.58661 0.0786929 -0.0572266 -1.63786 0.278657 0.1066 0.0633279
1 16.07 0.0336398 -0.0472872 1.91756 0.134037 0.0131642 1.58964 0.142122 -0.0514693 -1.51595 0.188209 0.0196404 0.09579
4 16.07 1.5 0 1.5 0 0 1.57075 0 0 0 0 0 0
5 16.07 46 0.00166631 2
6 16.07 31.7424 -0.10065 -0.101234 0.103669
0 16.08 0.0307933 -0.0451021 1.96932 0.12565 0.0101774 1.58734 0.0819029 -0.0591697 -1.71413 0.277171 0.102201 0.064073
1 16.08 0.0340694 -0.0474689 1.90076 0.136768 0.013912 1.59039 0.149428 -0.0526034 -1.5712 0.167796 0.0167775 0.180024
4 16.08 1.5 0 1.5 0 0 1.57075 0 0 0 0 0 0
5 16.08 46 0.000881195 1
6 16.08 33.0514 -0.121845 -0.0994813 0.370205
0 16.1 0.0313896 -0.0454262 1.9502 0.130281 0.0117986 1.58866 0.0864287 -0.0618137 -1.80719 0.250546 0.101803 0.0596012
1 16.1 0.0348467 -0.0478988 1.87792 0.140337 0.0155265 1.59155 0.160663 -0.0537903 -1.63205 0.139112 0.00370622 0.246181
4 16.1 1.5 0 1.5 0 0 1.57075 0 0 0 0 0 0
5 16.1 46 0.00164509 2
6 16.1 35.0611 -0.124188 -0.113787 0.595686
0 16.11 0.0319118 -0.0456023 1.92868 0.132684 0.0127095 1.58942 0.0909473 -0.0640962 -1.88815 0.241123 0.0997832 0.058414
1 16.11 0.0355497 -0.0481661 1.85316 0.142365 0.0163566 1.59227 0.173043 -0.0547331 -1.6643 0.117422 0.0145763 0.540217
4 16.11 1.5 0 1.5 0 0 1.57075 0 0 0 0 0 0
5 16.11 46 0.000723362 1
6 16.11 38.0827 -0.137933 -0.0989281 1.53818
0 16.12 0.0328664 -0.0460764 1.89977 0.134966 0.0135597 1.59014 0.0987275 -0.0668889 -1.98075 0.227906 0.0918408 0.0669697
1 16.12 0.0368155 -0.0487519 1.82054 0.144125 0.0168395 1.59329 0.186375 -0.0564211 -1.72638 0.101558 0.00228655 0.510743
4 16.12 1.5 0 1.5 0 0 1.57075 0 0 0 0 0 0
5 16.12 46 0.00144196 3
6 16.12 39.9819 -0.140869 -0.104014 1.41677
0 16.13 0.0334787 -0.0462425 1.87704 0.137567 0.0144361 1.59133 0.107428 -0.0688475 -2.04496 0.205787 0.0802684 0.0953986
1 16.13 0.0377758 -0.0489964 1.79524 0.145859 0.0170933 1.59556 0.201277 -0.0571087 -1.75794 0.100042 -0.018738 0.441833
4 16.13 1.5 0 1.5 0 0 1.57075 0 0 0 0 0 0
5 16.13 45 0.00116181 2
6 16.13 42.0162 -0.117692 -0.115221 1.10601
0 16.14 0.0341798 -0.0465212 1.85791 0.13935 0.0150121 1.59257 0.116379 -0.0702395 -2.0825 0.175936 0.0669596 0.121722
1 16.14 0.038835 -0.0493307 1.77461 0.146465 0.0169882 1.59777 0.212946 -0.0577719 -1.78471 0.0893296 -0.0160662 0.456526
4 16.14 1.5 0 1.5 0 0 1.57075 0 0 0 0 0 0
5 16.14 45 0.00130129 2
6 16.14 42.6926 -0.0962376 -0.0970336 1.06887
0 16.15 0.0348974 -0.0466432 1.83523 0.140922 0.0152472 1.59403 0.127435 -0.0711232 -2.10747 0.160546 0.0372882 0.150816
1 16.15 0.0399948 -0.0494882 1.75093 0.147438 0.0158766 1.60022 0.227983 -0.0579471 -1.78921 0.0790112 -0.0178518 0.451882
4 16.15 1.5 0 1.5 0 0 1.57075 0 0 0 0 0 0
5 16.15 45 0.00182056 4
6 16.15 43.9686 -0.0907702 -0.0652716 0.961159
0 16.17 0.0361507 -0.0470128 1.80732 0.14364 0.014772 1.59806 0.143704 -0.0719662 -2.12039 0.115602 -0.0166951 0.231693
1 16.17 0.0418988 -0.0498914 1.7225 0.148398 0.0127844 1.60714 0.254171 -0.0576314 -1.7467 0.0611367 -0.0702522 0.183279
4 16.17 1.5 0 1.5 0 0 1.57075 0 0 0 0 0 0
5 16.17 45 0.00120044 2
6 16.17 47.4167 -0.0612579 -0.0636689 -0.154563
0 16.18 0.0373884 -0.0471834 1.78001 0.144323 0.0143136 1.59981 0.160993 -0.0724538 -2.12122 0.09422 -0.0347295 0.269053
1 16.18 0.0438282 -0.0500815 1.69516 0.148241 0.011391 1.61026 0.273256 -0.0580991 -1.73871 0.0527994 -0.0594029 0.20503
4 16.18 1.5 0 1.5 0 0 1.57075 0 0 0 0 0 0
5 16.18 45 0.00123239 2
6 16.18 47.9665 -0.0471102 -0.030411 -0.204397
0 16.19 0.0390384 -0.0475668 1.75296 0.145125 0.0134527 1.60257 0.179564 -0.0729604 -2.11651 0.0768471 -0.0493127 0.295419
1 16.19 0.046221 -0.0504852 1.6683 0.148353 0.00979199 1.61398 0.293566 -0.0588028 -1.72628 0.0449875 -0.04772 0.218584
4 16.19 1.5 0 1.5 0 0 1.57075 0 0 0 0 0 0
5 16.19 45 0.00121498 2
6 16.19 48.45 -0.0368396 -5.56114e-05 -0.245299
0 16.2 0.040671 -0.0477231 1.72617 0.145902 0.0121709 1.60642 0.199112 -0.0729387 -2.11214 0.0490862 -0.0620979 0.333078
1 16.2 0.0486355 -0.0506406 1.64168 0.148022 0.0077764 1.61924 0.315247 -0.0591403 -1.71144 0.0481345 -0.0289337 0.227454
4 16.2 1.5 0 1.5 0 0 1.57075 0 0 0 0 0 0
5 16.2 44 0.00128126 2
6 16.2 49.103 -0.00275688 0.0366939 -0.33721
0 16.22 0.0423225 -0.0480192 1.70466 0.146541 0.0100073 1.61238 0.213864 -0.073052 -2.11449 0.0307797 -0.0734462 0.357058
1 16.22 0.0508771 -0.0509412 1.62008 0.147909 0.00501543 1.62608 0.33156 -0.0601391 -1.70657 0.040978 -0.00905905 0.223983
4 16.22 1.5 0 1.5 0 0 1.57075 0 0 0 0 0 0
5 16.22 44 0.0010612 2
6 16.22 49.5527 0.00926565 0.0729613 -0.424844
0 16.23 0.0435261 -0.0480443 1.68714 0.147088 0.00850169 1.61671 0.226441 -0.0730009 -2.11936 0.042941 -0.0654022 0.349643
1 16.23 0.0525837 -0.0509644 1.60236 0.14892 0.00386413 1.63016 0.345793 -0.060636 -1.70324 0.0367874 0.00152409 0.216528
4 16.23 1.5 0 1.5 0 0 1.57075 0 0 0 0 0 0
5 16.23 44 0.00118399 2
6 16.23 50.0646 -0.00875604 0.0755407 -0.424973
0 16.24 0.0455465 -0.0483064 1.664 0.147697 0.00749702 1.61991 0.241084 -0.0721904 -2.1285 0.0679703 -0.046297 0.324886
1 16.24 0.0551898 -0.051194 1.57886 0.15051 0.00375289 1.63249 0.363058 -0.0600185 -1.69807 0.0319576 0.00969273 0.228178
4 16.24 1.5 0 1.5 0 0 1.57075 0 0 0 0 0 0
5 16.24 44 0.00237823 3
6 16.24 50.9547 -0.0415254 0.0624066 -0.308744
0 16.25 0.0476498 -0.0483804 1.63993 0.148525 0.00668661 1.62293 0.253274 -0.0716225 -2.14515 0.0834162 -0.0354123 0.313671
1 16.25 0.0577808 -0.0512453 1.55412 0.151943 0.00342903 1.63513 0.379395 -0.0593762 -1.69154 0.0272054 0.0252106 0.285649
4 16.25 1.5 0 1.5 0 0 1.57075 0 0 0 0 0 0
5 16.25 44 0.00189233 4
6 16.25 52.3956 -0.0638034 0.0673838 -0.0894664
0 16.26 0.051031 -0.0487743 1.60663 0.149547 0.00600542 1.62584 0.269162 -0.0714339 -2.17914 0.10423 -0.0248578 0.29626
1 16.26 0.0617974 -0.0516316 1.51946 0.153786 0.00325661 1.63741 0.433124 -0.0558311 -1.47931 0.0275275 0.19463 0.683593
4 16.26 1.5 0 1.5 0 0 1.57075 0 0 0 0 0 0
5 16.26 44 0.00135016 2
6 16.26 67.6557 -0.0864257 0.249262 1.23656
0 16.27 0.0529369 -0.0488031 1.5864 0.150811 0.00553272 1.62864 0.27905 -0.0715739 -2.20684 0.129821 0.00364474 0.28096
1 16.27 0.0640989 -0.051666 1.49812 0.156065 0.00398841 1.63977 0.448225 -0.0555844 -1.48178 0.0250301 0.208333 0.72456
4 16.27 1.5 0 1.5 0 0 1.57075 0 0 0 0 0 0
5 16.27 44 0.00118876 2
6 16.27 69.2313 -0.117168 0.231818 1.4162
0 16.29 0.0563851 -0.0491801 1.55485 0.154053 0.0053873 1.63466 0.29384 -0.0722389 -2.24832 0.140701 0.0505074 0.261483
1 16.29 0.0681387 -0.0520696 1.46492 0.159739 0.00577874 1.6453 0.472533 -0.0545731 -1.48507 0.0262369 0.217959 0.796953
4 16.29 1.5 0 1.5 0 0 1.57075 0 0 0 0 0 0
5 16.29 43 0.0012188 2
6 16.29 71.6329 -0.126995 0.18907 1.7095
0 16.3 0.0588547 -0.0492125 1.5311 0.155163 0.00550782 1.63705 0.305133 -0.0725474 -2.26835 0.128866 0.0542653 0.272649
1 16.3 0.07106 -0.0521144 1.44036 0.160379 0.00596693 1.64816 0.488353 -0.0538951 -1.48411 0.0221003 0.237359 0.815133
4 16.3 1.5 0 1.5 0 0 1.57075 0 0 0 0 0 0
5 16.3 43 0.00136185 2
6 16.3 72.9464 -0.11825 0.207154 1.73189
0 16.31 0.0622078 -0.0494954 1.50252 0.156172 0.00551113 1.63975 0.321501 -0.0731742 -2.27642 0.113383 0.0375821 0.3148
1 16.31 0.0750679 -0.0524223 1.41147 0.160777 0.00503759 1.65242 0.509031 -0.0536123 -1.47209 0.016947 0.268882 0.792542
4 16.31 1.5 0 1.5 0 0 1.57075 0 0 0 0 0 0
5 16.31 43 0.00121617 2
6 16.31 74.2034 -0.106935 0.262415 1.5252
0 16.32 0.0655479 -0.0495698 1.47386 0.157137 0.00525288 1.64308 0.339946 -0.0730932 -2.26968 0.101329 0.0223499 0.340812
1 16.32 0.0791457 -0.0524935 1.38308 0.161262 0.00400251 1.65669 0.531098 -0.052866 -1.4496 0.0118999 0.29721 0.761461
4 16.32 1.5 0 1.5 0 0 1.57075 0 0 0 0 0 0
5 16.32 43 0.000975132 2
6 16.32 75.1923 -0.0994402 0.312488 1.34292
0 16.34 0.0699111 -0.0499437 1.44173 0.158593 0.00412848 1.64951 0.363436 -0.0728666 -2.24822 0.0807399 -0.0340066 0.403048
1 16.34 0.0844486 -0.0528583 1.3518 0.161888 0.000239159 1.66522 0.558336 -0.0524208 -1.41574 0.00635028 0.351035 0.617634
4 16.34 1.5 0 1.5 0 0 1.57075 0 0 0 0 0 0
5 16.34 43 0.00118327 2
6 16.34 75.978 -0.0843564 0.439068 0.685062
0 16.35 0.0731219 -0.0499585 1.41726 0.159401 0.00250743 1.65483 0.384695 -0.0726815 -2.21755 0.0637765 -0.0775103 0.460615
1 16.35 0.0885097 -0.0528658 1.32856 0.161996 -0.00347815 1.67253 0.581369 -0.0530217 -1.38064 0.00272395 0.397196 0.477693
4 16.35 1.5 0 1.5 0 0 1.57075 0 0 0 0 0 0
5 16.35 43 0.0010612 2
6 16.35 76.2621 -0.0712328 0.542204 0.054516
0 16.36 0.0763875 -0.0501655 1.39591 0.159759 0.00118892 1.6583 0.403591 -0.0727482 -2.1882 0.0477115 -0.105696 0.49174
1 16.36 0.0925311 -0.0530754 1.30838 0.16169 -0.00611412 1.67704 0.601234 -0.0539393 -1.3485 -0.000529621 0.427419 0.387798
4 16.36 1.5 0 1.5 0 0 1.57075 0 0 0 0 0 0
5 16.36 43 0.00151038 2
6 16.36 76.4395 -0.0582292 0.609709 -0.331839
0 16.38 0.0817975 -0.0502763 1.3616 0.159978 -0.00294562 1.66859 0.427561 -0.0722855 -2.16796 -0.0109966 -0.111726 0.563931
1 16.38 0.0989 -0.0531677 1.27488 0.159474 -0.0109509 1.69014 0.627432 -0.0563545 -1.31795 -0.00592584 0.502181 0.224179
4 16.38 1.5 0 1.5 0 0 1.57075 0 0 0 0 0 0
5 16.38 43 0.00123453 2
6 16.38 77.0821 0.000519421 0.704863 -1.08466
0 16.39 0.0866994 -0.0505886 1.3338 0.159986 -0.00459574 1.67541 0.445986 -0.0716857 -2.16308 0.00744835 -0.00158388 0.582773
1 16.39 0.104539 -0.053456 1.24727 0.160178 -0.00837181 1.69841 0.649208 -0.0561823 -1.29295 -0.00903834 0.525946 0.346002
4 16.39 1.5 0 1.5 0 0 1.57075 0 0 0 0 0 0
5 16.39 43 0.00136495 2
6 16.39 78.3312 -0.0185226 0.604887 -0.755891
0 16.4 0.0922941 -0.0506148 1.30234 0.160637 -0.00475297 1.68125 0.464897 -0.0705502 -2.16742 0.10178 0.1258 0.572969
1 16.4 0.11089 -0.0534368 1.21565 0.164597 -0.00345156 1.70468 0.674754 -0.0534873 -1.26097 -0.010616 0.535529 0.546754
4 16.4 1.5 0 1.5 0 0 1.57075 0 0 0 0 0 0
5 16.4 43 0.00122285 2
6 16.4 80.5931 -0.119864 0.465255 -0.0836762
0 16.41 0.0983957 -0.0508952 1.27097 0.162321 -0.00374303 1.68775 0.484448 -0.0693503 -2.17078 0.170422 0.203282 0.559318
1 16.41 0.117774 -0.0536692 1.18414 0.169051 0.000665733 1.71114 0.701766 -0.0488396 -1.23061 -0.0141941 0.546108 0.706679
4 16.41 1.5 0 1.5 0 0 1.57075 0 0 0 0 0 0
5 16.41 43 0.00177956 2
6 16.41 82.7079 -0.197267 0.385425 0.47049
0 16.43 0.103439 -0.0508638 1.2446 0.166494 -0.00037989 1.69749 0.501845 -0.0675437 -2.17577 0.281451 0.329391 0.516148
1 16.43 0.123513 -0.0535655 1.15757 0.177744 0.00919197 1.72004 0.72956 -0.0390603 -1.20257 0.0232239 0.896104 1.26139
4 16.43 1.5 0 1.5 0 0 1.57075 0 0 0 0 0 0
5 16.43 43 0.00278902 6
6 16.43 84.8159 -0.275023 0.638153 2.37929
0 16.44 0.109312 -0.0510382 1.21644 0.170835 0.00426442 1.70545 0.517549 -0.0636593 -2.18633 0.289838 0.455858 0.486396
1 16.44 0.130014 -0.0535845 1.12899 0.182523 0.0189257 1.72772 0.746167 -0.0269134 -1.23694 -0.00775332 1.31114 1.754
4 16.44 1.5 0 1.5 0 0 1.57075 0 0 0 0 0 0
5 16.44 43 0.0042727 9
6 16.44 83.3991 -0.314839 0.969586 4.04697
0 16.45 0.115158 -0.0509346 1.18823 0.172652 0.00757284 1.70974 0.533 -0.0598046 -2.18976 0.225271 0.543002 0.484943
1 16.45 0.136478 -0.0533267 1.10064 0.181836 0.0256376 1.73258 0.766376 -0.0167733 -1.22267 -0.0156501 1.22495 1.6017
4 16.45 1.5 0 1.5 0 0 1.57075 0 0 0 0 0 0
5 16.45 43 0.00411892 9
6 16.45 84.5283 -0.248027 0.773358 3.56539
0 16.47 0.121603 -0.0510333 1.15947 0.175106 0.0184075 1.72247 0.55136 -0.0560185 -2.18093 0.0627211 0.65115 0.546229
1 16.47 0.143658 -0.0532741 1.07224 0.178094 0.0402488 1.74853 0.787382 0.00559254 -1.20218 -0.0292018 1.01498 1.45114
4 16.47 1.5 0 1.5 0 0 1.57075 0 0 0 0 0 0
5 16.47 43 0.00393295 8
6 16.47 85.3015 -0.0737563 0.414585 2.88899
0 16.48 0.128657 -0.0508594 1.12823 0.175441 0.022487 1.72757 0.571516 -0.0515398 -2.1639 0.0286637 0.648683 0.578541
1 16.48 0.151517 -0.0529209 1.04167 0.177202 0.0439968 1.7549 0.81469 0.019163 -1.13938 -0.050869 0.558584 1.83519
4 16.48 1.5 0 1.5 0 0 1.57075 0 0 0 0 0 0
5 16.48 43 0.00166035 3
6 16.48 88.1614 -0.0582884 -0.104748 4.01187
0 16.49 0.135777 -0.0508647 1.09912 0.175644 0.027386 1.7342 0.592898 -0.0471143 -2.13886 0.0030865 0.633249 0.609748
1 16.49 0.159493 -0.0527493 1.01356 0.176546 0.0480643 1.76265 0.836644 0.0327112 -1.10349 -0.0576203 0.541053 1.83512
4 16.49 1.5 0 1.5 0 0 1.57075 0 0 0 0 0 0
5 16.49 43 0.00142169 3
6 16.49 88.8508 -0.0363377 -0.105934 3.91199
0 16.5 0.141133 -0.0506279 1.07699 0.175584 0.0336816 1.74368 0.611215 -0.0423567 -2.11043 -0.0411691 0.595822 0.659142
1 16.5 0.165581 -0.0523221 0.992576 0.174952 0.0525425 1.77382 0.852926 0.0487538 -1.07317 -0.0633312 0.523322 1.8307
4 16.5 1.5 0 1.5 0 0 1.57075 0 0 0 0 0 0
5 16.5 43 0.00172901 3
6 16.5 88.9846 0.00733083 -0.0809307 3.74017
0 16.51 0.146586 -0.0505184 1.05634 0.175288 0.0371158 1.74961 0.628736 -0.0376332 -2.08075 -0.0683164 0.566698 0.691037
1 16.51 0.171735 -0.0520237 0.973106 0.173712 0.054616 1.7808 0.868958 0.0598062 -1.04154 -0.0687934 0.518976 1.81503
4 16.51 1.5 0 1.5 0 0 1.57075 0 0 0 0 0 0
5 16.51 43 0.00215316 3
6 16.51 89.1126 0.0315027 -0.0508365 3.58831
0 16.52 0.153169 -0.050179 1.03189 0.174528 0.0419587 1.75917 0.650002 -0.0308999 -2.0421 -0.10461 0.531365 0.736906
1 16.52 0.179169 -0.051415 0.950209 0.171717 0.057772 1.79192 0.887054 0.0755093 -1.0021 -0.0740853 0.51138 1.79609
4 16.52 1.5 0 1.5 0 0 1.57075 0 0 0 0 0 0
5 16.52 43 0.00148726 3
6 16.52 89.1661 0.0661875 -0.0165359 3.38137
0 16.53 0.159085 -0.0499849 1.0117 0.173649 0.0456808 1.7676 0.668075 -0.0247191 -2.00829 -0.126597 0.50414 0.77331
1 16.53 0.185808 -0.0509736 0.931372 0.170137 0.0601986 1.80159 0.902093 0.0887513 -0.967373 -0.07981 0.504744 1.77814
4 16.53 1.5 0 1.5 0 0 1.57075 0 0 0 0 0 0
5 16.53 43 0.00177598 3
6 16.53 89.224 0.0842439 0.00881387 3.20786
0 16.55 0.166118 -0.049505 0.988042 0.171172 0.0516476 1.78544 0.690156 -0.0160787 -1.96432 -0.188377 0.416824 0.86812
1 16.55 0.193724 -0.0501481 0.90947 0.165552 0.062162 1.82255 0.916146 0.10881 -0.927406 -0.08741 0.50905 1.71828
4 16.55 1.5 0 1.5 0 0 1.57075 0 0 0 0 0 0
5 16.55 43 0.00132489 3
6 16.55 88.9623 0.142575 0.119377 2.71404
0 16.56 0.173904 -0.0491149 0.964405 0.16963 0.0539827 1.79487 0.712281 -0.00663113 -1.9181 -0.210617 0.387236 0.900425
1 16.56 0.202395 -0.0493801 0.88768 0.163265 0.0631696 1.83304 0.934014 0.123065 -0.882098 -0.0922134 0.504792 1.659
4 16.56 1.5 0 1.5 0 0 1.57075 0 0 0 0 0 0
5 16.56 43 0.00163579 3
6 16.56 88.8934 0.161007 0.150604 2.42166
0 16.57 0.180972 -0.0484314 0.943039 0.167234 0.0561816 1.80741 0.730109 0.00159128 -1.88235 -0.261413 0.324206 0.97325
1 16.57 0.210176 -0.0483677 0.867745 0.159058 0.0624888 1.84802 0.945937 0.136224 -0.847155 -0.0977999 0.511865 1.57844
4 16.57 1.5 0 1.5 0 0 1.57075 0 0 0 0 0 0
5 16.57 43 0.00155997 3
6 16.57 88.8173 0.208881 0.236408 1.93197
0 16.58 0.188409 -0.0478222 0.922186 0.166036 0.0569427 1.81317 0.747935 0.0103372 -1.84508 -0.276619 0.300449 0.989082
1 16.58 0.218327 -0.0474088 0.848383 0.157309 0.0622566 1.85424 0.961203 0.146965 -0.808672 -0.101863 0.504855 1.50474
4 16.58 1.5 0 1.5 0 0 1.57075 0 0 0 0 0 0
5 16.58 43 0.00148869 3
6 16.58 88.8788 0.219846 0.257213 1.64614
0 16.59 0.197207 -0.0468443 0.898221 0.163908 0.0579739 1.82292 0.768174 0.0212751 -1.79928 -0.291487 0.273975 1.00906
1 16.59 0.227934 -0.0459932 0.82625 0.154663 0.0621999 1.8646 0.976897 0.160752 -0.761616 -0.105268 0.493067 1.41024
4 16.59 1.5 0 1.5 0 0 1.57075 0 0 0 0 0 0
5 16.59 43 0.00141764 3
6 16.59 88.9307 0.230978 0.275765 1.28066
0 16.6 0.206775 -0.0459124 0.874372 0.16072 0.0588259 1.83662 0.788776 0.033111 -1.75072 -0.326999 0.225466 1.06251
1 16.6 0.238326 -0.044588 0.804343 0.150196 0.060927 1.8801 0.990588 0.175283 -0.714095 -0.108016 0.487579 1.28831
4 16.6 1.5 0 1.5 0 0 1.57075 0 0 0 0 0 0
5 16.6 43 0.00226951 3
6 16.6 88.8242 0.264619 0.329546 0.720806
0 16.62 0.217116 -0.0444593 0.849358 0.155707 0.0587611 1.85615 0.808514 0.0460219 -1.70444 -0.371632 0.145374 1.12722
1 16.62 0.249456 -0.0426185 0.78118 0.143515 0.0575134 1.90167 1.00483 0.193209 -0.635414 -0.150233 0.467121 1.53214
4 16.62 1.5 0 1.5 0 0 1.57075 0 0 0 0 0 0
5 16.62 43 0.000703812 1
6 16.62 90.7652 0.26113 0.403893 1.29263
0 16.63 0.22959 -0.0428732 0.821714 0.15255 0.0581022 1.86759 0.830461 0.0612515 -1.65137 -0.395302 0.104171 1.16157
1 16.63 0.262808 -0.0404232 0.755659 0.139446 0.0551602 1.91422 1.02111 0.20858 -0.580199 -0.150774 0.464318 1.24008
4 16.63 1.5 0 1.5 0 0 1.57075 0 0 0 0 0 0
5 16.63 43 0.000958443 1
6 16.63 90.8502 0.283503 0.45129 0.250599
0 16.64 0.236374 -0.0416803 0.80635 0.147253 0.0563259 1.88567 0.843325 0.0732932 -1.61414 -0.447164 0.0442275 1.22897
1 16.64 0.270107 -0.0387486 0.741784 0.132123 0.0508632 1.93464 1.02426 0.218897 -0.544995 -0.143247 0.496864 0.882874
4 16.64 1.5 0 1.5 0 0 1.57075 0 0 0 0 0 0
5 16.64 43 0.000993013 1
6 16.64 90.6429 0.344502 0.564902 -1.10494
0 16.66 0.247449 -0.0399233 0.783753 0.140064 0.0538498 1.90756 0.859831 0.0887281 -1.5745 -0.512418 0.0412008 1.27697
1 16.66 0.281842 -0.0363742 0.720773 0.122306 0.0483507 1.95845 1.029 0.231635 -0.501625 -0.140698 0.512754 0.625981
4 16.66 1.5 0 1.5 0 0 1.57075 0 0 0 0 0 0
5 16.66 43 0.00111341 1
6 16.66 90.7673 0.420224 0.595298 -2.07832
0 16.67 0.255898 -0.0382749 0.766588 0.136297 0.0528775 1.91825 0.870739 0.0990257 -1.55181 -0.527744 0.0629196 1.28669
1 16.67 0.290727 -0.0343139 0.704516 0.117904 0.0483778 1.96966 1.0344 0.241206 -0.471287 -0.141418 0.503797 0.546151
4 16.67 1.5 0 1.5 0 0 1.57075 0 0 0 0 0 0
5 16.67 43 0.0010488 1
6 16.67 91.1885 0.438886 0.562151 -2.36422
0 16.68 0.268814 -0.0359384 0.742237 0.132028 0.0520905 1.93052 0.886292 0.11459 -1.51524 -0.510215 0.0998547 1.27702
1 16.68 0.304265 -0.0313548 0.681627 0.114287 0.0493254 1.98176 1.04375 0.256465 -0.423784 -0.143678 0.477123 0.468292
4 16.68 1.5 0 1.5 0 0 1.57075 0 0 0 0 0 0
5 16.68 43 0.000793934 1
6 16.68 91.8086 0.420553 0.486891 -2.58193
0 16.69 0.279588 -0.0336803 0.722127 0.126384 0.0520209 1.94877 0.899176 0.129738 -1.46718 -0.434679 0.181256 1.22658
1 16.69 0.315555 -0.0284908 0.66344 0.111578 0.0530291 1.99843 1.04699 0.272043 -0.367078 -0.141227 0.440642 0.513976
4 16.69 1.5 0 1.5 0 0 1.57075 0 0 0 0 0 0
5 16.69 43 0.000654936 1
6 16.69 92.2753 0.346533 0.341823 -2.27509
0 16.71 0.287452 -0.0321024 0.708428 0.120709 0.0527525 1.96763 0.908094 0.139887 -1.43119 -0.425533 0.189226 1.15617
1 16.71 0.323776 -0.0265069 0.65118 0.10616 0.0546975 2.01452 1.04506 0.282875 -0.328617 -0.139539 0.415402 0.490711
4 16.71 1.5 0 1.5 0 0 1.57075 0 0 0 0 0 0
5 16.71 43 0.0010519 1
6 16.71 92.3671 0.337898 0.300304 -2.12457
0 16.72 0.298938 -0.0294213 0.688574 0.116277 0.0532012 1.98117 0.919371 0.153171 -1.3855 -0.442665 0.162018 1.11722
1 16.72 0.335712 -0.0232945 0.633154 0.100974 0.0544536 2.02638 1.04795 0.295923 -0.28305 -0.140405 0.388714 0.355521
4 16.72 1.5 0 1.5 0 0 1.57075 0 0 0 0 0 0
5 16.72 43 0.000662804 1
6 16.72 92.3128 0.353009 0.301114 -2.4318
0 16.73 0.30794 -0.0273907 0.673924 0.112881 0.0532228 1.99031 0.927857 0.16318 -1.34799 -0.474918 0.111204 1.06086
1 16.73 0.345054 -0.0208635 0.620004 0.0961568 0.0528628 2.03304 1.05036 0.304981 -0.246078 -0.146254 0.377769 0.200076
4 16.73 1.5 0 1.5 0 0 1.57075 0 0 0 0 0 0
5 16.73 44 0.000977039 1
6 16.73 92.2432 0.377395 0.347624 -2.7481
0 16.74 0.31855 -0.024743 0.656869 0.108949 0.0528628 1.99956 0.936992 0.175452 -1.29707 -0.504451 0.0655281 1.01423
1 16.74 0.35603 -0.0177249 0.604986 0.0909196 0.0510572 2.04023 1.05245 0.314771 -0.201988 -0.147526 0.355646 0.0199002
4 16.74 1.5 0 1.5 0 0 1.57075 0 0 0 0 0 0
5 16.74 44 0.00104094 1
6 16.74 91.78 0.404802 0.375295 -3.17443
0 16.75 0.329605 -0.0220843 0.64055 0.102968 0.0519634 2.01177 0.945527 0.187421 -1.24466 -0.546357 0.0138659 0.950989
1 16.75 0.367427 -0.0145874 0.590764 0.083085 0.0486051 2.04971 1.05118 0.322415 -0.156844 -0.147333 0.337432 -0.170516
4 16.75 1.5 0 1.5 0 0 1.57075 0 0 0 0 0 0
5 16.75 44 0.00075078 1
6 16.75 91.2693 0.447549 0.414331 -3.58041
0 16.77 0.339807 -0.019359 0.625497 0.0936369 0.0496967 2.02729 0.952595 0.199727 -1.18684 -0.605717 -0.0843719 0.852344
1 16.77 0.377911 -0.0113699 0.578024 0.0710808 0.0431488 2.06096 1.04454 0.326428 -0.107557 -0.143575 0.334985 -0.459819
4 16.77 1.5 0 1.5 0 0 1.57075 0 0 0 0 0 0
5 16.77 44 0.000819683 1
6 16.77 90.6493 0.511211 0.52396 -4.18902
0 16.78 0.35159 -0.0163206 0.609934 0.0862158 0.0472137 2.03725 0.959422 0.212225 -1.12515 -0.655347 -0.153427 0.782694
1 16.78 0.389967 -0.00783164 0.564928 0.0614507 0.0384035 2.06795 1.04126 0.330688 -0.0570992 -0.142952 0.32865 -0.696049
4 16.78 1.5 0 1.5 0 0 1.57075 0 0 0 0 0 0
5 16.78 44 0.00104308 1
6 16.78 89.8862 0.563499 0.595643 -4.72078
0 16.79 0.360803 -0.0136636 0.597527 0.0810581 0.0452273 2.04315 0.963865 0.221398 -1.07958 -0.682159 -0.191948 0.740233
1 16.79 0.399358 -0.00480771 0.554344 0.0550792 0.0351772 2.07207 1.03918 0.333745 -0.0186104 -0.142168 0.322796 -0.846761
4 16.79 1.5 0 1.5 0 0 1.57075 0 0 0 0 0 0
5 16.79 44 0.000998497 1
6 16.79 89.4034 0.592576 0.632459 -5.06633
0 16.8 0.371485 -0.0106787 0.584436 0.0713109 0.0410231 2.05292 0.968395 0.230832 -1.02805 -0.731939 -0.278399 0.663144
1 16.8 0.410221 -0.00144544 0.543314 0.0430868 0.0280255 2.07861 1.0325 0.331404 0.0263025 -0.138899 0.339245 -1.08532
4 16.8 1.5 0 1.5 0 0 1.57075 0 0 0 0 0 0
5 16.8 44 0.000713825 1
6 16.8 88.9145 0.648453 0.748896 -5.58175
0 16.82 0.382318 -0.00747017 0.571334 0.0604189 0.0356465 2.06182 0.97154 0.240053 -0.970997 -0.768969 -0.342201 0.595164
1 16.82 0.42118 0.00213196 0.532494 0.0304781 0.0205459 2.08478 1.02417 0.326397 0.0758976 -0.135475 0.361707 -1.28562
4 16.82 1.5 0 1.5 0 0 1.57075 0 0 0 0 0 0
5 16.82 44 0.000823975 1
6 16.82 88.3741 0.69216 0.84557 -6.0041
0 16.83 0.39675 -0.00333374 0.556039 0.0513484 0.0308825 2.06823 0.974311 0.249402 -0.898495 -0.801443 -0.386354 0.549307
1 16.83 0.435722 0.00664236 0.520099 0.019944 0.014321 2.08939 1.01771 0.323069 0.134431 -0.135084 0.373535 -1.42653
4 16.83 1.5 0 1.5 0 0 1.57075 0 0 0 0 0 0
5 16.83 44 0.00103545 1
6 16.83 87.4581 0.728233 0.908354 -6.3075
0 16.85 0.408343 0.00026109 0.543641 0.0336779 0.0206222 2.07775 0.973806 0.257517 -0.839591 -0.882356 -0.517311 0.418263
1 16.85 0.447295 0.0105618 0.510057 -0.00128585 -0.000621802 2.09378 1.00142 0.306351 0.187928 -0.131611 0.441229 -1.66115
4 16.85 1.5 0 1.5 0 0 1.57075 0 0 0 0 0 0
5 16.85 44 0.000839472 1
6 16.85 87.0379 0.822314 1.13036 -6.638
0 16.86 0.419571 0.00366082 0.532927 0.0251799 0.0153199 2.08133 0.972836 0.263462 -0.783627 -0.907889 -0.558935 0.375526
1 16.86 0.458485 0.0141993 0.501582 -0.0109142 -0.00740862 2.09578 0.993259 0.29965 0.233422 -0.131147 0.464832 -1.73032
4 16.86 1.5 0 1.5 0 0 1.57075 0 0 0 0 0 0
5 16.86 44 0.00137186 1
6 16.86 86.3662 0.851932 1.20287 -6.72234
0 16.87 0.428909 0.00657793 0.523977 0.0159439 0.00925469 2.08455 0.97134 0.266937 -0.738237 -0.947459 -0.624809 0.318591
1 16.87 0.467762 0.0172554 0.494448 -0.0218403 -0.0159377 2.09689 0.984412 0.289188 0.269071 -0.126886 0.501661 -1.81305
4 16.87 1.5 0 1.5 0 0 1.57075 0 0 0 0 0 0
5 16.87 43 0.000916243 1
6 16.87 85.7466 0.901861 1.31746 -6.80459
0 16.88 0.443026 0.0108702 0.512212 0.00598982 0.00247815 2.08754 0.968187 0.269875 -0.669975 -0.974043 -0.664411 0.283639
1 16.88 0.481753 0.0216652 0.485413 -0.0329442 -0.0241658 2.09873 0.973707 0.276961 0.323295 -0.126747 0.536177 -1.81558
4 16.88 1.5 0 1.5 0 0 1.57075 0 0 0 0 0 0
5 16.88 43 0.00102782 1
6 16.88 84.874 0.932629 1.40038 -6.70101
0 16.9 0.455437 0.01466 0.502171 -0.0138017 -0.0116144 2.09174 0.962929 0.269227 -0.602714 -1.03593 -0.758058 0.172888
1 16.9 0.493954 0.0254291 0.478063 -0.0553242 -0.0418384 2.09908 0.954411 0.245916 0.380613 -0.124201 0.632426 -1.75966
4 16.9 1.5 0 1.5 0 0 1.57075 0 0 0 0 0 0
5 16.9 43 0.000732183 1
6 16.9 84.277 1.00942 1.61019 -6.16876
0 16.91 0.466475 0.0179372 0.494468 -0.0252878 -0.0201324 2.09347 0.957817 0.266568 -0.544637 -1.06983 -0.808187 0.12492
1 16.91 0.504787 0.0285999 0.472683 -0.068198 -0.0523232 2.09928 0.941636 0.225569 0.426185 -0.122567 0.686248 -1.66173
4 16.91 1.5 0 1.5 0 0 1.57075 0 0 0 0 0 0
5 16.91 43 0.00083828 1
6 16.91 83.541 1.05164 1.72568 -5.7029
0 16.93 0.479679 0.0217561 0.485622 -0.044092 -0.0344978 2.09535 0.950603 0.260046 -0.477312 -1.11278 -0.866024 0.0530859
1 16.93 0.517703 0.032158 0.466529 -0.0887293 -0.0690115 2.099 0.922336 0.189832 0.481055 -0.117058 0.776709 -1.42851
4 16.93 1.5 0 1.5 0 0 1.57075 0 0 0 0 0 0
5 16.93 43 0.00105476 1
6 16.93 82.8642 1.11036 1.88964 -4.72889
0 16.94 0.489019 0.0243847 0.480165 -0.0547014 -0.0428521 2.09593 0.944764 0.25389 -0.429914 -1.14104 -0.906823 0.0135204
1 16.94 0.52681 0.0345403 0.462969 -0.100451 -0.0790412 2.09846 0.910024 0.167358 0.51768 -0.113041 0.828315 -1.25517
4 16.94 1.5 0 1.5 0 0 1.57075 0 0 0 0 0 0
5 16.94 43 0.00108933 1
6 16.94 82.2731 1.14924 1.99204 -4.04911
0 16.95 0.498592 0.0269584 0.474603 -0.0692888 -0.0545227 2.09626 0.935548 0.2431 -0.372669 -1.19072 -0.957608 -0.0500786
1 16.95 0.536014 0.0366824 0.459697 -0.116953 -0.0928738 2.09691 0.892094 0.134198 0.561748 -0.105667 0.899645 -0.970697
4 16.95 1.5 0 1.5 0 0 1.57075 0 0 0 0 0 0
5 16.95 43 0.00107121 1
6 16.95 81.5843 1.218 2.12592 -2.93778
0 16.97 0.51146 0.0302023 0.468897 -0.0905396 -0.0719432 2.09593 0.92333 0.225252 -0.299856 -1.24459 -1.0294 -0.135086
1 16.97 0.548393 0.0392124 0.456903 -0.140204 -0.113439 2.09427 0.86753 0.0838941 0.616735 -0.0895606 1.00346 -0.498974
4 16.97 1.5 0 1.5 0 0 1.57075 0 0 0 0 0 0
5 16.97 43 0.000847816 1
6 16.97 80.7143 1.30375 2.3184 -1.16026
0 16.98 0.520646 0.0322858 0.464788 -0.103008 -0.0824735 2.09533 0.913939 0.210249 -0.248931 -1.27299 -1.06077 -0.178409
1 16.98 0.557203 0.0406958 0.45483 -0.153701 -0.125413 2.09259 0.851273 0.0502982 0.653872 -0.0766365 1.0613 -0.176531
4 16.98 1.5 0 1.5 0 0 1.57075 0 0 0 0 0 0
5 16.98 43 0.00105453 1
6 16.98 80.026 1.35409 2.41585 0.00753236
0 16.99 0.533164 0.0349067 0.460722 -0.119053 -0.0961266 2.09415 0.899676 0.187566 -0.181598 -1.31023 -1.08718 -0.236231
1 16.99 0.569151 0.0424093 0.453458 -0.171056 -0.140428 2.08991 0.828405 0.00449965 0.701026 -0.0560336 1.12956 0.271407
4 16.99 1.5 0 1.5 0 0 1.57075 0 0 0 0 0 0
5 16.99 43 0.0011344 1
6 16.99 79.0167 1.42434 2.51765 1.62225
0 17 0.544099 0.0367458 0.457546 -0.131813 -0.10679 2.0928 0.886593 0.166348 -0.123448 -1.30143 -1.03256 -0.276922
1 17 0.579563 0.0433997 0.452608 -0.183275 -0.14919 2.08721 0.808797 -0.0332473 0.736258 -0.0325925 1.1751 0.539218
4 17 1.5 0 1.5 0 0 1.57075 0 0 0 0 0 0
5 17 42 0.000858307 1
6 17 77.8058 1.44311 2.503 2.60705
0 17.01 0.5553 0.038459 0.455483 -0.141081 -0.113922 2.09153 0.870984 0.141396 -0.0525857 -1.24237 -0.880598 -0.301323
1 17.01 0.59014 0.0441149 0.45338 -0.189977 -0.150491 2.0845 0.788998 -0.0668349 0.777226 -0.0120066 1.18044 0.720016
4 17.01 1.5 0 1.5 0 0 1.57075 0 0 0 0 0 0
5 17.01 42 0.00104117 1
6 17.01 76.105 1.39837 2.33362 3.26187
0 17.03 0.565769 0.0395333 0.454057 -0.164075 -0.127315 2.0865 0.849474 0.107926 0.0314339 -0.915156 -0.332121 -0.281955
1 17.03 0.599748 0.0438504 0.455314 -0.199535 -0.142264 2.07747 0.752844 -0.120076 0.816285 -0.0544037 1.15592 -0.199017
4 17.03 1.5 0 1.5 0 0 1.57075 0 0 0 0 0 0
5 17.03 42 0.00736189 19
6 17.03 73.6846 0.970763 1.68586 0.265123
0 17.04 0.573094 0.0401512 0.453828 -0.170251 -0.129526 2.08489 0.831678 0.0834581 0.0870444 -0.848195 -0.250378 -0.251552
1 17.04 0.606361 0.0434896 0.45731 -0.203108 -0.141101 2.0766 0.731375 -0.145845 0.848826 -0.0500884 1.15341 -0.221813
4 17.04 1.5 0 1.5 0 0 1.57075 0 0 0 0 0 0
5 17.04 42 0.00661492 11
6 17.04 72.3366 0.89816 1.5929 0.0951834
0 17.05 0.583097 0.0402221 0.454302 -0.180128 -0.132673 2.08267 0.810072 0.0503327 0.155042 -0.814314 -0.221794 -0.209843
1 17.05 0.615499 0.0422354 0.460503 -0.21181 -0.142905 2.07594 0.703165 -0.182356 0.890352 -0.0446168 1.16774 -0.159052
4 17.05 1.5 0 1.5 0 0 1.57075 0 0 0 0 0 0
5 17.05 42 0.00393105 10
6 17.05 70.8306 0.865027 1.58007 0.162355
0 17.06 0.591009 0.0401459 0.455443 -0.187946 -0.135039 2.08137 0.792336 0.0226459 0.209138 -0.801715 -0.214331 -0.157168
1 17.06 0.622702 0.0410517 0.463808 -0.219393 -0.144636 2.07676 0.680351 -0.212635 0.924808 -0.0571212 1.18216 -0.28116
4 17.06 1.5 0 1.5 0 0 1.57075 0 0 0 0 0 0
5 17.06 42 0.00247741 6
6 17.06 69.7206 0.835888 1.59177 -0.395648
0 17.08 0.599464 0.0394637 0.457234 -0.203924 -0.138817 2.07963 0.767729 -0.0139251 0.283039 -0.721886 -0.0618525 -0.102683
1 17.08 0.630173 0.0389067 0.468556 -0.232307 -0.142072 2.07608 0.645476 -0.253253 0.960314 -0.036411 1.20736 -0.187823
4 17.08 1.5 0 1.5 0 0 1.57075 0 0 0 0 0 0
5 17.08 41 0.00270295 5
6 17.08 67.5537 0.767502 1.45005 -0.271758
0 17.09 0.607948 0.0385255 0.460356 -0.209479 -0.138041 2.0786 0.741401 -0.0518533 0.365069 -0.625495 0.157267 -0.0925101
1 17.09 0.637604 0.0364514 0.474959 -0.233814 -0.132658 2.07363 0.617927 -0.284152 1.00161 -0.019456 1.18259 -0.275631
4 17.09 1.5 0 1.5 0 0 1.57075 0 0 0 0 0 0
5 17.09 41 0.00395179 6
6 17.09 65.0497 0.676911 1.17158 -0.584726
0 17.1 0.614104 0.0372781 0.462884 -0.214819 -0.134989 2.07699 0.718037 -0.0841833 0.434584 -0.550735 0.391415 -0.0948597
1 17.1 0.642825 0.0339107 0.480268 -0.235891 -0.120501 2.06988 0.5923 -0.307967 1.03438 0.0248894 1.12124 -0.115401
4 17.1 1.5 0 1.5 0 0 1.57075 0 0 0 0 0 0
5 17.1 41 0.0028441 8
6 17.1 62.773 0.641033 0.833011 -0.0658243
0 17.11 0.62194 0.0353936 0.467728 -0.218825 -0.130778 2.07517 0.686793 -0.126012 0.524336 -0.541102 0.589085 -0.110048
1 17.11 0.649412 0.0303531 0.488701 -0.239231 -0.108732 2.06567 0.560452 -0.338673 1.08324 0.045831 1.08442 -0.159856
4 17.11 1.5 0 1.5 0 0 1.57075 0 0 0 0 0 0
5 17.11 41 0.00568557 9
6 17.11 60.205 0.651421 0.563375 -0.159374
0 17.12 0.630283 0.0322293 0.474177 -0.225512 -0.122719 2.0717 0.657344 -0.166944 0.609326 -0.559702 0.667374 -0.11954
1 17.12 0.656577 0.0255516 0.49855 -0.246589 -0.0977697 2.06099 0.526666 -0.366514 1.12741 0.081465 1.04177 -0.0839401
4 17.12 1.5 0 1.5 0 0 1.57075 0 0 0 0 0 0
5 17.12 40 0.00423169 7
6 17.12 57.6495 0.71088 0.424007 0.113229
0 17.13 0.637589 0.0292347 0.481056 -0.231278 -0.115508 2.06854 0.6296 -0.203811 0.683837 -0.639004 0.804576 -0.15328
1 17.13 0.662773 0.0210823 0.508409 -0.25529 -0.0855872 2.05511 0.495956 -0.391841 1.16545 0.128594 0.968111 0.117394
4 17.13 1.5 0 1.5 0 0 1.57075 0 0 0 0 0 0
5 17.13 40 0.0034883 6
6 17.13 55.3664 0.848782 0.179503 0.863541
0 17.15 0.645476 0.0248084 0.489917 -0.244265 -0.0998163 2.06068 0.593633 -0.248771 0.775431 -0.754143 0.913225 -0.238832
1 17.15 0.669222 0.0148576 0.520934 -0.272617 -0.0666821 2.04249 0.449379 -0.419838 1.21253 0.199805 0.834201 0.348314
4 17.15 1.5 0 1.5 0 0 1.57075 0 0 0 0 0 0
5 17.15 40 0.00102997 1
6 17.15 52.6229 1.04954 -0.105605 1.87368
0 17.16 0.651789 0.0209731 0.498463 -0.251044 -0.0918565 2.05601 0.561394 -0.286515 0.85929 -0.720703 0.884481 -0.258852
1 17.16 0.674245 0.00951254 0.532835 -0.278138 -0.0601583 2.03711 0.415633 -0.445482 1.25542 0.213935 0.828756 0.193918
4 17.16 1.5 0 1.5 0 0 1.57075 0 0 0 0 0 0
5 17.16 40 0.00065589 1
6 17.16 50.0717 1.02704 -0.0794091 1.44474
0 17.17 0.657053 0.016878 0.506451 -0.25701 -0.0837591 2.05101 0.522708 -0.326617 0.958577 -0.599645 0.932781 -0.273267
1 17.17 0.677961 0.00381336 0.544794 -0.279312 -0.0504518 2.03088 0.37878 -0.471409 1.30377 0.232492 0.819416 -0.00976589
4 17.17 1.5 0 1.5 0 0 1.57075 0 0 0 0 0 0
5 17.17 40 0.000672579 1
6 17.17 46.8763 0.910232 -0.143657 0.840593
0 17.18 0.662408 0.0121981 0.517008 -0.261611 -0.0750588 2.04594 0.479405 -0.367244 1.06951 -0.473043 1.00109 -0.263921
1 17.18 0.681585 -0.00249172 0.559789 -0.278987 -0.0391082 2.02532 0.340287 -0.496384 1.35786 0.250203 0.804205 -0.216188
4 17.18 1.5 0 1.5 0 0 1.57075 0 0 0 0 0 0
5 17.18 40 0.00113583 1
6 17.18 43.2867 0.787632 -0.236244 0.151851
0 17.2 0.668129 0.00546405 0.530682 -0.266332 -0.0547308 2.0354 0.433317 -0.408444 1.18985 -0.131489 1.21986 -0.225265
1 17.2 0.685462 -0.0108737 0.578276 -0.270412 -0.0100283 2.01383 0.324385 -0.493423 1.29324 0.489053 0.689717 -0.764453
4 17.2 1.5 0 1.5 0 0 1.57075 0 0 0 0 0 0
5 17.2 40 0.00130153 3
6 17.2 31.5242 0.671849 -0.610702 -1.72154
0 17.21 0.67314 -0.00107479 0.545617 -0.266241 -0.0429078 2.0297 0.386341 -0.446979 1.31001 0.0388754 1.23546 -0.218336
1 17.21 0.688593 -0.018954 0.598017 -0.263765 0.00247158 2.00825 0.286774 -0.517299 1.35874 0.564027 0.657083 -0.739916
4 17.21 1.5 0 1.5 0 0 1.57075 0 0 0 0 0 0
5 17.21 40 0.00154209 2
6 17.21 28.0321 0.565529 -0.66288 -1.66509
0 17.23 0.677106 -0.00763492 0.559293 -0.26468 -0.0289335 2.02273 0.339046 -0.482413 1.42245 0.132098 1.15063 -0.239063
1 17.23 0.690668 -0.0269314 0.616191 -0.258781 0.0129873 2.00145 0.251793 -0.536906 1.40729 0.706112 0.605345 -0.650199
4 17.23 1.5 0 1.5 0 0 1.57075 0 0 0 0 0 0
5 17.23 40 0.00137639 2
6 17.23 23.95 0.619766 -0.622997 -1.31238
0 17.23 0.680047 -0.0131177 0.572005 -0.264093 -0.0250293 2.02067 0.300708 -0.508936 1.5087 0.148897 1.13219 -0.244097
1 17.23 0.692075 -0.0334751 0.632353 -0.257605 0.0161393 1.99942 0.221259 -0.556794 1.45773 0.793211 0.595775 -0.579206
4 17.23 1.5 0 1.5 0 0 1.57075 0 0 0 0 0 0
5 17.23 40 0.000896931 1
6 17.23 21.6706 0.69832 -0.612422 -1.06964
0 17.24 0.682983 -0.0200209 0.586862 -0.261996 -0.0129163 2.01403 0.251605 -0.539787 1.6055 0.182105 1.06257 -0.273845
1 17.24 0.693047 -0.0416124 0.651082 -0.254433 0.025299 1.99244 0.176003 -0.580245 1.53246 0.832959 0.575806 -0.582966
4 17.24 1.5 0 1.5 0 0 1.57075 0 0 0 0 0 0
5 17.24 40 0.00162411 1
6 17.24 20.2539 0.704441 -0.55434 -0.986648
0 17.25 0.685041 -0.025739 0.60044 -0.259901 -0.00200966 2.00699 0.213744 -0.561729 1.67609 0.191171 0.959191 -0.331094
1 17.25 0.693591 -0.0482082 0.667484 -0.252208 0.031666 1.98433 0.144072 -0.594849 1.57379 0.958922 0.55101 -0.586845
4 17.25 1.5 0 1.5 0 0 1.57075 0 0 0 0 0 0
5 17.25 40 0.00162125 2
6 17.25 18.3858 0.833061 -0.463065 -0.816278
0 17.26 0.68707 -0.0326011 0.615381 -0.258478 0.00461583 2.00224 0.174964 -0.582727 1.74342 0.193802 0.932524 -0.34898
1 17.26 0.694069 -0.0559102 0.685117 -0.250833 0.0371095 1.97921 0.108615 -0.61188 1.62508 1.02181 0.545196 -0.575545
4 17.26 1.5 0 1.5 0 0 1.57075 0 0 0 0 0 0
5 17.26 40 0.00166535 3
6 17.26 17.3632 0.899836 -0.438781 -0.723102
0 17.29 0.6892 -0.0424214 0.639481 -0.255255 0.0193938 1.99018 0.122136 -0.607515 1.8277 0.182516 0.857416 -0.425207
1 17.29 0.694085 -0.066722 0.712589 -0.248442 0.0482847 1.96506 0.0590618 -0.630197 1.69141 1.11289 0.521374 -0.592317
4 17.29 1.5 0 1.5 0 0 1.57075 0 0 0 0 0 0
5 17.29 40 0.00123024 1
6 17.29 16.2151 1.01118 -0.379112 -0.533324
0 17.29 0.690898 -0.0539889 0.665835 -0.253852 0.0258326 1.98386 0.0734303 -0.628467 1.90087 0.173416 0.809963 -0.46799
1 17.29 0.693835 -0.0791276 0.74187 -0.247593 0.0524917 1.9576 0.0133554 -0.647965 1.75063 1.1703 0.520182 -0.595849
4 17.29 1.5 0 1.5 0 0 1.57075 0 0 0 0 0 0
5 17.29 40 0.00122905 1
6 17.29 15.3285 1.08441 -0.325741 -0.408029
0 17.31 0.691818 -0.0652036 0.693953 -0.251094 0.0371446 1.97027 0.0255673 -0.645022 1.97129 0.196358 0.663896 -0.564789
1 17.31 0.692841 -0.0910045 0.772805 -0.244298 0.0572545 1.94177 -0.0322609 -0.66014 1.80935 1.25706 0.501284 -0.636555
4 17.31 1.5 0 1.5 0 0 1.57075 0 0 0 0 0 0
5 17.31 40 0.00147414 2
6 17.31 14.5826 1.15615 -0.17737 -0.228963
0 17.32 0.69223 -0.0756434 0.717686 -0.2497 0.0403746 1.9649 -0.0142284 -0.657471 2.03287 0.241022 0.576688 -0.590898
1 17.32 0.69166 -0.101942 0.799001 -0.241214 0.056886 1.93627 -0.0696374 -0.670863 1.86107 1.31421 0.501143 -0.635956
4 17.32 1.5 0 1.5 0 0 1.57075 0 0 0 0 0 0
5 17.32 40 0.00208974 3
6 17.32 13.9555 1.17292 -0.074862 -0.143688
0 17.33 0.692159 -0.0837643 0.737721 -0.247047 0.0434498 1.95764 -0.0474689 -0.666392 2.08837 0.33583 0.424421 -0.631786
1 17.33 0.69026 -0.11042 0.821256 -0.23486 0.0537313 1.92896 -0.100735 -0.678096 1.90888 1.36775 0.493064 -0.645519
4 17.33 1.5 0 1.5 0 0 1.57075 0 0 0 0 0 0
5 17.33 40 0.000988007 2
6 17.33 13.4616 1.13268 0.0963535 -0.0436805
0 17.34 0.691712 -0.0938462 0.761489 -0.242339 0.0450936 1.94875 -0.0906261 -0.675655 2.16766 0.445821 0.245498 -0.662911
1 17.34 0.688087 -0.120872 0.848196 -0.225775 0.0482633 1.92062 -0.14072 -0.685684 1.97837 1.43405 0.488394 -0.647054
4 17.34 1.5 0 1.5 0 0 1.57075 0 0 0 0 0 0
5 17.34 40 0.000935078 1
6 17.34 12.8279 1.09243 0.303192 0.0507479
0 17.35 0.690907 -0.101675 0.781793 -0.237452 0.0446702 1.94176 -0.127517 -0.682047 2.24213 0.547798 0.0763174 -0.688948
1 17.35 0.685806 -0.128957 0.871478 -0.216769 0.0411549 1.91423 -0.174428 -0.690997 2.04359 1.48659 0.484729 -0.643717
4 17.35 1.5 0 1.5 0 0 1.57075 0 0 0 0 0 0
5 17.35 40 0.000998974 1
6 17.35 12.2288 1.04612 0.499883 0.144448
0 17.36 0.689981 -0.109727 0.801278 -0.231369 0.0427372 1.93453 -0.169101 -0.687865 2.33257 0.607558 -0.0387975 -0.701321
1 17.36 0.683217 -0.137242 0.894581 -0.208219 0.0347939 1.90755 -0.212287 -0.695917 2.12348 1.54338 0.48935 -0.631627
4 17.36 1.5 0 1.5 0 0 1.57075 0 0 0 0 0 0
5 17.36 40 0.00146604 3
6 17.36 11.5458 1.04932 0.641297 0.22247
0 17.38 0.688196 -0.11853 0.825725 -0.218841 0.0362615 1.92205 -0.218012 -0.692971 2.45086 0.707618 -0.24974 -0.701255
1 17.38 0.679476 -0.146249 0.92376 -0.191451 0.0204205 1.89683 -0.255788 -0.700223 2.22904 1.60846 0.497019 -0.60037
4 17.38 1.5 0 1.5 0 0 1.57075 0 0 0 0 0 0
5 17.38 40 0.00243974 4
6 17.38 10.7107 1.02229 0.897932 0.321873
0 17.39 0.685155 -0.131113 0.859613 -0.213287 0.0330831 1.91715 -0.270449 -0.699507 2.5926 0.751267 -0.259177 -0.696354
1 17.39 0.674337 -0.159094 0.963317 -0.184065 0.0170549 1.89211 -0.303066 -0.705942 2.35186 1.69898 0.516195 -0.559237
4 17.39 1.5 0 1.5 0 0 1.57075 0 0 0 0 0 0
5 17.39 40 0.00170588 3
6 17.39 9.50974 1.07517 0.932993 0.437525
0 17.4 0.681175 -0.143396 0.89707 -0.205162 0.0289692 1.91048 -0.325383 -0.703955 2.75133 0.808523 -0.231741 -0.689599
1 17.4 0.66816 -0.171554 1.00712 -0.173549 0.0142744 1.88535 -0.352346 -0.709459 2.48986 1.80283 0.53615 -0.510829
4 17.4 1.5 0 1.5 0 0 1.57075 0 0 0 0 0 0
5 17.4 40 0.00175285 4
6 17.4 8.19442 1.12561 0.927265 0.570511
0 17.41 0.677984 -0.15344 0.925772 -0.194771 0.0254512 1.90302 -0.370698 -0.70585 2.8899 0.963259 -0.12667 -0.673888
1 17.41 0.663156 -0.181674 1.04137 -0.156889 0.0152632 1.87754 -0.392994 -0.710461 2.61193 1.89947 0.556488 -0.461648
4 17.41 1.5 0 1.5 0 0 1.57075 0 0 0 0 0 0
5 17.41 40 0.00208926 5
6 17.41 7.14612 1.05451 0.837644 0.677437
0 17.42 0.674543 -0.161976 0.953507 -0.183884 0.023653 1.89619 -0.408905 -0.706083 3.01444 1.15303 0.0154217 -0.653975
1 17.42 0.658186 -0.19022 1.07408 -0.138374 0.0194763 1.87035 -0.427315 -0.709794 2.72218 1.99251 0.572232 -0.413413
4 17.42 1.5 0 1.5 0 0 1.57075 0 0 0 0 0 0
5 17.42 40 0.00308514 5
6 17.42 6.24062 0.938471 0.701386 0.768014
0 17.44 0.670299 -0.172508 0.986308 -0.155111 0.0246009 1.88157 -0.452539 -0.70939 3.16132 1.45745 0.251505 -0.630269
1 17.44 0.652198 -0.200884 1.11276 -0.0974644 0.0306455 1.8551 -0.466104 -0.711506 2.85563 2.08862 0.593443 -0.342224
4 17.44 1.5 0 1.5 0 0 1.57075 0 0 0 0 0 0
5 17.44 40 0.00217247 5
6 17.44 5.37675 0.69325 0.468503 0.920001
0 17.45 0.664178 -0.184329 1.02965 -0.147578 0.0256486 1.87824 -0.497726 -0.708118 3.33583 1.54502 0.316383 -0.620933
1 17.45 0.644269 -0.212654 1.16308 -0.0864552 0.0345142 1.8518 -0.507232 -0.709425 3.00701 2.21529 0.571598 -0.284169
4 17.45 1.5 0 1.5 0 0 1.57075 0 0 0 0 0 0
5 17.45 40 0.00353837 6
6 17.45 3.93853 0.733891 0.372386 1.07568
0 17.46 0.658295 -0.196445 1.07145 -0.126413 0.0300588 1.86977 -0.531525 -0.705644 3.48767 1.82431 0.522802 -0.59259
1 17.46 0.637034 -0.224671 1.21096 -0.054227 0.0478155 1.8436 -0.537543 -0.706046 3.14143 2.31484 0.55506 -0.203432
4 17.46 1.5 0 1.5 0 0 1.57075 0 0 0 0 0 0
5 17.46 40 0.00365734 7
6 17.46 2.85168 0.523507 0.126678 1.24347
0 17.48 0.651999 -0.207359 1.11446 -0.0815503 0.044051 1.85555 -0.560183 -0.700357 3.63541 2.19121 0.797924 -0.555592
1 17.48 0.629592 -0.235374 1.25988 0.00500723 0.0740516 1.83077 -0.563416 -0.69967 3.27857 2.3954 0.533634 -0.111089
4 17.48 1.5 0 1.5 0 0 1.57075 0 0 0 0 0 0
5 17.48 40 0.00336456 7
6 17.48 2.18785 0.192205 -0.202248 1.42106
0 17.5 0.646406 -0.217891 1.15359 -0.0646958 0.0502454 1.85089 -0.582476 -0.691656 3.77326 2.34012 0.900348 -0.539725
1 17.5 0.623107 -0.245557 1.30452 0.0277084 0.0847882 1.82699 -0.583789 -0.691133 3.39808 2.4523 0.481656 -0.0399086
4 17.5 1.5 0 1.5 0 0 1.57075 0 0 0 0 0 0
5 17.5 40 0.00463128 7
6 17.5 1.05837 0.0857702 -0.375615 1.59806
0 17.5 0.638915 -0.229438 1.20467 -0.0354408 0.0616742 1.84358 -0.600854 -0.676858 3.92724 2.47786 0.987053 -0.519624
1 17.5 0.614881 -0.256512 1.36176 0.0623047 0.100395 1.82136 -0.60067 -0.677039 3.53122 2.4827 0.409161 0.0477546
4 17.5 1.5 0 1.5 0 0 1.57075 0 0 0 0 0 0
5 17.5 40 0.00323606 8
6 17.5 -0.222179 -0.0365487 -0.556234 1.81413
0 17.51 0.633548 -0.238948 1.24288 -0.0166786 0.0693751 1.83964 -0.609933 -0.666827 4.02661 2.57711 1.05479 -0.492965
1 17.51 0.609151 -0.265621 1.40395 0.0849867 0.111232 1.81917 -0.609247 -0.668067 3.61439 2.482 0.359339 0.118966
4 17.51 1.5 0 1.5 0 0 1.57075 0 0 0 0 0 0
5 17.51 40 0.00339532 9
6 17.51 -1.21754 -0.148947 -0.69253 1.95668
0 17.53 0.626403 -0.249799 1.29327 0.0325899 0.0902499 1.83062 -0.615633 -0.651173 4.13867 2.72504 1.12859 -0.435171
1 17.53 0.601777 -0.275845 1.45882 0.14015 0.135937 1.81463 -0.615906 -0.654297 3.71369 2.46776 0.30637 0.231141
4 17.53 1.5 0 1.5 0 0 1.57075 0 0 0 0 0 0
5 17.53 40 0.00385857 10
6 17.53 -2.00476 -0.328043 -0.844994 2.1307
0 17.54 0.61935 -0.261251 1.3451 0.0659381 0.104374 1.82601 -0.615102 -0.632599 4.23668 2.76334 1.12193 -0.38432
1 17.54 0.594746 -0.286555 1.51457 0.175175 0.150167 1.81356 -0.617241 -0.639285 3.78768 2.4065 0.249404 0.351739
4 17.54 1.5 0 1.5 0 0 1.57075 0 0 0 0 0 0
5 17.54 40 0.00487876 13
6 17.54 -3.49336 -0.434537 -0.912981 2.35339
0 17.56 0.612565 -0.270821 1.39509 0.0933009 0.115743 1.82316 -0.610054 -0.613153 4.31273 2.77913 1.1028 -0.320064
1 17.56 0.588163 -0.295347 1.56759 0.203462 0.160856 1.81446 -0.615274 -0.624577 3.83639 2.32522 0.204581 0.476039
4 17.56 1.5 0 1.5 0 0 1.57075 0 0 0 0 0 0
5 17.56 40 0.00653934 14
6 17.56 -5.19837 -0.536765 -0.956773 2.54504
0 17.57 0.604173 -0.283891 1.46092 0.140932 0.135039 1.82019 -0.598364 -0.588978 4.39014 2.77318 1.0815 -0.260167
1 17.57 0.580238 -0.30745 1.63653 0.251284 0.179332 1.81592 -0.610145 -0.607677 3.88577 2.23159 0.168165 0.601499
4 17.57 1.5 0 1.5 0 0 1.57075 0 0 0 0 0 0
5 17.57 40 0.00488257 11
6 17.57 -6.99042 -0.629008 -0.988048 2.75428
0 17.58 0.598534 -0.291829 1.50551 0.174637 0.148289 1.81978 -0.587519 -0.571079 4.43545 2.7502 1.04767 -0.191382
1 17.58 0.575034 -0.314672 1.68292 0.284606 0.190888 1.81952 -0.605338 -0.595793 3.9121 2.1667 0.148642 0.694054
4 17.58 1.5 0 1.5 0 0 1.57075 0 0 0 0 0 0
5 17.58 40 0.00468588 9
6 17.58 -8.23474 -0.669283 -0.987824 2.83003
0 17.6 0.593653 -0.299801 1.54662 0.20252 0.158829 1.81985 -0.571866 -0.550406 4.47218 2.73865 1.02014 -0.134276
1 17.6 0.570779 -0.321818 1.7255 0.312537 0.199881 1.82283 -0.595696 -0.58077 3.93273 2.11414 0.134409 0.760855
4 17.6 1.5 0 1.5 0 0 1.57075 0 0 0 0 0 0
5 17.6 40 0.00326109 8
6 17.6 -9.31179 -0.709971 -0.985718 2.86088
0 17.61 0.586704 -0.309504 1.60672 0.222902 0.16629 1.8205 -0.544627 -0.51761 4.51564 2.72875 1.00573 -0.101369
1 17.61 0.564919 -0.330208 1.78734 0.332881 0.20642 1.82551 -0.578718 -0.558886 3.93513 1.99306 0.115743 0.823775
4 17.61 1.5 0 1.5 0 0 1.57075 0 0 0 0 0 0
5 17.61 40 0.00349331 9
6 17.61 -11.9789 -0.831506 -0.998163 2.95664
0 17.62 0.581408 -0.318086 1.65667 0.25215 0.176738 1.82225 -0.522164 -0.493334 4.54738 2.69297 0.98073 -0.0510516
1 17.62 0.560521 -0.33782 1.83857 0.361263 0.215236 1.83018 -0.574335 -0.552757 3.90541 1.79135 0.112609 0.932586
4 17.62 1.5 0 1.5 0 0 1.57075 0 0 0 0 0 0
5 17.62 40 0.00283051 7
6 17.62 -16.0353 -1.01293 -0.984611 3.14326
0 17.64 0.575454 -0.326669 1.71475 0.305746 0.194813 1.82737 -0.491826 -0.46188 4.57854 2.65077 0.95373 0.0508565
1 17.64 0.555781 -0.345144 1.89789 0.414425 0.230581 1.84105 -0.816519 -0.800717 2.94271 0.0604238 -0.514791 0.75134
4 17.64 1.5 0 1.5 0 0 1.57075 0 0 0 0 0 0
5 17.64 40 0.00721717 18
6 17.64 -81.4041 -2.8944 -1.69605 2.23917
0 17.65 0.567438 -0.339443 1.80083 0.339387 0.205518 1.83199 -0.441632 -0.416168 4.62168 2.61869 0.942226 0.107473
1 17.65 0.549773 -0.35609 1.9857 0.447596 0.239626 1.84895 -0.830074 -0.804541 2.91061 0.0506475 -0.591282 1.01449
4 17.65 1.5 0 1.5 0 0 1.57075 0 0 0 0 0 0
5 17.65 40 0.0074892 19
6 17.65 -87.4952 -2.86512 -1.78277 2.89845
0 17.67 0.563055 -0.346838 1.85509 0.38574 0.21938 1.84002 -0.403444 -0.382662 4.64083 2.56653 0.920588 0.187119
1 17.67 0.546917 -0.362145 2.04072 0.493037 0.250682 1.86132 -0.487649 -0.462885 4.00204 1.80889 0.0711937 1.04376
4 17.67 1.5 0 1.5 0 0 1.57075 0 0 0 0 0 0
5 17.67 40 0.00152087 3
6 17.67 -16.6878 -0.833641 -1.01436 2.7375
0 17.68 0.55969 -0.352031 1.89951 0.407037 0.225374 1.8443 -0.370483 -0.353625 4.65392 2.53758 0.91215 0.236803
1 17.68 0.54487 -0.366176 2.08567 0.513846 0.255129 1.86805 -0.859266 -0.810558 2.91846 0.0628869 -0.504905 1.10255
4 17.68 1.5 0 1.5 0 0 1.57075 0 0 0 0 0 0
5 17.68 40 0.00566077 12
6 17.68 -91.9061 -2.75128 -1.67566 2.76652
0 17.69 0.556121 -0.358536 1.95477 0.433628 0.232563 1.8508 -0.322105 -0.312328 4.6635 2.51021 0.916123 0.282005
1 17.69 0.543237 -0.371029 2.14131 0.540108 0.261077 1.87714 -0.879355 -0.823045 2.84898 0.0208549 -0.679249 0.725054
4 17.69 1.5 0 1.5 0 0 1.57075 0 0 0 0 0 0
5 17.69 40 0.00425029 8
6 17.69 -98.6448 -2.76422 -1.88912 1.41705
0 17.7 0.553199 -0.363425 2.00635 0.464835 0.240648 1.85905 -0.274723 -0.271664 4.66951 2.45943 0.919726 0.340198
1 17.7 0.54221 -0.374292 2.19313 0.570244 0.267433 1.88856 -0.900179 -0.833551 2.80648 0.0203769 -0.799244 1.28033
4 17.7 1.5 0 1.5 0 0 1.57075 0 0 0 0 0 0
5 17.7 40 0.00282311 6
6 17.7 -103.758 -2.70347 -2.04161 3.00393
0 17.71 0.550754 -0.368929 2.06388 0.495647 0.24811 1.8683 -0.224208 -0.229925 4.67659 2.42953 0.912637 0.389008
1 17.71 0.541786 -0.378126 2.25095 0.600694 0.272822 1.90033 -0.87691 -0.806854 2.86212 0.0965518 -0.673607 1.28245
4 17.71 1.5 0 1.5 0 0 1.57075 0 0 0 0 0 0
5 17.71 40 0.00520968 11
6 17.71 -102.145 -2.58134 -1.89832 2.85483
0 17.73 0.54895 -0.372876 2.11496 0.542343 0.258389 1.88337 -0.176503 -0.190351 4.67954 2.36017 0.920611 0.473022
1 17.73 0.54189 -0.38049 2.30214 0.646056 0.280163 1.91979 -0.314766 -0.310064 4.01701 1.71707 0.0187297 1.11781
4 17.73 1.5 0 1.5 0 0 1.57075 0 0 0 0 0 0
5 17.73 40 0.00208139 3
6 17.73 -19.981 -0.683941 -1.12735 2.06095
0 17.74 0.547798 -0.376571 2.1615 0.574507 0.264754 1.89532 -0.124113 -0.148135 4.67456 2.3252 0.930778 0.531786
1 17.74 0.542834 -0.382496 2.34848 0.677841 0.284448 1.93479 -0.272953 -0.275723 4.01118 1.70318 0.00741273 1.12191
4 17.74 1.5 0 1.5 0 0 1.57075 0 0 0 0 0 0
5 17.74 40 0.00129199 3
6 17.74 -20.4857 -0.65549 -1.16196 1.88642
0 17.75 0.547064 -0.379811 2.2225 0.593584 0.268225 1.90275 -0.0540715 -0.0914475 4.66469 2.29337 0.935158 0.568046
1 17.75 0.544901 -0.383469 2.40909 0.696246 0.286524 1.94398 -0.275606 -0.280406 3.885 1.3826 0.060586 1.32435
4 17.75 1.5 0 1.5 0 0 1.57075 0 0 0 0 0 0
5 17.75 40 0.00139594 3
6 17.75 -29.678 -0.975608 -1.11147 2.41693
0 17.76 0.547256 -0.382411 2.27384 0.612656 0.271494 1.9106 -0.00150256 -0.0496982 4.66086 2.25582 0.94767 0.603269
1 17.76 0.547196 -0.384399 2.46027 0.714453 0.288631 1.95372 -0.237349 -0.250085 3.87215 1.36586 0.0500457 1.2958
4 17.76 1.5 0 1.5 0 0 1.57075 0 0 0 0 0 0
5 17.76 40 0.00208616 3
6 17.76 -30.7985 -0.949022 -1.14274 2.21333
0 17.77 0.548173 -0.384352 2.33735 0.644727 0.276493 1.92443 0.0679972 0.00620961 4.65072 2.21459 0.958281 0.653501
1 17.77 0.550893 -0.384104 2.52338 0.745777 0.29142 1.9701 -0.18561 -0.208221 3.85892 1.36168 0.0379296 1.27348
4 17.77 1.5 0 1.5 0 0 1.57075 0 0 0 0 0 0
5 17.77 40 0.00161314 2
6 17.77 -31.8157 -0.903099 -1.17598 1.98168
0 17.78 0.549761 -0.385729 2.39222 0.662707 0.278989 1.93265 0.136738 0.0607549 4.63296 2.17953 0.968006 0.691881
1 17.78 0.55523 -0.383298 2.57754 0.762962 0.292486 1.98013 -0.121046 -0.156844 3.84871 1.39057 0.0218732 1.295
4 17.78 1.5 0 1.5 0 0 1.57075 0 0 0 0 0 0
5 17.78 41 0.00235939 4
6 17.78 -31.6698 -0.827989 -1.2106 1.92786
