2 17.9 0.15885
2 17.91 0.158742
2 17.92 0.15815
2 17.94 0.160987
2 17.95 0.154134
2 17.96 0.147523
2 17.97 0.136955
2 17.99 0.125346
2 18 0.109476
2 18.01 0.0977944
2 18.03 0.0804233
2 18.04 0.0679811
2 18.05 0.05
2 18.06 0.05
2 18.07 0.05
2 18.09 0.05
2 18.1 0.05
2 18.12 0.05
2 18.13 0.05
2 18.14 0.05
2 18.15 0.05
2 18.16 0.05
2 18.17 0.05
2 18.18 0.05
2 18.2 0.05
2 18.21 0.05
2 18.22 0.05
2 18.23 0.05
2 18.25 0.05
2 18.26 0.05
2 18.27 0.05
2 18.29 0.05
2 18.3 0.05
2 18.31 0.05
2 18.32 0.05
2 18.33 0.05
2 18.34 0.05
2 18.35 0.05
2 18.36 0.05
2 18.37 0.05
2 18.39 0.05
2 18.4 0.05
2 18.41 0.05
2 18.42 0.05
2 18.44 0.05
2 18.45 0.05
2 18.46 0.05
2 18.47 0.05
2 18.49 0.05
2 18.5 0.05
2 18.51 0.05
2 18.52 0.05
2 18.53 0.05
2 18.54 0.05
2 18.55 0.05
2 18.57 0.05
2 18.58 0.05
2 18.59 0.05
2 18.61 0.05
2 18.62 0.05
2 18.64 0.05
2 18.65 0.05
2 18.66 0.05
2 18.67 0.05
2 18.68 0.05
2 18.69 0.0798178
2 18.71 0.111861
2 18.72 0.128804
2 18.73 0.139286
2 18.74 0.142875
2 18.75 0.135748
2 18.76 0.133247
2 18.78 0.119076
2 18.8 0.110032
2 18.81 0.095294
2 18.82 0.0866147
2 18.84 0.0683496
2 18.85 0.0563407
2 18.86 0.0560593
2 18.87 0.05
2 18.89 0.05
2 18.9 0.05
2 18.91 0.05
2 18.92 0.05
2 18.93 0.05
2 18.95 0.05
2 18.96 0.05
2 18.98 0.05
2 18.99 0.05
2 19 0.05
2 19.01 0.05
2 19.02 0.05
2 19.03 0.05
2 19.04 0.05
2 19.05 0.05
2 19.07 0.05
2 19.08 0.05
2 19.1 0.05
2 19.11 0.05
2 19.12 0.05
2 19.13 0.0523653
2 19.15 0.0844117
2 19.16 0.108928
2 19.17 0.134953
2 19.18 0.176989
2 19.19 0.21733
2 19.21 0.269779
2 19.22 0.228144
2 19.23 0.251392
2 19.24 0.287074
2 19.26 0.336201
2 19.27 0.371857
2 19.28 0.405623
2 19.3 0.445711
2 19.31 0.469608
2 19.32 0.497264
2 19.33 0.532359
2 19.34 0.569843
2 19.36 0.623789
2 19.37 0.660052
2 19.38 0.689843
2 19.39 0.726912
2 19.41 0.768752
2 19.42 0.8
2 19.43 0.8
2 19.44 0.8
2 19.46 0.8
2 19.47 0.8
2 19.48 0.8
2 19.49 0.8
2 19.5 0.8
2 19.51 0.8
2 19.53 0.8
2 19.54 0.8
2 19.55 0.8
2 19.58 0.8
2 19.59 0.8
2 19.6 0.8
2 19.61 0.8
2 19.62 0.8
2 19.63 0.8
2 19.65 0.8
2 19.66 0.8
2 19.67 0.8
2 19.68 0.8
2 19.69 0.8
2 19.71 0.8
2 19.72 0.8
2 19.74 0.8
2 19.75 0.8
2 19.76 0.8
2 19.77 0.8
2 19.78 0.8
2 19.79 0.8
2 19.81 0.8
2 19.82 0.8
2 19.83 0.8
2 19.84 0.8
2 19.85 0.8
2 19.87 0.8
2 19.88 0.8
2 19.89 0.8
2 19.9 0.8
2 19.92 0.8
2 19.93 0.8
2 19.94 0.8
2 19.95 0.8
2 19.96 0.8
2 19.97 0.8
2 19.99 0.8
2 20 0.8
2 20.01 0.8
2 20.02 0.8
2 20.03 0.8
2 20.05 0.8
2 20.06 0.8
2 20.07 0.8
2 20.09 0.8
2 20.1 0.8
2 20.11 0.8
2 20.13 0.8
2 20.14 0.8
2 20.15 0.8
2 20.16 0.8
2 20.17 0.8
2 20.18 0.8
2 20.2 0.8
2 20.21 0.8
2 20.22 0.8
2 20.23 0.8
2 20.25 0.8
2 20.26 0.8
2 20.27 0.8
2 20.28 0.8
2 20.3 0.8
2 20.31 0.759997
2 20.32 0.707245
2 20.33 0.76665
