3 1.08 -10 0 0 0 0 0 0 0 0 0 0 0 0
0 1.08 0.00451038 -0.137253 1.32157 -0.0138414 0.0144358 1.51435 -0.0445452 0.468571 0.0713236 0.0469291 -0.188839 0.00784104
1 1.08 0.00272857 -0.11851 1.32442 -0.0119582 0.00688728 1.51477 -0.0500021 0.474945 0.0984487 0.474972 -0.214838 0.0323034
4 1.08 1.5 0 1.5 0 0 1.57075 0 0 0 0 0 0
5 1.08 50 0.000907183 1
6 1.08 25.7011 0.478819 -0.0298593 0.0780861
0 1.09 0.00399294 -0.134392 1.32094 -0.0133302 0.0125785 1.51447 -0.0434688 0.463578 0.0728541 0.0529022 -0.186708 0.00842072
1 1.09 0.00225418 -0.115849 1.32385 -0.0112087 0.0051153 1.5149 -0.0487569 0.469163 0.10005 0.47435 -0.207571 0.0325727
4 1.09 1.5 0 1.5 0 0 1.57075 0 0 0 0 0 0
5 1.09 50 0.000668764 1
6 1.09 25.7046 0.471432 -0.0239742 0.077094
0 1.11 0.00349912 -0.130883 1.32077 -0.0119549 0.00875107 1.51455 -0.0417985 0.458944 0.0763954 0.0962909 -0.205171 0.00185674
1 1.11 0.00182718 -0.112525 1.32383 -0.00810171 0.000545719 1.51472 -0.0466018 0.462893 0.103681 0.474819 -0.195111 0.0283993
4 1.11 1.5 0 1.5 0 0 1.57075 0 0 0 0 0 0
5 1.11 50 0.000687838 1
6 1.11 25.7086 0.423507 0.0115273 0.0847148
0 1.12 0.0029714 -0.127852 1.32013 -0.00955908 0.00581603 1.51468 -0.0403298 0.455016 0.0807302 0.24148 -0.24777 0.00752922
1 1.12 0.00135821 -0.109651 1.32336 0.000102423 -0.00409142 1.51508 -0.044202 0.457681 0.108385 0.480584 -0.186298 0.0312518
4 1.12 1.5 0 1.5 0 0 1.57075 0 0 0 0 0 0
5 1.12 50 0.000707388 1
6 1.12 25.73 0.267383 0.0703772 0.0756664
0 1.13 0.00227308 -0.12289 1.3199 -0.00616534 0.0029823 1.51489 -0.0380949 0.444337 0.0875117 0.367276 -0.280438 0.021379
1 1.13 0.000749286 -0.105116 1.3234 0.00852847 -0.00822972 1.51582 -0.0406118 0.445733 0.115368 0.483058 -0.174991 0.0390951
4 1.13 1.5 0 1.5 0 0 1.57075 0 0 0 0 0 0
5 1.13 50 0.00074482 1
6 1.13 25.7413 0.129059 0.12033 0.0564417
0 1.14 0.00167393 -0.118959 1.31936 -0.00284774 0.000761801 1.51512 -0.0355554 0.435849 0.0961272 0.475883 -0.300171 0.032515
1 1.14 0.000251713 -0.101525 1.32321 0.0161886 -0.0112413 1.51645 -0.0367324 0.436235 0.123969 0.484428 -0.166009 0.0453002
4 1.14 1.5 0 1.5 0 0 1.57075 0 0 0 0 0 0
5 1.14 50 0.000749588 1
6 1.14 25.7399 0.00876227 0.152644 0.0406545
0 1.16 0.00115504 -0.114761 1.31942 0.010349 -0.00625129 1.51588 -0.0330515 0.42836 0.106965 0.649038 -0.310444 0.0397573
1 1.16 -0.00016702 -0.0976263 1.3237 0.0363014 -0.0186849 1.51734 -0.0288422 0.42549 0.135876 0.472153 -0.142275 0.0478883
4 1.16 1.5 0 1.5 0 0 1.57075 0 0 0 0 0 0
5 1.16 50 0.000678062 1
6 1.16 25.8072 -0.198928 0.190804 0.0257291
0 1.17 0.000739501 -0.111633 1.31919 0.0155071 -0.00864384 1.51621 -0.0299425 0.420692 0.119699 0.678974 -0.306622 0.0418554
1 1.17 -0.000458199 -0.0948054 1.32398 0.0426532 -0.0209332 1.51769 -0.0236246 0.416704 0.148096 0.464587 -0.132333 0.0486613
4 1.17 1.5 0 1.5 0 0 1.57075 0 0 0 0 0 0
5 1.17 50 0.000743628 1
6 1.17 25.7779 -0.240928 0.197608 0.0214914
0 1.18 0.000381408 -0.108125 1.31956 0.0205242 -0.0108679 1.51646 -0.027054 0.413828 0.133393 0.682905 -0.297332 0.0392952
1 1.18 -0.000700753 -0.0915721 1.3249 0.047826 -0.0227909 1.51779 -0.0186925 0.408802 0.161007 0.455633 -0.123312 0.0467371
4 1.18 1.5 0 1.5 0 0 1.57075 0 0 0 0 0 0
5 1.18 50 0.000984907 1
6 1.18 25.7328 -0.255253 0.197432 0.0235275
0 1.19 8.70737e-05 -0.105231 1.31964 0.0294545 -0.0147435 1.51691 -0.023189 0.405437 0.149036 0.639752 -0.272248 0.046205
1 1.19 -0.000840485 -0.0890139 1.32561 0.055022 -0.0256831 1.51844 -0.0111866 0.398599 0.175868 0.435789 -0.107675 0.0502041
4 1.19 1.5 0 1.5 0 0 1.57075 0 0 0 0 0 0
5 1.19 50 0.00080204 1
6 1.19 25.6919 -0.229245 0.186366 0.0125691
0 1.21 -0.000153388 -0.101886 1.32041 0.0399888 -0.0190142 1.5176 -0.0192017 0.398153 0.165101 0.503541 -0.193299 0.0421448
1 1.21 -0.000921455 -0.0859602 1.32702 0.0601043 -0.0268074 1.51897 -0.00291785 0.389324 0.190776 0.406365 -0.0901627 0.0470731
4 1.21 1.5 0 1.5 0 0 1.57075 0 0 0 0 0 0
5 1.21 50 0.000653505 1
6 1.21 25.6322 -0.109397 0.11657 0.0156227
0 1.22 -0.000289868 -0.0992481 1.32081 0.0447743 -0.0208422 1.51796 -0.0147643 0.390729 0.180903 0.461563 -0.169949 0.0423004
1 1.22 -0.00088044 -0.0836189 1.32804 0.0632079 -0.0277091 1.51934 0.0034272 0.381068 0.205257 0.394089 -0.0815087 0.0468766
4 1.22 1.5 0 1.5 0 0 1.57075 0 0 0 0 0 0
5 1.22 50 0.000785112 1
6 1.22 25.5573 -0.0760851 0.0998498 0.0145202
0 1.23 -0.000388259 -0.0959463 1.32194 0.048109 -0.022042 1.51822 -0.00893268 0.382867 0.19977 0.411857 -0.140958 0.0476523
1 1.23 -0.000745566 -0.0806317 1.32993 0.0645473 -0.0277654 1.51985 0.0105414 0.372682 0.222306 0.383771 -0.074717 0.0499965
4 1.23 1.5 0 1.5 0 0 1.57075 0 0 0 0 0 0
5 1.23 50 0.00102711 1
6 1.23 25.4505 -0.0319754 0.0743722 0.00741789
0 1.25 -0.000297903 -0.0925218 1.32328 0.0561572 -0.0246899 1.51899 -0.000726041 0.373449 0.22275 0.33085 -0.0989657 0.0419097
1 1.25 -0.000326944 -0.0775839 1.33219 0.0693554 -0.0287364 1.52044 0.0219299 0.362066 0.243183 0.361714 -0.0626456 0.045947
4 1.25 1.5 0 1.5 0 0 1.57075 0 0 0 0 0 0
5 1.25 50 0.000675917 1
6 1.25 25.3337 0.0341952 0.0405208 0.0128517
0 1.26 -0.000162245 -0.0891502 1.32513 0.0590689 -0.0255708 1.51936 0.00720795 0.365411 0.245201 0.322331 -0.0934796 0.0441174
1 1.26 0.000126074 -0.0745337 1.33494 0.0719227 -0.0294076 1.5209 0.0309285 0.353673 0.263449 0.354523 -0.0576207 0.0470434
4 1.26 1.5 0 1.5 0 0 1.57075 0 0 0 0 0 0
5 1.26 50 0.00174689 1
6 1.26 25.2044 0.0356824 0.0399622 0.00930689
0 1.27 7.46657e-05 -0.0872686 1.32622 0.0630638 -0.0267523 1.51975 0.0155069 0.35661 0.267017 0.328714 -0.0892454 0.0385905
1 1.27 0.000694943 -0.0730042 1.3369 0.0761772 -0.0304123 1.52106 0.04073 0.344372 0.28327 0.346022 -0.0509366 0.0434834
4 1.27 1.5 0 1.5 0 0 1.57075 0 0 0 0 0 0
5 1.27 50 0.000751257 1
6 1.27 25.0889 0.0190838 0.0429004 0.015587
0 1.28 0.000355014 -0.0850748 1.3279 0.0655253 -0.0274704 1.52002 0.0236762 0.348662 0.289173 0.333285 -0.0925955 0.0422682
1 1.28 0.00130206 -0.0711283 1.33947 0.078817 -0.031277 1.52146 0.0492529 0.336395 0.295382 0.372122 -0.0532369 0.0525099
4 1.28 1.5 0 1.5 0 0 1.57075 0 0 0 0 0 0
5 1.28 50 0.00154901 3
6 1.28 24.4765 0.0431339 0.0439886 0.0326618
0 1.29 0.000709456 -0.0837018 1.32912 0.0688452 -0.0284264 1.52034 0.0317485 0.340745 0.310706 0.335402 -0.093974 0.0394658
1 1.29 0.0019794 -0.070072 1.34154 0.0822239 -0.032285 1.52166 0.0584707 0.328118 0.314424 0.366355 -0.0483884 0.0509938
4 1.29 1.5 0 1.5 0 0 1.57075 0 0 0 0 0 0
5 1.29 50 0.00154614 2
6 1.29 24.3297 0.0343295 0.0512035 0.0367674
0 1.3 0.00119962 -0.081602 1.33134 0.0717994 -0.0293201 1.52066 0.0417165 0.332189 0.33806 0.341736 -0.0995555 0.0377786
1 1.3 0.00286828 -0.0683144 1.34486 0.085433 -0.0334004 1.52188 0.0694214 0.319242 0.339232 0.358894 -0.0435468 0.0497293
4 1.3 1.5 0 1.5 0 0 1.57075 0 0 0 0 0 0
5 1.3 50 0.0015707 2
6 1.3 24.1789 0.0188898 0.0631892 0.038114
0 1.31 0.00182193 -0.0801039 1.33335 0.0757186 -0.0305539 1.521 0.0522125 0.323038 0.36786 0.346487 -0.104254 0.0392176
1 1.31 0.00391043 -0.0671824 1.34807 0.0895399 -0.0348308 1.52225 0.0812447 0.309631 0.366288 0.34921 -0.0371849 0.0503597
4 1.31 1.5 0 1.5 0 0 1.57075 0 0 0 0 0 0
5 1.31 50 0.00226331 2
6 1.31 24.0182 0.00271182 0.0758229 0.0355302
0 1.33 0.00279049 -0.0775557 1.33727 0.0820463 -0.0325947 1.5216 0.0668595 0.305856 0.408836 0.341715 -0.105333 0.0408704
1 1.33 0.00546487 -0.0653214 1.35362 0.095673 -0.0369278 1.52288 0.0980049 0.291703 0.402994 0.334521 -0.0254519 0.0513216
4 1.33 1.5 0 1.5 0 0 1.57075 0 0 0 0 0 0
5 1.33 50 0.00108337 2
6 1.33 23.7692 -0.00840168 0.0904911 0.0333244
0 1.34 0.003975 -0.0760041 1.34084 0.0867326 -0.0341879 1.52208 0.0800351 0.292238 0.449042 0.338716 -0.104144 0.0425764
1 1.34 0.00717641 -0.0643145 1.3588 0.100236 -0.0384855 1.52341 0.11264 0.277549 0.439182 0.32296 -0.0159885 0.0522302
4 1.34 1.5 0 1.5 0 0 1.57075 0 0 0 0 0 0
5 1.34 50 0.00101066 2
6 1.34 23.5327 -0.0179914 0.0999465 0.0307797
0 1.35 0.00503984 -0.0743601 1.3446 0.0883776 -0.034732 1.52225 0.0917129 0.281364 0.486478 0.334694 -0.100158 0.0421584
1 1.35 0.00870835 -0.0631056 1.36406 0.101719 -0.0388715 1.52357 0.124627 0.266585 0.472958 0.317534 -0.010391 0.0520397
4 1.35 1.5 0 1.5 0 0 1.57075 0 0 0 0 0 0
5 1.35 50 0.00100303 2
6 1.35 23.3114 -0.0195457 0.101821 0.0315081
0 1.37 0.00671835 -0.0728589 1.34975 0.0947441 -0.0366394 1.52289 0.109684 0.266021 0.546208 0.318198 -0.083507 0.0421093
1 1.37 0.0111057 -0.0622181 1.37159 0.107422 -0.0401241 1.52425 0.144467 0.250661 0.52691 0.300375 0.00151444 0.0515764
4 1.37 1.5 0 1.5 0 0 1.57075 0 0 0 0 0 0
5 1.37 50 0.00107908 2
6 1.37 22.9709 -0.0202301 0.0964356 0.0301934
0 1.38 0.00802423 -0.07146 1.35434 0.0985511 -0.0377263 1.52327 0.123055 0.255446 0.593036 0.29895 -0.0778624 0.0437139
1 1.38 0.0129464 -0.0612422 1.37806 0.110455 -0.0409977 1.5247 0.158813 0.239821 0.569135 0.289348 0.00856285 0.0523652
4 1.38 1.5 0 1.5 0 0 1.57075 0 0 0 0 0 0
5 1.38 50 0.00103688 2
6 1.38 22.6968 -0.0110225 0.0980737 0.0275926
0 1.39 0.0100071 -0.07059 1.36015 0.101368 -0.0385084 1.52366 0.138844 0.243461 0.649965 0.284785 -0.0682699 0.044168
1 1.39 0.0155609 -0.0608515 1.38615 0.112702 -0.0414039 1.52515 0.175084 0.227754 0.620458 0.280504 0.0156766 0.0525417
4 1.39 1.5 0 1.5 0 0 1.57075 0 0 0 0 0 0
5 1.39 50 0.00106812 2
6 1.39 22.3585 -0.00503738 0.0952705 0.026711
0 1.4 0.011772 -0.0695149 1.36601 0.104255 -0.0392457 1.5241 0.153159 0.23365 0.703288 0.273232 -0.0618189 0.0447398
1 1.4 0.0178983 -0.0601689 1.39414 0.115124 -0.0418912 1.52562 0.18991 0.217875 0.668502 0.272065 0.0214326 0.0526868
4 1.4 1.5 0 1.5 0 0 1.57075 0 0 0 0 0 0
5 1.4 50 0.00157619 2
6 1.4 22.0404 -0.00153255 0.0945024 0.0253517
0 1.41 0.0141515 -0.0688938 1.37318 0.106729 -0.0398991 1.52444 0.171836 0.220644 0.775292 0.25608 -0.0615653 0.040172
1 1.41 0.021025 -0.060068 1.40419 0.116919 -0.0425189 1.52578 0.208733 0.204924 0.733435 0.263816 0.0280839 0.0498025
4 1.41 1.5 0 1.5 0 0 1.57075 0 0 0 0 0 0
5 1.41 50 0.00105119 2
6 1.41 21.6109 0.00845264 0.102003 0.0307273
0 1.42 0.0167152 -0.0677895 1.38205 0.109146 -0.0405378 1.52471 0.191947 0.207263 0.856795 0.248467 -0.0599672 0.0382025
1 1.42 0.024393 -0.0594989 1.41632 0.119034 -0.0430887 1.52597 0.228832 0.191655 0.806915 0.256695 0.0347524 0.0485969
4 1.42 1.5 0 1.5 0 0 1.57075 0 0 0 0 0 0
5 1.42 50 0.00100398 2
6 1.42 21.1223 0.00901874 0.107887 0.0331672
0 1.44 0.020076 -0.067597 1.39244 0.113167 -0.0415955 1.52537 0.213655 0.19335 0.946609 0.229725 -0.0519294 0.0432277
1 1.44 0.0286222 -0.059863 1.43031 0.122294 -0.0438546 1.52685 0.250931 0.177758 0.887792 0.245223 0.0435569 0.0514244
4 1.44 1.5 0 1.5 0 0 1.57075 0 0 0 0 0 0
5 1.44 50 0.00164366 2
6 1.44 20.5813 0.0171568 0.10873 0.0261545
0 1.45 0.0240731 -0.0667462 1.40652 0.115313 -0.0421673 1.52575 0.240761 0.177459 1.06589 0.216638 -0.0510143 0.041665
1 1.45 0.0337035 -0.0596478 1.44916 0.123919 -0.0443861 1.52717 0.277417 0.162216 0.995282 0.238696 0.0510162 0.0504792
4 1.45 1.5 0 1.5 0 0 1.57075 0 0 0 0 0 0
5 1.45 50 0.000980377 2
6 1.45 19.8592 0.0245067 0.116313 0.0281268
0 1.46 0.0271064 -0.0670377 1.41603 0.117822 -0.0428387 1.52621 0.264572 0.163214 1.17466 0.201418 -0.0465586 0.0447568
1 1.46 0.0376893 -0.0605091 1.46302 0.125812 -0.0448986 1.52777 0.300821 0.14824 1.09354 0.231727 0.0591197 0.0523434
4 1.46 1.5 0 1.5 0 0 1.57075 0 0 0 0 0 0
5 1.46 50 0.00112033 2
6 1.46 19.2167 0.0337429 0.120499 0.0242094
0 1.47 0.0298909 -0.0669071 1.42593 0.119807 -0.0434273 1.52659 0.285861 0.151463 1.27324 0.195171 -0.0513954 0.0404802
1 1.47 0.0413253 -0.0608486 1.47686 0.127554 -0.0456619 1.52795 0.321598 0.136759 1.18252 0.226826 0.0651871 0.0495757
4 1.47 1.5 0 1.5 0 0 1.57075 0 0 0 0 0 0
5 1.47 50 0.00121117 2
6 1.47 18.6291 0.0352489 0.133102 0.0290259
0 1.49 0.0343419 -0.0675426 1.44086 0.123183 -0.0445757 1.52722 0.316845 0.133492 1.42697 0.171328 -0.0569567 0.0445608
1 1.49 0.0470157 -0.062203 1.49794 0.12997 -0.0470557 1.52871 0.35179 0.119166 1.32131 0.218793 0.0761622 0.0519261
4 1.49 1.5 0 1.5 0 0 1.57075 0 0 0 0 0 0
5 1.49 50 0.00150275 2
6 1.49 17.7146 0.0529011 0.152097 0.0235026
0 1.5 0.0385079 -0.0676315 1.45664 0.12479 -0.0452121 1.52762 0.345304 0.118045 1.57457 0.157865 -0.0542615 0.0476437
1 1.5 0.0523201 -0.0629097 1.51962 0.131031 -0.0476029 1.52925 0.378942 0.104258 1.45454 0.216335 0.0851728 0.0538652
4 1.5 1.5 0 1.5 0 0 1.57075 0 0 0 0 0 0
5 1.5 50 0.00107861 2
6 1.5 16.8306 0.0652114 0.159352 0.0198525
0 1.51 0.0437453 -0.068932 1.47464 0.126167 -0.045787 1.52806 0.37599 0.100977 1.73592 0.148206 -0.0547316 0.0495327
1 1.51 0.0587849 -0.0648929 1.54407 0.132018 -0.0482082 1.52975 0.408041 0.0878378 1.60013 0.215075 0.0958833 0.0551199
4 1.51 1.5 0 1.5 0 0 1.57075 0 0 0 0 0 0
5 1.51 50 0.00107169 2
6 1.51 15.8603 0.0745979 0.172195 0.017828
0 1.52 0.0480245 -0.0696777 1.49071 0.127482 -0.0464958 1.52855 0.401 0.0837964 1.86733 0.133656 -0.0701443 0.0496826
1 1.52 0.0640645 -0.0663259 1.5654 0.132753 -0.0495315 1.53016 0.431757 0.0711492 1.71858 0.213498 0.107074 0.0552202
4 1.52 1.5 0 1.5 0 0 1.57075 0 0 0 0 0 0
5 1.52 50 0.00109076 2
6 1.52 15.0618 0.0890509 0.202775 0.0176681
0 1.53 0.0525085 -0.0710881 1.50638 0.128558 -0.0476211 1.52898 0.426923 0.0667534 2.00653 0.0955442 -0.1216 0.0510007
1 1.53 0.0695854 -0.068418 1.58664 0.132313 -0.0527065 1.53038 0.456203 0.0545582 1.84412 0.211476 0.118097 0.056017
4 1.53 1.5 0 1.5 0 0 1.57075 0 0 0 0 0 0
5 1.53 50 0.00115228 2
6 1.53 14.2202 0.12921 0.274606 0.0160012
0 1.54 0.058268 -0.0723107 1.52897 0.1294 -0.0497241 1.52933 0.458843 0.0472374 2.18475 0.0581096 -0.178782 0.0452794
1 1.54 0.0766218 -0.0704212 1.61636 0.131681 -0.0570493 1.53021 0.486049 0.0355317 2.00471 0.212669 0.133858 0.0523982
4 1.54 1.5 0 1.5 0 0 1.57075 0 0 0 0 0 0
5 1.54 50 0.00104189 2
6 1.54 13.1328 0.172276 0.35848 0.022715
0 1.56 0.066106 -0.0748705 1.55843 0.129716 -0.053445 1.52955 0.492927 0.026933 2.37294 -0.0106275 -0.27639 0.0488801
1 1.56 0.0858231 -0.0737932 1.65334 0.129264 -0.0646606 1.53006 0.517722 0.0155638 2.17377 0.213544 0.154473 0.0545551
4 1.56 1.5 0 1.5 0 0 1.57075 0 0 0 0 0 0
5 1.56 50 0.00102901 2
6 1.56 11.9529 0.249722 0.494382 0.018121
0 1.57 0.0722903 -0.0765036 1.58335 0.129118 -0.0582971 1.52957 0.519671 0.0113412 2.52512 -0.0631604 -0.360254 0.0451582
1 1.57 0.0930771 -0.0760499 1.68435 0.126595 -0.0728199 1.5295 0.542333 2.75304e-05 2.3104 0.218191 0.176324 0.0520034
4 1.57 1.5 0 1.5 0 0 1.57075 0 0 0 0 0 0
5 1.57 50 0.00112867 2
6 1.57 10.9929 0.313476 0.615865 0.0218791
0 1.58 0.080134 -0.079333 1.6137 0.128517 -0.0612374 1.52951 0.552349 -0.00895211 2.71468 -0.0922297 -0.396008 0.0472836
1 1.58 0.102228 -0.0796911 1.72228 0.124837 -0.0771894 1.52936 0.572448 -0.019507 2.48075 0.228023 0.204936 0.0538043
4 1.58 1.5 0 1.5 0 0 1.57075 0 0 0 0 0 0
5 1.58 50 0.00107265 2
6 1.58 9.80531 0.356801 0.689838 0.020859
0 1.59 0.0881249 -0.0816257 1.6474 0.127397 -0.065529 1.52943 0.584209 -0.0289176 2.9058 -0.124749 -0.43662 0.0534545
1 1.59 0.111493 -0.0827824 1.76363 0.122413 -0.083124 1.52934 0.601641 -0.0387589 2.65226 0.242896 0.240833 0.05807
4 1.59 1.5 0 1.5 0 0 1.57075 0 0 0 0 0 0
5 1.59 50 0.00112581 2
6 1.59 8.59276 0.409452 0.777811 0.0147972
0 1.61 0.096269 -0.084882 1.67976 0.124446 -0.0740079 1.52936 0.615836 -0.051247 3.10118 -0.206491 -0.512572 0.0518496
1 1.61 0.120902 -0.0869318 1.80381 0.116223 -0.0946096 1.52887 0.630359 -0.0606645 2.82758 0.26305 0.294741 0.0572584
4 1.61 1.5 0 1.5 0 0 1.57075 0 0 0 0 0 0
5 1.61 50 0.0013268 2
6 1.61 7.35292 0.523198 0.927136 0.0173879
0 1.62 0.106233 -0.0880339 1.72378 0.120764 -0.0820726 1.52913 0.650431 -0.0776218 3.32742 -0.285471 -0.543885 0.0564934
1 1.62 0.13225 -0.0911388 1.85687 0.109376 -0.103942 1.52875 0.661591 -0.0858576 3.0294 0.296482 0.369738 0.0612482
4 1.62 1.5 0 1.5 0 0 1.57075 0 0 0 0 0 0
5 1.62 50 0.00117445 2
6 1.62 5.84315 0.648638 1.04956 0.0153562
0 1.63 0.116495 -0.0926526 1.76563 0.11741 -0.0876827 1.52897 0.679752 -0.102675 3.52266 -0.359793 -0.559869 0.0538244
1 1.63 0.143685 -0.0967596 1.90654 0.103061 -0.110175 1.52848 0.686748 -0.108338 3.19129 0.29548 0.425662 0.059604
4 1.63 1.5 0 1.5 0 0 1.57075 0 0 0 0 0 0
5 1.63 50 0.000797033 1
6 1.63 3.77867 0.730724 1.13233 0.0186802
0 1.65 0.125976 -0.0963261 1.80774 0.110998 -0.0962209 1.5287 0.70483 -0.126165 3.7007 -0.491713 -0.569667 0.0485265
1 1.65 0.154169 -0.101373 1.95576 0.0913866 -0.119082 1.5281 0.709173 -0.13024 3.34858 0.346251 0.524248 0.0604568
4 1.65 1.5 0 1.5 0 0 1.57075 0 0 0 0 0 0
5 1.65 50 0.000696659 1
6 1.65 2.4939 0.935343 1.25705 0.0384059
0 1.66 0.135157 -0.10095 1.84559 0.104278 -0.103438 1.52853 0.725143 -0.146206 3.84292 -0.577224 -0.580429 0.0537859
1 1.66 0.164163 -0.106798 1.9993 0.0812178 -0.126753 1.52825 0.727489 -0.148725 3.47381 0.405008 0.632335 0.0694191
4 1.66 1.5 0 1.5 0 0 1.57075 0 0 0 0 0 0
5 1.66 50 0.000730753 1
6 1.66 1.44188 1.09647 1.39401 0.0502897
0 1.67 0.148639 -0.106865 1.90668 0.0980617 -0.109453 1.52839 0.751809 -0.177862 4.05673 -0.630522 -0.580821 0.0474885
1 1.67 0.178712 -0.11398 2.06895 0.072883 -0.13276 1.52801 0.751596 -0.177605 3.66208 0.550356 0.853138 0.0850794
4 1.67 1.5 0 1.5 0 0 1.57075 0 0 0 0 0 0
5 1.67 50 0.000783682 1
6 1.67 -0.139494 1.31904 1.6477 0.120425
0 1.68 0.156935 -0.111398 1.94157 0.0914828 -0.115243 1.52831 0.767458 -0.199643 4.1897 -0.675728 -0.572773 0.0441699
1 1.68 0.187633 -0.119384 2.10916 0.0644923 -0.138219 1.52798 0.765892 -0.197499 3.77937 0.697748 1.04517 0.110308
4 1.68 1.5 0 1.5 0 0 1.57075 0 0 0 0 0 0
5 1.68 50 0.000701189 1
6 1.68 -1.11004 1.53472 1.85877 0.211585
0 1.69 0.165643 -0.115711 1.98141 0.0841655 -0.121168 1.5283 0.782152 -0.222669 4.32725 -0.711762 -0.547618 0.0494674
1 1.69 0.196929 -0.124617 2.1545 0.0556792 -0.143162 1.52843 0.779428 -0.218388 3.90068 0.936287 1.22026 0.17126
4 1.69 1.5 0 1.5 0 0 1.57075 0 0 0 0 0 0
5 1.69 50 0.00115418 1
6 1.69 -2.11605 1.8418 2.03124 0.389266
0 1.71 0.180853 -0.124281 2.05019 0.0729133 -0.129708 1.52844 0.802299 -0.254613 4.51353 -0.643882 -0.474864 0.0588155
1 1.71 0.212945 -0.134465 2.23073 0.0470325 -0.148823 1.52941 0.798464 -0.247096 4.0648 1.2676 0.809292 0.280228
4 1.71 1.5 0 1.5 0 0 1.57075 0 0 0 0 0 0
5 1.71 50 0.000709534 1
6 1.71 -3.48875 2.13649 1.47648 0.707208
0 1.72 0.191176 -0.129754 2.09962 0.0661333 -0.134764 1.52872 0.814964 -0.276709 4.64147 -0.513629 -0.359401 0.0545111
1 1.72 0.223775 -0.140823 2.28527 0.0454219 -0.149253 1.52996 0.810583 -0.26679 4.17733 0.95858 0.28972 0.197851
4 1.72 1.5 0 1.5 0 0 1.57075 0 0 0 0 0 0
5 1.72 50 0.000754833 1
6 1.72 -4.44361 1.64566 0.747073 0.457824
0 1.73 0.202809 -0.136951 2.15282 0.0616206 -0.137744 1.52944 0.828815 -0.309345 4.78195 -0.299596 -0.16167 0.0816997
1 1.73 0.235961 -0.149325 2.3441 0.0492398 -0.1444 1.53234 0.823756 -0.296715 4.30002 0.608813 0.135188 0.139286
4 1.73 1.5 0 1.5 0 0 1.57075 0 0 0 0 0 0
5 1.73 50 0.000887156 1
6 1.73 -5.54639 1.01535 0.342622 0.1839
0 1.74 0.211909 -0.142256 2.19734 0.0602068 -0.138378 1.53003 0.838759 -0.332998 4.88938 -0.132047 -0.00853483 0.0875008
1 1.74 0.245459 -0.155576 2.39291 0.0544412 -0.138929 1.53354 0.833047 -0.318323 4.39337 0.453598 0.106292 0.114801
4 1.74 1.5 0 1.5 0 0 1.57075 0 0 0 0 0 0
5 1.74 50 0.00102162 1
6 1.74 -6.41913 0.655222 0.132702 0.0871577
0 1.75 0.223873 -0.150133 2.25379 0.0607706 -0.13701 1.53101 0.849933 -0.36169 5.01987 0.138842 0.230041 0.0902839
1 1.75 0.25787 -0.1646 2.45459 0.0657503 -0.128045 1.53522 0.843099 -0.344545 4.50519 0.344975 0.102174 0.0986233
4 1.75 1.5 0 1.5 0 0 1.57075 0 0 0 0 0 0
5 1.75 50 0.000720024 1
6 1.75 -7.57459 0.232343 -0.147744 0.0266598
0 1.77 0.235569 -0.15737 2.31343 0.0664435 -0.129613 1.53346 0.858999 -0.389405 5.15321 0.365863 0.456273 0.100305
1 1.77 0.269929 -0.172947 2.51956 0.0803983 -0.111668 1.53872 0.850085 -0.370376 4.61748 0.290174 0.104945 0.0954396
4 1.77 1.5 0 1.5 0 0 1.57075 0 0 0 0 0 0
5 1.77 50 0.00116038 2
6 1.77 -8.87318 -0.080945 -0.40613 -0.015342
0 1.78 0.248324 -0.166454 2.37538 0.0692222 -0.126249 1.53442 0.86762 -0.415874 5.28081 0.394009 0.478836 0.0989622
1 1.78 0.283029 -0.183089 2.58662 0.0843132 -0.107415 1.53974 0.856961 -0.39473 4.72499 0.242794 0.0985817 0.0867361
4 1.78 1.5 0 1.5 0 0 1.57075 0 0 0 0 0 0
5 1.78 50 0.00107312 2
6 1.78 -10.1142 -0.165319 -0.439508 -0.0388174
0 1.79 0.262921 -0.1763 2.45202 0.074968 -0.119275 1.53638 0.87615 -0.446519 5.44002 0.385396 0.47299 0.10055
1 1.79 0.297967 -0.194161 2.66962 0.0897333 -0.10071 1.54184 0.862629 -0.42337 4.85846 0.207752 0.0912073 0.0816113
4 1.79 1.5 0 1.5 0 0 1.57075 0 0 0 0 0 0
5 1.79 50 0.00146675 3
6 1.79 -11.7018 -0.194877 -0.441242 -0.0602544
0 1.8 0.275288 -0.185619 2.51395 0.0776377 -0.11597 1.53746 0.883062 -0.473677 5.58033 0.354191 0.442127 0.104943
1 1.8 0.310611 -0.204566 2.73716 0.091158 -0.0986641 1.54306 0.867077 -0.448099 4.97306 0.179865 0.0880549 0.0791463
4 1.8 1.5 0 1.5 0 0 1.57075 0 0 0 0 0 0
5 1.8 50 0.00106287 2
6 1.8 -13.2899 -0.191259 -0.409318 -0.0821781
0 1.81 0.287293 -0.194212 2.57928 0.0814499 -0.111106 1.53917 0.889604 -0.4983 5.7225 0.308752 0.394775 0.104989
1 1.81 0.322877 -0.214144 2.80818 0.0931897 -0.0957092 1.54467 0.871106 -0.471436 5.09467 0.164878 0.0765825 0.0748465
4 1.81 1.5 0 1.5 0 0 1.57075 0 0 0 0 0 0
5 1.81 50 0.00102711 2
6 1.81 -14.5578 -0.157591 -0.367759 -0.0960919
0 1.83 0.297675 -0.202501 2.63206 0.0858525 -0.105378 1.5415 0.895622 -0.519602 5.84554 0.229922 0.303974 0.0985459
1 1.83 0.3335 -0.223285 2.86588 0.0945238 -0.0936019 1.5465 0.874531 -0.492226 5.20027 0.153136 0.0635764 0.0705809
4 1.83 1.5 0 1.5 0 0 1.57075 0 0 0 0 0 0
5 1.83 50 0.00110912 2
6 1.83 -15.6323 -0.0834662 -0.277692 -0.0891989
0 1.84 0.307983 -0.21031 2.68915 0.087771 -0.102802 1.54278 0.901533 -0.539215 5.97031 0.19917 0.26757 0.0999394
1 1.84 0.344044 -0.231879 2.92796 0.0952302 -0.0924909 1.54773 0.878104 -0.510291 5.30401 0.141529 0.057381 0.0680909
4 1.84 1.5 0 1.5 0 0 1.57075 0 0 0 0 0 0
5 1.84 50 0.00148654 3
6 1.84 -16.9303 -0.0623065 -0.242806 -0.101616
0 1.85 0.319795 -0.220019 2.75153 0.0890261 -0.101091 1.5437 0.909113 -0.560112 6.1065 0.167774 0.232985 0.0971272
1 1.85 0.35616 -0.242423 2.99579 0.0952604 -0.0921543 1.54843 0.883506 -0.52953 5.41956 0.129889 0.04873 0.0648676
4 1.85 1.5 0 1.5 0 0 1.57075 0 0 0 0 0 0
5 1.85 50 0.0013876 3
6 1.85 -18.2049 -0.0405388 -0.212751 -0.102944
0 1.86 0.331529 -0.22915 2.8191 0.090721 -0.0984414 1.54549 0.91709 -0.57929 6.2439 0.0984066 0.166979 0.105508
1 1.86 0.368212 -0.252321 3.06886 0.0941824 -0.092172 1.55032 0.88883 -0.547165 5.53356 0.116919 0.0388881 0.0669731
4 1.86 1.5 0 1.5 0 0 1.57075 0 0 0 0 0 0
5 1.86 50 0.0019989 4
6 1.86 -19.6493 0.0221554 -0.147822 -0.123005
0 1.87 0.343404 -0.239381 2.88285 0.091185 -0.0975403 1.54639 0.925213 -0.596209 6.36005 0.0662769 0.13381 0.107212
1 1.87 0.380412 -0.263229 3.13725 0.0933705 -0.0926006 1.55117 0.894567 -0.561931 5.62509 0.104118 0.0321404 0.0654701
4 1.87 1.5 0 1.5 0 0 1.57075 0 0 0 0 0 0
5 1.87 50 0.00174618 3
6 1.87 -21.1701 0.0435142 -0.117237 -0.13325
0 1.89 0.359945 -0.252842 2.97966 0.0912573 -0.0961678 1.54888 0.936124 -0.61806 6.52988 -0.0309268 0.0407286 0.104034
1 1.89 0.39739 -0.277564 3.24086 0.0896062 -0.0949247 1.5532 0.903041 -0.581788 5.76907 0.088555 0.0177546 0.0603608
4 1.89 1.5 0 1.5 0 0 1.57075 0 0 0 0 0 0
5 1.89 50 0.00172257 3
6 1.89 -22.7645 0.134036 -0.0260917 -0.139427
0 1.9 0.370492 -0.262209 3.03698 0.0907339 -0.0962154 1.54964 0.943002 -0.6321 6.63632 -0.0677927 0.00564234 0.101856
1 1.9 0.408212 -0.287493 3.30243 0.0876286 -0.0963598 1.55374 0.908499 -0.594089 5.85773 0.079432 0.0108332 0.057074
4 1.9 1.5 0 1.5 0 0 1.57075 0 0 0 0 0 0
5 1.9 50 0.00162196 3
6 1.9 -23.862 0.164778 0.0065283 -0.142968
0 1.91 0.38358 -0.273181 3.11465 0.0899846 -0.0964608 1.55041 0.951085 -0.648222 6.77221 -0.0955518 -0.0219282 0.0999728
1 1.91 0.421624 -0.29911 3.38554 0.0857848 -0.0976937 1.55433 0.912505 -0.605321 5.94466 0.0627738 0.00499631 0.0513714
4 1.91 1.5 0 1.5 0 0 1.57075 0 0 0 0 0 0
5 1.91 50 0.00111771 2
6 1.91 -26.8863 0.176972 0.0316834 -0.155158
0 1.93 0.40273 -0.290198 3.22529 0.0865094 -0.098595 1.55266 0.963086 -0.669124 6.94223 -0.169368 -0.105736 0.0983831
1 1.93 0.441254 -0.316963 3.50298 0.079383 -0.103149 1.55623 0.923524 -0.622544 6.08625 0.0460248 -0.00555868 0.0459981
4 1.93 1.5 0 1.5 0 0 1.57075 0 0 0 0 0 0
5 1.93 50 0.00110459 2
6 1.93 -28.6398 0.240153 0.116317 -0.167219
0 1.94 0.420096 -0.305026 3.3323 0.0850774 -0.0997394 1.5533 0.974631 -0.693057 7.08127 -0.198642 -0.142431 0.0984458
1 1.94 0.459081 -0.332748 3.61555 0.0767875 -0.105751 1.55676 0.933623 -0.643446 6.20036 0.0361275 -0.0150298 0.0428741
4 1.94 1.5 0 1.5 0 0 1.57075 0 0 0 0 0 0
5 1.94 50 0.00189567 2
6 1.94 -30.1798 0.261539 0.147793 -0.17738
0 1.95 0.435827 -0.319633 3.42319 0.0828687 -0.10165 1.55419 0.984091 -0.712934 7.20007 -0.226433 -0.175533 0.103484
1 1.95 0.475191 -0.348151 3.71119 0.0734499 -0.108989 1.55776 0.942407 -0.660247 6.29799 0.0262423 -0.0214379 0.0425889
4 1.95 1.5 0 1.5 0 0 1.57075 0 0 0 0 0 0
5 1.95 50 0.00121164 2
6 1.95 -31.4877 0.281234 0.17874 -0.194363
0 1.97 0.462137 -0.343752 3.58165 0.0767451 -0.107443 1.55616 0.997084 -0.743165 7.4096 -0.287974 -0.268316 0.104267
1 1.97 0.50202 -0.373479 3.87803 0.0648664 -0.118464 1.55951 0.955546 -0.683411 6.46888 0.00615483 -0.0253077 0.0370507
4 1.97 1.5 0 1.5 0 0 1.57075 0 0 0 0 0 0
5 1.97 50 0.0018599 2
6 1.97 -33.8786 0.326814 0.281299 -0.2145
0 1.99 0.478617 -0.358612 3.68652 0.0710721 -0.113177 1.55758 1.00277 -0.760821 7.54408 -0.335663 -0.336978 0.0974585
1 1.99 0.518728 -0.389044 3.98828 0.0573124 -0.126899 1.56053 0.962221 -0.694567 6.57355 -0.00951462 -0.0196476 0.0289366
4 1.99 1.5 0 1.5 0 0 1.57075 0 0 0 0 0 0
5 1.99 50 0.00166273 3
6 1.99 -35.729 0.362243 0.366794 -0.218628
0 2 0.494452 -0.373911 3.78264 0.0676929 -0.116741 1.55828 1.00845 -0.776903 7.65759 -0.360218 -0.367052 0.101793
1 2 0.53479 -0.404987 4.08895 0.0529243 -0.131665 1.56137 0.967631 -0.704716 6.65405 -0.0201281 -0.0135843 0.027545
4 2 1.5 0 1.5 0 0 1.57075 0 0 0 0 0 0
5 2 50 0.0015552 3
6 2 -37.7751 0.377472 0.408583 -0.236885
0 2.01 0.50979 -0.38815 3.88212 0.0628827 -0.121759 1.55913 1.0123 -0.791829 7.7713 -0.396111 -0.395999 0.0940941
1 2.01 0.550281 -0.419823 4.19297 0.0467004 -0.137804 1.56192 0.972967 -0.713751 6.74461 -0.0325717 -0.00478872 0.0199225
4 2.01 1.5 0 1.5 0 0 1.57075 0 0 0 0 0 0
5 2.01 50 0.00152802 3
6 2.01 -39.2174 0.403719 0.451935 -0.236615
0 2.02 0.521408 -0.399729 3.95302 0.0587132 -0.126028 1.55984 1.01411 -0.80359 7.85355 -0.418926 -0.417451 0.0905755
1 2.02 0.561972 -0.431873 4.26717 0.041622 -0.14291 1.5625 0.976181 -0.720117 6.80565 -0.0422316 0.0061506 0.0151754
4 2.02 1.5 0 1.5 0 0 1.57075 0 0 0 0 0 0
5 2.02 50 0.00241971 4
6 2.02 -40.5404 0.418393 0.489154 -0.240516
0 2.04 0.537879 -0.415355 4.06283 0.0508338 -0.133799 1.56095 1.01444 -0.819665 7.97345 -0.477775 -0.458334 0.080732
1 2.04 0.578457 -0.448142 4.38177 0.0314141 -0.152272 1.56327 0.979872 -0.726288 6.88989 -0.0603066 0.0331583 0.00508217
4 2.04 1.5 0 1.5 0 0 1.57075 0 0 0 0 0 0
5 2.04 50 0.00210547 4
6 2.04 -42.771 0.464082 0.567099 -0.241263
0 2.05 0.550801 -0.428598 4.14419 0.04712 -0.137406 1.56133 1.01529 -0.832831 8.0576 -0.502299 -0.477995 0.0731939
1 2.05 0.591413 -0.461911 4.4665 0.0267481 -0.156642 1.56337 0.982081 -0.733304 6.94774 -0.0688602 0.0487655 -0.00138378
4 2.05 1.5 0 1.5 0 0 1.57075 0 0 0 0 0 0
5 2.05 50 0.00255084 5
6 2.05 -44.4115 0.482116 0.607414 -0.237816
0 2.06 0.563121 -0.440833 4.22655 0.0393077 -0.144752 1.56204 1.0146 -0.845438 8.1405 -0.541219 -0.490633 0.0697682
1 2.06 0.603705 -0.474651 4.55217 0.0173648 -0.164472 1.56408 0.985929 -0.736524 7.0027 -0.0835652 0.081016 -0.00682446
4 2.06 1.5 0 1.5 0 0 1.57075 0 0 0 0 0 0
5 2.06 50 0.00222778 5
6 2.06 -46.1744 0.509272 0.658998 -0.24422
0 2.07 0.57917 -0.457563 4.33202 0.0332424 -0.150184 1.56253 1.0128 -0.862835 8.24214 -0.587382 -0.505791 0.0630162
1 2.07 0.619682 -0.492076 4.6617 0.00946769 -0.170488 1.5644 0.98202 -0.718745 6.89926 -0.0476957 0.2594 0.0431513
4 2.07 1.5 0 1.5 0 0 1.57075 0 0 0 0 0 0
5 2.07 50 0.00691056 16
6 2.07 -58.9125 0.601251 0.880991 -0.0630811
0 2.08 0.591465 -0.470058 4.41744 0.029094 -0.153716 1.56288 1.01028 -0.876394 8.32251 -0.614192 -0.512592 0.0617569
1 2.08 0.631876 -0.505114 4.75034 0.00423618 -0.174283 1.56478 0.98284 -0.725544 6.95793 -0.049874 0.281834 0.045845
4 2.08 1.5 0 1.5 0 0 1.57075 0 0 0 0 0 0
5 2.08 50 0.00598812 15
6 2.08 -60.282 0.62883 0.914609 -0.0504411
0 2.09 0.606467 -0.486225 4.51851 0.0211434 -0.160276 1.56353 1.00531 -0.894309 8.41626 -0.645229 -0.522826 0.0578139
1 2.09 0.646679 -0.521998 4.85516 -0.00496804 -0.181233 1.56543 0.98511 -0.732897 7.02634 -0.0519394 0.319556 0.0492002
4 2.09 1.5 0 1.5 0 0 1.57075 0 0 0 0 0 0
5 2.09 50 0.00450015 12
6 2.09 -61.9048 0.661363 0.969578 -0.0271159
0 2.11 0.623596 -0.504138 4.6441 0.0108161 -0.168375 1.56422 0.996428 -0.915913 8.53085 -0.698222 -0.531615 0.0478411
1 2.11 0.663453 -0.540775 4.98534 -0.017399 -0.189659 1.56592 0.986293 -0.74099 7.10981 -0.0557608 0.380068 0.0555461
4 2.11 1.5 0 1.5 0 0 1.57075 0 0 0 0 0 0
5 2.11 50 0.0040555 10
6 2.11 -63.9116 0.716774 1.04876 0.0250199
0 2.12 0.639137 -0.5219 4.75198 0.00212636 -0.174863 1.56475 0.989206 -0.936589 8.62739 -0.713928 -0.524282 0.0480043
1 2.12 0.678705 -0.559364 5.09708 -0.0267621 -0.195839 1.56666 0.988055 -0.750268 7.18041 -0.0571501 0.423352 0.0598395
4 2.12 1.5 0 1.5 0 0 1.57075 0 0 0 0 0 0
5 2.12 50 0.00402713 10
6 2.12 -65.5937 0.732814 1.09008 0.0382093
0 2.13 0.654129 -0.538774 4.86308 -0.00675838 -0.181458 1.56534 0.984438 -0.967135 8.72161 -0.703739 -0.509327 0.0503301
1 2.13 0.693507 -0.57746 5.21195 -0.0353026 -0.201817 1.56753 0.992943 -0.768946 7.24878 -0.0564715 0.463027 0.0660742
4 2.13 1.5 0 1.5 0 0 1.57075 0 0 0 0 0 0
5 2.13 50 0.00558114 10
6 2.13 -67.2823 0.722135 1.11854 0.0506705
0 2.15 0.673941 -0.5627 5.00849 -0.0167236 -0.188858 1.56618 0.975987 -1.00286 8.84024 -0.667004 -0.465756 0.0568449
1 2.15 0.712981 -0.602815 5.3621 -0.0438979 -0.207448 1.56881 0.990539 -0.847634 7.63538 -0.208764 0.167789 -0.0315175
4 2.15 1.5 0 1.5 0 0 1.57075 0 0 0 0 0 0
5 2.15 50 0.00137305 2
6 2.15 -50.6716 0.510563 0.730026 -0.281744
0 2.16 0.686558 -0.577791 5.10639 -0.0231559 -0.193445 1.5669 0.968149 -1.02574 8.91921 -0.619666 -0.413503 0.0642637
1 2.16 0.725284 -0.61882 5.46316 -0.048521 -0.209921 1.56991 0.988145 -0.865028 7.70603 -0.218199 0.17273 -0.0279796
4 2.16 1.5 0 1.5 0 0 1.57075 0 0 0 0 0 0
5 2.16 50 0.00113654 2
6 2.16 -51.2422 0.447031 0.675901 -0.294195
0 2.17 0.698535 -0.593141 5.1953 -0.0295469 -0.197643 1.56767 0.957871 -1.04822 8.99036 -0.588798 -0.3772 0.064875
1 2.17 0.73685 -0.63507 5.55492 -0.0537075 -0.212647 1.57077 0.983343 -0.882516 7.7701 -0.223817 0.183478 -0.0232716
4 2.17 1.5 0 1.5 0 0 1.57075 0 0 0 0 0 0
5 2.17 50 0.00251651 4
6 2.17 -51.7357 0.406378 0.646447 -0.281156
0 2.18 0.711179 -0.609187 5.29693 -0.0361303 -0.201744 1.56861 0.944152 -1.07158 9.06901 -0.535431 -0.319185 0.0731625
1 2.18 0.748945 -0.65205 5.65969 -0.05824 -0.214398 1.57207 0.975348 -0.900775 7.84117 -0.231621 0.18676 -0.0180087
4 2.18 1.5 0 1.5 0 0 1.57075 0 0 0 0 0 0
5 2.18 50 0.00257301 6
6 2.18 -52.2647 0.338024 0.583732 -0.29087
0 2.19 0.72434 -0.626949 5.40027 -0.0427691 -0.205407 1.56962 0.927712 -1.09685 9.14626 -0.522747 -0.278289 0.0708923
1 2.19 0.761448 -0.670822 5.76612 -0.0643684 -0.216407 1.573 0.964261 -0.923662 7.92242 -0.245859 0.175766 -0.0173454
4 2.19 1.5 0 1.5 0 0 1.57075 0 0 0 0 0 0
5 2.19 50 0.00187826 4
6 2.19 -52.0669 0.308197 0.524021 -0.281533
0 2.21 0.736887 -0.643856 5.50771 -0.0523255 -0.21004 1.571 0.9091 -1.12119 9.2237 -0.561642 -0.260151 0.0658805
1 2.21 0.773251 -0.688703 5.87666 -0.0754682 -0.220294 1.57425 0.952928 -0.946565 8.0122 -0.270907 0.160136 -0.0155247
4 2.21 1.5 0 1.5 0 0 1.57075 0 0 0 0 0 0
5 2.21 50 0.0017581 4
6 2.21 -51.3676 0.323904 0.485274 -0.25972
0 2.22 0.751516 -0.665163 5.62936 -0.0599067 -0.213325 1.57204 0.891033 -1.14871 9.30933 -0.624418 -0.256039 0.0684923
1 2.22 0.787157 -0.711112 6.00173 -0.0856086 -0.223384 1.57546 0.940833 -0.97209 8.10187 -0.294155 0.145629 -0.00959746
4 2.22 1.5 0 1.5 0 0 1.57075 0 0 0 0 0 0
5 2.22 50 0.00106359 2
6 2.22 -51.172 0.3681 0.464391 -0.24912
0 2.23 0.76502 -0.684902 5.75098 -0.0664658 -0.215897 1.57286 0.870701 -1.17531 9.39253 -0.661975 -0.251479 0.0652822
1 2.23 0.799848 -0.731914 6.12669 -0.0936627 -0.22576 1.57622 0.926744 -0.993616 8.17221 -0.309654 0.147164 -0.00939715
4 2.23 1.5 0 1.5 0 0 1.57075 0 0 0 0 0 0
5 2.23 50 0.00172949 2
6 2.23 -52.0299 0.392872 0.460957 -0.238225
0 2.24 0.775058 -0.700535 5.83659 -0.0715653 -0.217782 1.57355 0.852943 -1.19643 9.44911 -0.686917 -0.253483 0.0602017
1 2.24 0.809176 -0.748393 6.21456 -0.0997339 -0.227723 1.57675 0.913031 -1.01364 8.23147 -0.321763 0.136225 -0.00845598
4 2.24 1.5 0 1.5 0 0 1.57075 0 0 0 0 0 0
5 2.24 50 0.00210905 3
6 2.24 -51.9018 0.407326 0.45055 -0.218992
0 2.26 0.787177 -0.719624 5.95114 -0.0842788 -0.222211 1.57494 0.828219 -1.22269 9.52377 -0.734912 -0.257211 0.0563054
1 2.26 0.820305 -0.768531 6.33209 -0.114378 -0.232274 1.57812 0.898173 -1.03791 8.31484 -0.352017 0.119742 -0.00273684
4 2.26 1.5 0 1.5 0 0 1.57075 0 0 0 0 0 0
5 2.26 50 0.00107026 2
6 2.26 -51.4556 0.42724 0.43592 -0.188278
0 2.27 0.805071 -0.749665 6.11926 -0.0960378 -0.226216 1.57615 0.787598 -1.26341 9.6304 -0.772663 -0.271184 0.0573103
1 2.27 0.836575 -0.800201 6.50447 -0.127709 -0.236794 1.57956 0.86883 -1.07145 8.40586 -0.375418 0.118953 0.0033764
4 2.27 1.5 0 1.5 0 0 1.57075 0 0 0 0 0 0
5 2.27 50 0.000896931 1
6 2.27 -52.5435 0.443209 0.451285 -0.171946
0 2.29 0.81527 -0.767429 6.2295 -0.110322 -0.231203 1.57775 0.760156 -1.28807 9.6994 -0.811276 -0.300378 0.0569625
1 2.29 0.845677 -0.818952 6.61747 -0.143617 -0.242895 1.58144 0.854784 -1.08879 8.46331 -0.405653 0.124609 0.0103413
4 2.29 1.5 0 1.5 0 0 1.57075 0 0 0 0 0 0
5 2.29 50 0.000789881 1
6 2.29 -53.4134 0.452455 0.49143 -0.148561
0 2.3 0.828859 -0.793254 6.36644 -0.120455 -0.234892 1.57898 0.733455 -1.31886 9.78697 -0.828651 -0.309464 0.0653095
1 2.3 0.858198 -0.846008 6.75792 -0.154578 -0.246867 1.58318 0.838909 -1.11197 8.5337 -0.426524 0.129954 0.0216709
4 2.3 1.5 0 1.5 0 0 1.57075 0 0 0 0 0 0
5 2.3 50 0.00109124 1
6 2.3 -54.6127 0.448289 0.508643 -0.139025
0 2.31 0.840921 -0.816809 6.50047 -0.128913 -0.238057 1.58007 0.704267 -1.34817 9.86985 -0.843221 -0.320929 0.0626881
1 2.31 0.869092 -0.870736 6.89526 -0.163646 -0.250465 1.58433 0.819404 -1.13404 8.59947 -0.442962 0.135758 0.0261212
4 2.31 1.5 0 1.5 0 0 1.57075 0 0 0 0 0 0
5 2.31 50 0.000759602 1
6 2.31 -55.7999 0.446207 0.528352 -0.116432
0 2.33 0.851766 -0.839268 6.61618 -0.143969 -0.243883 1.58204 0.678814 -1.38757 9.93066 -0.856997 -0.335348 0.0673236
1 2.33 0.878919 -0.894771 7.0134 -0.179391 -0.256771 1.58677 0.809234 -1.1647 8.64854 -0.474373 0.140834 0.0393553
4 2.33 1.5 0 1.5 0 0 1.57075 0 0 0 0 0 0
5 2.33 50 0.000823021 1
6 2.33 -56.7442 0.426274 0.55112 -0.0889622
0 2.34 0.861672 -0.860733 6.73515 -0.15268 -0.247313 1.58329 0.649586 -1.42321 9.99284 -0.858856 -0.338535 0.0675666
1 2.34 0.887656 -0.917662 7.13486 -0.188228 -0.260286 1.58817 0.790161 -1.19324 8.69665 -0.490242 0.145515 0.0463353
4 2.34 1.5 0 1.5 0 0 1.57075 0 0 0 0 0 0
5 2.34 50 0.00106549 1
6 2.34 -57.7666 0.410574 0.560174 -0.0674505
0 2.35 0.870932 -0.882301 6.84374 -0.161388 -0.2507 1.58445 0.625873 -1.45277 10.051 -0.853579 -0.330564 0.0653822
1 2.35 0.895967 -0.940411 7.24578 -0.196736 -0.263331 1.5893 0.776691 -1.21597 8.74198 -0.506808 0.151032 0.0525116
4 2.35 1.5 0 1.5 0 0 1.57075 0 0 0 0 0 0
5 2.35 50 0.00108433 1
6 2.35 -58.7148 0.386236 0.557175 -0.0407685
0 2.36 0.879356 -0.902684 6.9523 -0.169956 -0.253922 1.58555 0.599934 -1.48031 10.1073 -0.844432 -0.32088 0.0662465
1 2.36 0.903354 -0.961896 7.35659 -0.204975 -0.266124 1.59049 0.761111 -1.23674 8.78565 -0.522356 0.157231 0.060727
4 2.36 1.5 0 1.5 0 0 1.57075 0 0 0 0 0 0
5 2.36 50 0.00101185 1
6 2.36 -59.6614 0.358635 0.553187 -0.017313
0 2.37 0.891208 -0.933691 7.11108 -0.178587 -0.257088 1.58685 0.558645 -1.51968 10.1843 -0.819813 -0.304052 0.0710932
1 2.37 0.913554 -0.994478 7.51845 -0.212684 -0.268552 1.59198 0.731612 -1.26756 8.84363 -0.534795 0.164895 0.071831
4 2.37 1.5 0 1.5 0 0 1.57075 0 0 0 0 0 0
5 2.37 50 0.00114703 1
6 2.37 -61.0271 0.31714 0.542868 0.00263899
0 2.39 0.901257 -0.962088 7.26637 -0.194414 -0.262159 1.5893 0.515482 -1.55541 10.2555 -0.752454 -0.23762 0.0816809
1 2.39 0.921876 -1.0243 7.67658 -0.225865 -0.270853 1.59452 0.70725 -1.29306 8.89876 -0.558765 0.176439 0.0911187
4 2.39 1.5 0 1.5 0 0 1.57075 0 0 0 0 0 0
5 2.39 50 0.000840425 1
6 2.39 -62.3274 0.215132 0.480157 0.0303335
0 2.4 0.908359 -0.982978 7.36728 -0.200046 -0.263644 1.59027 0.477214 -1.58239 10.2908 -0.719506 -0.201832 0.0857029
1 2.4 0.927448 -1.04627 7.77891 -0.230166 -0.270875 1.59541 0.676799 -1.31529 8.92345 -0.562839 0.179658 0.0974819
4 2.4 1.5 0 1.5 0 0 1.57075 0 0 0 0 0 0
5 2.4 50 0.00149417 1
6 2.4 -63.11 0.173881 0.442806 0.0377698
0 2.41 0.915823 -1.0079 7.49892 -0.211057 -0.265993 1.59228 0.430048 -1.61334 10.3377 -0.668655 -0.15301 0.0871859
1 2.41 0.933025 -1.07243 7.91243 -0.239082 -0.271247 1.59715 0.643593 -1.33953 8.95732 -0.576076 0.185428 0.106838
4 2.41 1.5 0 1.5 0 0 1.57075 0 0 0 0 0 0
5 2.41 50 0.000890017 1
6 2.41 -64.1401 0.102496 0.393133 0.0628541
0 2.43 0.921925 -1.0289 7.59736 -0.223567 -0.267687 1.59454 0.398437 -1.63697 10.3748 -0.595582 -0.0829832 0.0967157
1 2.43 0.937862 -1.09438 8.01235 -0.248627 -0.270066 1.59921 0.627253 -1.35764 8.98402 -0.593235 0.189792 0.12161
4 2.43 1.5 0 1.5 0 0 1.57075 0 0 0 0 0 0
5 2.43 50 0.000766277 1
6 2.43 -65.0274 0.00196892 0.317739 0.0795309
0 2.44 0.928551 -1.05463 7.72703 -0.228034 -0.268036 1.59533 0.356102 -1.66621 10.422 -0.57145 -0.0569231 0.0966232
1 2.44 0.942795 -1.12128 8.14391 -0.252067 -0.26938 1.59977 0.594234 -1.38061 9.01128 -0.595691 0.197807 0.12688
4 2.44 1.5 0 1.5 0 0 1.57075 0 0 0 0 0 0
5 2.44 50 0.00108337 2
6 2.44 -66.3986 -0.027573 0.296838 0.0966325
0 2.45 0.936875 -1.09055 7.89772 -0.234112 -0.268301 1.59646 0.308375 -1.70371 10.4915 -0.547485 -0.0341767 0.0981985
1 2.45 0.94921 -1.1587 8.31738 -0.257149 -0.268719 1.60075 0.560244 -1.40887 9.05049 -0.602707 0.210994 0.137267
4 2.45 1.5 0 1.5 0 0 1.57075 0 0 0 0 0 0
5 2.45 50 0.00168133 2
6 2.45 -68.4772 -0.0620621 0.285749 0.124746
0 2.47 0.94263 -1.11895 8.04008 -0.243391 -0.268465 1.5982 0.266078 -1.73355 10.5461 -0.524809 -0.0136681 0.0992354
1 2.47 0.953273 -1.18829 8.46193 -0.265479 -0.268039 1.60234 0.533903 -1.43126 9.08198 -0.617468 0.219701 0.149563
4 2.47 1.5 0 1.5 0 0 1.57075 0 0 0 0 0 0
5 2.47 50 0.00166798 3
6 2.47 -70.1489 -0.103788 0.272069 0.16068
0 2.48 0.946824 -1.13921 8.13142 -0.250181 -0.268201 1.5996 0.230312 -1.75531 10.5699 -0.505079 0.00559081 0.110598
1 2.48 0.956036 -1.20942 8.55422 -0.271547 -0.266889 1.60399 0.50945 -1.44863 9.09127 -0.626762 0.222098 0.163376
4 2.48 1.5 0 1.5 0 0 1.57075 0 0 0 0 0 0
5 2.48 50 0.001858 4
6 2.48 -71.214 -0.136101 0.253037 0.16849
0 2.49 0.950271 -1.15928 8.22799 -0.253951 -0.267921 1.60041 0.193601 -1.77674 10.5963 -0.489343 0.016391 0.112608
1 2.49 0.958015 -1.23035 8.65184 -0.274677 -0.266155 1.60476 0.481088 -1.46561 9.102 -0.629298 0.226446 0.169642
4 2.49 1.5 0 1.5 0 0 1.57075 0 0 0 0 0 0
5 2.49 50 0.00143099 3
6 2.49 -72.3047 -0.156445 0.245572 0.182072
0 2.5 0.955121 -1.19092 8.37329 -0.259011 -0.267433 1.60145 0.142191 -1.80851 10.6394 -0.480853 0.0287021 0.108207
1 2.5 0.960809 -1.26326 8.79886 -0.279311 -0.265214 1.60548 0.44166 -1.49095 9.12205 -0.634841 0.232256 0.175316
4 2.5 1.5 0 1.5 0 0 1.57075 0 0 0 0 0 0
5 2.5 50 0.00286913 4
6 2.5 -73.9087 -0.172045 0.237857 0.21423
0 2.51 0.957701 -1.21211 8.4756 -0.265255 -0.266714 1.60271 0.105922 -1.82944 10.6696 -0.465685 0.0446903 0.10432
1 2.51 0.961938 -1.28528 8.90238 -0.284855 -0.263895 1.6064 0.417302 -1.50743 9.13553 -0.644186 0.235148 0.181324
4 2.51 1.5 0 1.5 0 0 1.57075 0 0 0 0 0 0
5 2.51 50 0.00232863 5
6 2.51 -75.1145 -0.199345 0.222546 0.245809
0 2.52 0.961387 -1.24496 8.62255 -0.269964 -0.265982 1.60362 0.0607993 -1.85939 10.7201 -0.453363 0.0580428 0.106648
1 2.52 0.963819 -1.31933 9.05135 -0.28905 -0.262607 1.60724 0.385601 -1.52991 9.15814 -0.651522 0.241506 0.193618
4 2.52 1.5 0 1.5 0 0 1.57075 0 0 0 0 0 0
5 2.52 50 0.00120306 2
6 2.52 -77.0375 -0.221215 0.214502 0.277622
0 2.53 0.963845 -1.27546 8.76492 -0.275614 -0.264953 1.60468 0.0197532 -1.90096 10.7666 -0.42735 0.0819676 0.107681
1 2.53 0.964635 -1.3515 9.19558 -0.293591 -0.260625 1.60805 0.35827 -1.56552 9.18087 -0.659164 0.240888 0.204081
4 2.53 1.5 0 1.5 0 0 1.57075 0 0 0 0 0 0
5 2.53 50 0.00222969 3
6 2.53 -78.7035 -0.258656 0.18615 0.307716
0 2.55 0.965868 -1.29873 8.86533 -0.281926 -0.263648 1.60596 -0.0142516 -1.92999 10.7924 -0.400884 0.100817 0.114778
1 2.55 0.965297 -1.37593 9.29703 -0.298849 -0.258497 1.60936 0.338387 -1.58953 9.18545 -0.668538 0.239731 0.21778
4 2.55 1.5 0 1.5 0 0 1.57075 0 0 0 0 0 0
5 2.55 50 0.0017302 3
6 2.55 -80.2239 -0.298533 0.163195 0.328789
0 2.56 0.967082 -1.32222 8.97219 -0.287887 -0.261806 1.60711 -0.0510849 -1.95676 10.8198 -0.374926 0.130509 0.11497
1 2.56 0.965039 -1.40049 9.40499 -0.303669 -0.255495 1.61014 0.314393 -1.61311 9.19526 -0.676815 0.233419 0.225736
4 2.56 1.5 0 1.5 0 0 1.57075 0 0 0 0 0 0
5 2.56 50 0.00150251 3
6 2.56 -81.4822 -0.336559 0.121647 0.353566
0 2.57 0.968374 -1.35069 9.09564 -0.290716 -0.260632 1.6077 -0.0936465 -1.98532 10.8494 -0.35162 0.147846 0.117354
1 2.57 0.964629 -1.4301 9.52962 -0.305528 -0.253621 1.6106 0.280235 -1.63846 9.2091 -0.676711 0.229026 0.231852
4 2.57 1.5 0 1.5 0 0 1.57075 0 0 0 0 0 0
5 2.57 50 0.00200415 4
6 2.57 -82.5725 -0.362327 0.0965617 0.365476
0 2.58 0.968506 -1.37977 9.22895 -0.293446 -0.259367 1.60823 -0.14005 -2.01226 10.8811 -0.336701 0.159626 0.116124
1 2.58 0.962904 -1.46026 9.66419 -0.307603 -0.251912 1.61092 0.243231 -1.66144 9.22154 -0.677166 0.227578 0.237147
4 2.58 1.5 0 1.5 0 0 1.57075 0 0 0 0 0 0
5 2.58 50 0.00245738 4
6 2.58 -83.8842 -0.379433 0.0812058 0.386303
0 2.6 0.967994 -1.43358 9.46543 -0.301708 -0.254595 1.60984 -0.229892 -2.05588 10.9221 -0.308664 0.189419 0.131574
1 2.6 0.958798 -1.51581 9.90231 -0.314776 -0.245796 1.61271 0.175169 -1.70103 9.22795 -0.685443 0.209058 0.257657
4 2.6 1.5 0 1.5 0 0 1.57075 0 0 0 0 0 0
5 2.6 50 0.00201344 4
6 2.6 -86.2841 -0.419542 0.0259004 0.402454
0 2.62 0.966946 -1.46869 9.61384 -0.307209 -0.250838 1.61104 -0.277303 -2.08122 10.9595 -0.300208 0.198609 0.126947
1 2.62 0.955854 -1.55194 10.0522 -0.319842 -0.24173 1.61356 0.144139 -1.72324 9.23729 -0.695645 0.198427 0.26601
4 2.62 1.5 0 1.5 0 0 1.57075 0 0 0 0 0 0
5 2.62 50 0.00211334 5
6 2.62 -88.2097 -0.440395 0.00295251 0.443892
0 2.63 0.964262 -1.50507 9.77644 -0.310312 -0.248705 1.61164 -0.330638 -2.10554 10.9977 -0.300546 0.202466 0.127998
1 2.63 0.951036 -1.58929 10.2163 -0.322944 -0.239429 1.61412 0.103918 -1.74284 9.24815 -0.700247 0.195704 0.276421
4 2.63 1.5 0 1.5 0 0 1.57075 0 0 0 0 0 0
5 2.63 50 0.00308609 5
6 2.63 -90.0635 -0.445108 -0.00456776 0.473769
0 2.64 0.962558 -1.53405 9.89529 -0.31346 -0.246503 1.61222 -0.367238 -2.12428 11.0275 -0.300055 0.200136 0.133896
1 2.64 0.947869 -1.61902 10.3364 -0.326123 -0.237236 1.61493 0.0787938 -1.75862 9.25652 -0.707454 0.187652 0.289051
4 2.64 1.5 0 1.5 0 0 1.57075 0 0 0 0 0 0
5 2.64 50 0.00146508 3
6 2.64 -91.5302 -0.453649 -0.0109902 0.495264
0 2.65 0.960017 -1.56169 10.0139 -0.316647 -0.244354 1.613 -0.404664 -2.14111 11.0551 -0.29899 0.19704 0.145942
1 2.65 0.943831 -1.64734 10.4561 -0.329378 -0.235047 1.61618 0.0527608 -1.77258 9.2634 -0.713467 0.181207 0.304253
4 2.65 1.5 0 1.5 0 0 1.57075 0 0 0 0 0 0
5 2.65 50 0.00196004 4
6 2.65 -92.9553 -0.461409 -0.0145463 0.505341
0 2.67 0.956726 -1.59606 10.1558 -0.323076 -0.240092 1.6146 -0.449922 -2.16065 11.0851 -0.313722 0.189004 0.140308
1 2.67 0.93873 -1.68248 10.5992 -0.33634 -0.231141 1.61761 0.0293504 -1.78763 9.25622 -0.732 0.168861 0.318074
4 2.67 1.5 0 1.5 0 0 1.57075 0 0 0 0 0 0
5 2.67 50 0.00239587 5
6 2.67 -95.5248 -0.465845 -0.0194597 0.56745
0 2.68 0.95315 -1.62344 10.2741 -0.326397 -0.238042 1.61548 -0.488131 -2.17493 11.1083 -0.311465 0.17767 0.155125
1 2.68 0.933624 -1.71044 10.7184 -0.339729 -0.229321 1.61918 0.00439047 -1.79809 9.25498 -0.739344 0.164049 0.336541
4 2.68 1.5 0 1.5 0 0 1.57075 0 0 0 0 0 0
5 2.68 50 0.00319409 6
6 2.68 -97.2072 -0.476502 -0.01162 0.579109
0 2.69 0.949027 -1.6564 10.4091 -0.330592 -0.235502 1.61678 -0.534173 -2.19077 11.1262 -0.318759 0.17194 0.158844
1 2.69 0.92766 -1.74404 10.8541 -0.344249 -0.226934 1.62066 -0.0267006 -1.8105 9.24786 -0.749192 0.154928 0.34972
4 2.69 1.5 0 1.5 0 0 1.57075 0 0 0 0 0 0
5 2.69 50 0.00271225 6
6 2.69 -98.9528 -0.479381 -0.0153185 0.609311
0 2.7 0.94408 -1.68591 10.5364 -0.334105 -0.233431 1.61775 -0.577065 -2.20372 11.1423 -0.328778 0.169149 0.160743
1 2.7 0.920998 -1.77406 10.9821 -0.348173 -0.22493 1.62171 -0.0553841 -1.81954 9.2388 -0.758749 0.149277 0.361751
4 2.7 1.5 0 1.5 0 0 1.57075 0 0 0 0 0 0
5 2.7 50 0.00321627 7
6 2.7 -100.701 -0.478874 -0.0184164 0.641654
0 2.71 0.939358 -1.71667 10.6598 -0.335863 -0.232431 1.61827 -0.613313 -2.2184 11.1659 -0.330162 0.165586 0.164674
1 2.71 0.914825 -1.80541 11.1065 -0.350025 -0.224007 1.62242 -0.0810096 -1.82969 9.23996 -0.762711 0.149048 0.37342
4 2.71 1.5 0 1.5 0 0 1.57075 0 0 0 0 0 0
5 2.71 50 0.0038476 6
6 2.71 -102.241 -0.481751 -0.0144648 0.666359
0 2.72 0.933561 -1.74737 10.7888 -0.34125 -0.22963 1.62 -0.651978 -2.23121 11.187 -0.336298 0.152853 0.179293
1 2.72 0.907482 -1.83662 11.2363 -0.355804 -0.221469 1.62484 -0.0984742 -1.83676 9.22565 -0.780574 0.13825 0.399119
4 2.72 1.5 0 1.5 0 0 1.57075 0 0 0 0 0 0
5 2.72 50 0.00294399 7
6 2.72 -104.73 -0.494862 -0.0117536 0.701734
0 2.73 0.927832 -1.77937 10.9177 -0.344978 -0.227779 1.62127 -0.69339 -2.25571 11.1788 -0.345681 0.148113 0.18322
1 2.73 0.900097 -1.8696 11.3648 -0.35994 -0.219725 1.6263 -0.127179 -1.85869 9.19906 -0.78907 0.122253 0.410233
4 2.73 1.5 0 1.5 0 0 1.57075 0 0 0 0 0 0
5 2.73 50 0.00312471 5
6 2.73 -106.049 -0.493891 -0.0244164 0.724679
0 2.75 0.921348 -1.80783 11.0388 -0.352606 -0.224305 1.62413 -0.731252 -2.27274 11.1746 -0.365357 0.12241 0.210747
1 2.75 0.892098 -1.89874 11.4858 -0.36864 -0.216799 1.63051 -0.134752 -1.86725 9.14683 -0.825265 0.0836978 0.456197
4 2.75 1.5 0 1.5 0 0 1.57075 0 0 0 0 0 0
5 2.75 50 0.00221038 5
6 2.75 -109.478 -0.512484 -0.0380289 0.78355
0 2.76 0.915817 -1.83541 11.147 -0.35562 -0.223116 1.62538 -0.761508 -2.28729 11.1785 -0.371255 0.110897 0.2237
1 2.76 0.885357 -1.9269 11.5942 -0.372023 -0.215842 1.6324 -0.151896 -1.87746 9.12915 -0.83559 0.0766685 0.474158
4 2.76 1.5 0 1.5 0 0 1.57075 0 0 0 0 0 0
5 2.76 50 0.00228381 5
6 2.76 -111.016 -0.517518 -0.0323822 0.799538
0 2.77 0.909472 -1.86217 11.257 -0.359727 -0.221549 1.6272 -0.792472 -2.29921 11.1812 -0.37397 0.102437 0.23131
1 2.77 0.877773 -1.95414 11.7042 -0.376311 -0.214457 1.6346 -0.164854 -1.88335 9.1026 -0.84943 0.0702232 0.492809
4 2.77 1.5 0 1.5 0 0 1.57075 0 0 0 0 0 0
5 2.77 50 0.00226116 5
6 2.77 -113.109 -0.530057 -0.0297849 0.834791
0 2.78 0.902508 -1.88801 11.3668 -0.363016 -0.220272 1.6287 -0.82352 -2.30897 11.1822 -0.377929 0.0987758 0.243966
1 2.78 0.869567 -1.98037 11.8141 -0.379861 -0.213113 1.63661 -0.178649 -1.88656 9.07308 -0.861059 0.0656083 0.513422
4 2.78 1.5 0 1.5 0 0 1.57075 0 0 0 0 0 0
5 2.78 50 0.00289655 6
6 2.78 -115.263 -0.538607 -0.0304063 0.860196
0 2.79 0.894816 -1.91373 11.4793 -0.368303 -0.218295 1.63133 -0.854977 -2.31712 11.1811 -0.394582 0.0831211 0.267252
1 2.79 0.860617 -2.00642 11.9265 -0.386033 -0.211344 1.64032 -0.18223 -1.88408 9.02367 -0.886116 0.0582254 0.549082
4 2.79 1.5 0 1.5 0 0 1.57075 0 0 0 0 0 0
5 2.79 50 0.00242734 5
6 2.79 -118.698 -0.548164 -0.0198167 0.899707
0 2.8 0.884332 -1.95564 11.642 -0.374018 -0.216378 1.63432 -0.899166 -2.33003 11.1744 -0.414648 0.0624945 0.286464
1 2.8 0.848365 -2.04884 12.089 -0.392748 -0.209865 1.6443 -0.0563616 -1.79686 8.60476 -0.0403585 0.110873 0.913766
4 2.8 1.5 0 1.5 0 0 1.57075 0 0 0 0 0 0
5 2.8 50 0.00775719 20
6 2.8 -146.68 0.42026 0.0653577 2.00263
0 2.82 0.873868 -1.99099 11.787 -0.383768 -0.213509 1.63996 -0.937824 -2.33859 11.1652 -0.43938 0.0335634 0.329365
1 2.82 0.836355 -2.08453 12.2336 -0.403883 -0.207332 1.65194 -0.068528 -1.80273 8.58421 -0.0395792 0.090286 0.965488
4 2.82 1.5 0 1.5 0 0 1.57075 0 0 0 0 0 0
5 2.82 50 0.00700569 18
6 2.82 -147.924 0.448244 0.0770824 2.0308
0 2.83 0.861771 -2.03382 11.953 -0.388935 -0.212145 1.64308 -0.97956 -2.34966 11.1562 -0.451424 0.0207648 0.347326
1 2.83 0.822588 -2.12781 12.3993 -0.409693 -0.206108 1.65591 -0.0910561 -1.80869 8.55665 -0.0410526 0.0598518 0.992401
4 2.83 1.5 0 1.5 0 0 1.57075 0 0 0 0 0 0
5 2.83 50 0.00809598 18
6 2.83 -149.45 0.459757 0.0578503 2.05939
0 2.84 0.85186 -2.06479 12.0784 -0.394276 -0.210807 1.64646 -1.00997 -2.35587 11.1434 -0.465208 0.00651982 0.367953
1 2.84 0.811461 -2.15902 12.5242 -0.415771 -0.204913 1.66025 -0.104147 -1.81085 8.53128 -0.042477 0.0303894 1.01983
4 2.84 1.5 0 1.5 0 0 1.57075 0 0 0 0 0 0
5 2.84 50 0.00765896 18
6 2.84 -150.587 0.473194 0.0415839 2.08112
0 2.85 0.842805 -2.0954 12.1952 -0.398573 -0.209772 1.64932 -1.03926 -2.35999 11.1102 -0.475657 -0.00638705 0.399585
1 2.85 0.801234 -2.1898 12.6396 -0.420756 -0.203804 1.66448 -0.119689 -1.81158 8.48869 -0.0439523 0.00508696 1.04452
4 2.85 1.5 0 1.5 0 0 1.57075 0 0 0 0 0 0
5 2.85 50 0.00794506 19
6 2.85 -151.468 0.482829 0.0289291 2.05896
0 2.87 0.832079 -2.12667 12.3211 -0.411394 -0.206215 1.65904 -1.06888 -2.36302 11.0718 -0.478021 -0.0178822 0.491968
1 2.87 0.789324 -2.22119 12.764 -0.434348 -0.199001 1.67776 -0.119385 -1.81046 8.44825 -0.0428141 -0.0495156 1.12858
4 2.87 1.5 0 1.5 0 0 1.57075 0 0 0 0 0 0
5 2.87 50 0.00766754 20
6 2.87 -152.325 0.486236 -0.0167878 2.03239
0 2.88 0.824341 -2.15155 12.4148 -0.417226 -0.204359 1.66413 -1.09124 -2.36453 11.0301 -0.478633 -0.0285187 0.541907
1 2.88 0.780691 -2.24613 12.856 -0.440574 -0.196618 1.68484 -0.127303 -1.80917 8.40312 -0.0431004 -0.0953097 1.15916
4 2.88 1.5 0 1.5 0 0 1.57075 0 0 0 0 0 0
5 2.88 50 0.00885963 20
6 2.88 -152.889 0.486056 -0.0551173 1.97059
0 2.89 0.810834 -2.18816 12.5621 -0.421636 -0.202883 1.66816 -1.12447 -2.36593 10.9677 -0.476831 -0.0325119 0.572618
1 2.89 0.765856 -2.2828 13.0008 -0.445118 -0.194696 1.69004 -0.147257 -1.80697 8.33275 -0.0446555 -0.06045 1.20394
4 2.89 1.5 0 1.5 0 0 1.57075 0 0 0 0 0 0
5 2.89 50 0.00816655 20
6 2.89 -153.691 0.482042 -0.00940677 2.01552
0 2.9 0.799922 -2.22008 12.6825 -0.426508 -0.201194 1.67286 -1.14801 -2.37139 10.9343 -0.480266 -0.0398332 0.608853
1 2.9 0.754002 -2.31494 13.1199 -0.450375 -0.192569 1.69617 -0.15623 -1.80827 8.2907 -0.0452929 -0.100281 1.23121
4 2.9 1.5 0 1.5 0 0 1.57075 0 0 0 0 0 0
5 2.9 50 0.00735283 20
6 2.9 -154.569 0.48471 -0.0450994 1.9869
0 2.91 0.786975 -2.254 12.8163 -0.433665 -0.198697 1.68018 -1.17423 -2.37546 10.8932 -0.474699 -0.053222 0.657795
1 2.91 0.740006 -2.34902 13.252 -0.457641 -0.189573 1.70545 -0.162524 -1.80645 8.24034 -0.0433247 -0.285122 1.21627
4 2.91 1.5 0 1.5 0 0 1.57075 0 0 0 0 0 0
5 2.91 50 0.00763679 15
6 2.91 -155.643 0.479803 -0.240165 1.78296
0 2.92 0.77697 -2.2822 12.9212 -0.439732 -0.19636 1.68683 -1.19433 -2.39171 10.8524 -0.474777 -0.0537739 0.704098
1 2.92 0.729197 -2.37786 13.3553 -0.463975 -0.186317 1.71375 -0.167346 -1.8184 8.19498 -0.0434299 -0.349512 1.24772
4 2.92 1.5 0 1.5 0 0 1.57075 0 0 0 0 0 0
5 2.92 50 0.00664282 15
6 2.92 -156.32 0.47954 -0.311579 1.73554
0 2.95 0.763652 -2.31576 13.0517 -0.450468 -0.192142 1.69936 -1.22005 -2.4064 10.8011 -0.474332 -0.0613391 0.774205
1 2.95 0.71485 -2.41201 13.4838 -0.475073 -0.180868 1.72885 -0.168776 -1.82576 8.14155 -0.0435157 -0.432921 1.3027
4 2.95 1.5 0 1.5 0 0 1.57075 0 0 0 0 0 0
5 2.95 50 0.00838709 15
6 2.95 -157.145 0.478159 -0.395865 1.68726
0 2.96 0.74674 -2.3588 13.2145 -0.459107 -0.188391 1.71006 -1.25376 -2.42004 10.7264 -0.472535 -0.0727457 0.825968
1 2.96 0.69659 -2.4556 13.6435 -0.4839 -0.176359 1.74153 -0.181554 -1.83233 8.06189 -0.0434932 -0.498617 1.33818
4 2.96 1.5 0 1.5 0 0 1.57075 0 0 0 0 0 0
5 2.96 50 0.00766778 15
6 2.96 -158.038 0.475142 -0.456239 1.63528
0 2.97 0.734129 -2.3881 13.3291 -0.464371 -0.185839 1.71704 -1.27798 -2.42774 10.675 -0.465504 -0.0760095 0.858418
1 2.97 0.683009 -2.48521 13.7561 -0.489019 -0.173179 1.74966 -0.191018 -1.83445 8.00314 -0.0492986 -0.617696 1.3164
4 2.97 1.5 0 1.5 0 0 1.57075 0 0 0 0 0 0
5 2.97 50 0.00925517 16
6 2.97 -158.892 0.460357 -0.588345 1.46216
0 2.98 0.721093 -2.42083 13.4492 -0.471179 -0.182357 1.72635 -1.30203 -2.43682 10.6299 -0.464295 -0.0807946 0.892958
1 2.98 0.669012 -2.5183 13.8744 -0.495891 -0.169023 1.7602 -0.198363 -1.83741 7.95344 -0.0489938 -0.691227 1.33212
4 2.98 1.5 0 1.5 0 0 1.57075 0 0 0 0 0 0
5 2.98 50 0.00627398 16
6 2.98 -159.651 0.458781 -0.665974 1.40206
0 2.99 0.702029 -2.46361 13.6133 -0.483662 -0.175699 1.74402 -1.33635 -2.44578 10.5654 -0.470725 -0.100712 0.967182
1 2.99 0.648575 -2.56144 14.0359 -0.508904 -0.161275 1.78071 -0.204727 -1.83568 7.88651 -0.0489178 -0.798819 1.37552
4 2.99 1.5 0 1.5 0 0 1.57075 0 0 0 0 0 0
5 2.99 50 0.0069375 16
6 2.99 -160.669 0.463994 -0.763192 1.30366
0 3 0.689359 -2.49412 13.7239 -0.489899 -0.172039 1.7536 -1.36186 -2.44938 10.5 -0.461602 -0.110872 1.02063
1 3 0.634885 -2.59209 14.1439 -0.514985 -0.156742 1.79229 -0.217253 -1.83379 7.82138 -0.0479894 -0.855519 1.39066
4 3 1.5 0 1.5 0 0 1.57075 0 0 0 0 0 0
5 3 50 0.00692916 16
6 3 -161.078 0.453537 -0.815274 1.18138
0 3.01 0.674867 -2.52541 13.8423 -0.496167 -0.168119 1.76365 -1.38956 -2.45245 10.4355 -0.461805 -0.123684 1.06798
1 3.01 0.619285 -2.62351 14.2597 -0.521415 -0.152133 1.80414 -0.231193 -1.83066 7.75554 -0.0477133 -0.910582 1.40336
4 3.01 1.5 0 1.5 0 0 1.57075 0 0 0 0 0 0
5 3.01 50 0.00877285 16
6 3.01 -161.606 0.452525 -0.861918 1.07078
0 3.03 0.661781 -2.55547 13.9504 -0.507191 -0.160879 1.78185 -1.41648 -2.45406 10.363 -0.46764 -0.130672 1.12178
1 3.03 0.605121 -2.65363 14.3649 -0.532674 -0.143652 1.82416 -0.238635 -1.82321 7.68994 -0.0469788 -0.981097 1.43487
4 3.03 1.5 0 1.5 0 0 1.57075 0 0 0 0 0 0
5 3.03 50 0.00905418 17
6 3.03 -161.896 0.45869 -0.932201 0.999613
0 3.04 0.646985 -2.58592 14.0646 -0.515362 -0.155118 1.79587 -1.44486 -2.45564 10.2939 -0.459592 -0.141051 1.16279
1 3.04 0.589191 -2.68415 14.4764 -0.540509 -0.137104 1.83965 -0.25161 -1.81709 7.62409 -0.0459747 -1.05297 1.4392
4 3.04 1.5 0 1.5 0 0 1.57075 0 0 0 0 0 0
5 3.04 50 0.00680685 17
6 3.04 -162.264 0.449382 -1.00194 0.882502
0 3.05 0.629106 -2.62456 14.2025 -0.520218 -0.151618 1.80452 -1.47622 -2.4629 10.2372 -0.459575 -0.151555 1.19623
1 3.05 0.570057 -2.72308 14.612 -0.545405 -0.133094 1.84957 -0.270549 -1.81746 7.56285 -0.047801 -1.00922 1.50422
4 3.05 1.5 0 1.5 0 0 1.57075 0 0 0 0 0 0
5 3.05 50 0.00796938 18
6 3.05 -162.946 0.445906 -0.938416 0.983344
0 3.06 0.612051 -2.65844 14.3274 -0.527741 -0.145963 1.81841 -1.50557 -2.46862 10.1838 -0.453398 -0.165422 1.25041
1 3.06 0.551828 -2.75719 14.7348 -0.552719 -0.126492 1.86545 -0.284241 -1.81381 7.50917 -0.0469053 -1.072 1.52261
4 3.06 1.5 0 1.5 0 0 1.57075 0 0 0 0 0 0
5 3.06 50 0.00890303 19
6 3.06 -163.537 0.437906 -0.993116 0.869066
0 3.08 0.596781 -2.69059 14.4402 -0.539309 -0.136552 1.84143 -1.53392 -2.47282 10.1176 -0.441589 -0.186414 1.3195
1 3.08 0.535425 -2.78951 14.8449 -0.563721 -0.115845 1.89101 -0.288892 -1.80188 7.44238 -0.0477739 -1.36825 1.47998
4 3.08 1.5 0 1.5 0 0 1.57075 0 0 0 0 0 0
5 3.08 50 0.00735474 15
6 3.08 -164.482 0.42052 -1.30762 0.512438
0 3.09 0.579947 -2.72276 14.5573 -0.545902 -0.130721 1.85538 -1.56365 -2.47751 10.0525 -0.441722 -0.196384 1.37728
1 3.09 0.517402 -2.82186 14.9594 -0.570297 -0.108832 1.90698 -0.305136 -1.79658 7.37668 -0.0466785 -1.48634 1.45826
4 3.09 1.5 0 1.5 0 0 1.57075 0 0 0 0 0 0
5 3.09 50 0.00524402 13
6 3.09 -165.051 0.41989 -1.42953 0.258627
0 3.1 0.560542 -2.76151 14.6916 -0.550411 -0.126575 1.86526 -1.5957 -2.4877 10.0012 -0.438447 -0.205331 1.40671
1 3.1 0.496714 -2.86101 15.0917 -0.574599 -0.104145 1.91793 -0.325269 -1.79804 7.31995 -0.0458737 -1.54301 1.44882
4 3.1 1.5 0 1.5 0 0 1.57075 0 0 0 0 0 0
5 3.1 50 0.00522923 13
6 3.1 -165.809 0.415624 -1.48359 0.134547
0 3.11 0.541883 -2.79603 14.8149 -0.558123 -0.119325 1.88269 -1.62612 -2.4957 9.95135 -0.434778 -0.22463 1.45514
1 3.11 0.476838 -2.89586 15.2129 -0.582004 -0.0961211 1.93721 -0.345009 -1.79534 7.2781 -0.0434196 -1.42204 1.54475
4 3.11 1.5 0 1.5 0 0 1.57075 0 0 0 0 0 0
5 3.11 50 0.00547004 14
6 3.11 -165.874 0.411154 -1.32133 0.286188
0 3.12 0.526521 -2.82628 14.9172 -0.56399 -0.113619 1.89654 -1.65114 -2.51465 9.89468 -0.438776 -0.246884 1.50004
1 3.12 0.460475 -2.92686 15.313 -0.587929 -0.0898906 1.95289 -0.359226 -1.80366 7.22229 -0.0448975 -1.46936 1.56096
4 3.12 1.5 0 1.5 0 0 1.57075 0 0 0 0 0 0
5 3.12 50 0.00531721 13
6 3.12 -166.313 0.410417 -1.34799 0.194596
0 3.14 0.507999 -2.85979 15.034 -0.576994 -0.102116 1.92689 -1.68231 -2.53242 9.83405 -0.511492 -0.350398 1.5706
1 3.14 0.440706 -2.96108 15.4274 -0.603632 -0.0795918 1.98751 -0.367974 -1.79473 7.16581 -0.0504883 -1.55644 1.57545
4 3.14 1.5 0 1.5 0 0 1.57075 0 0 0 0 0 0
5 3.14 50 0.0052073 13
6 3.14 -167.193 0.4708 -1.31708 0.0156701
0 3.15 0.490016 -2.89336 15.1463 -0.581646 -0.0986068 1.93742 -1.71053 -2.5496 9.7971 -0.534533 -0.403354 1.59792
1 3.15 0.421595 -2.99534 15.5382 -0.609187 -0.0769719 1.99999 -0.384341 -1.79863 7.12352 -0.0524303 -1.57014 1.58345
4 3.15 1.5 0 1.5 0 0 1.57075 0 0 0 0 0 0
5 3.15 50 0.00545239 13
6 3.15 -168.036 0.486701 -1.26783 -0.0459736
0 3.16 0.469703 -2.92895 15.2682 -0.589235 -0.093058 1.95472 -1.74267 -2.56595 9.75255 -0.553668 -0.439187 1.61967
1 3.16 0.399997 -3.03158 15.6583 -0.617319 -0.0716594 2.01862 -0.402339 -1.79487 7.07883 -0.0530888 -1.61392 1.56659
4 3.16 1.5 0 1.5 0 0 1.57075 0 0 0 0 0 0
5 3.16 50 0.00558424 14
6 3.16 -168.804 0.501909 -1.27342 -0.169182
0 3.17 0.446281 -2.97045 15.4062 -0.595841 -0.0882908 1.96988 -1.78032 -2.5828 9.69193 -0.565606 -0.475415 1.65246
1 3.17 0.375068 -3.07376 15.7939 -0.624253 -0.0669356 2.03551 -0.423355 -1.79065 7.0105 -0.0583309 -1.72497 1.54973
4 3.17 1.5 0 1.5 0 0 1.57075 0 0 0 0 0 0
5 3.17 50 0.00676727 16
6 3.17 -170.056 0.503326 -1.35612 -0.327651
0 3.19 0.419804 -3.01393 15.5545 -0.610262 -0.077436 2.00452 -1.82176 -2.59933 9.62259 -0.564369 -0.542442 1.74912
1 3.19 0.346934 -3.1179 15.9394 -0.63825 -0.0551217 2.0745 -0.44458 -1.76651 6.94956 -0.0617351 -1.85796 1.52267
4 3.19 1.5 0 1.5 0 0 1.57075 0 0 0 0 0 0
5 3.19 50 0.00665236 17
6 3.19 -170.969 0.484783 -1.42744 -0.722594
0 3.2 0.392402 -3.06057 15.7057 -0.61891 -0.0705387 2.02672 -1.86314 -2.61846 9.55336 -0.557955 -0.570312 1.78232
1 3.2 0.317876 -3.16531 16.0878 -0.646266 -0.0477595 2.0982 -0.472789 -1.75729 6.88168 -0.0633474 -1.93659 1.47914
4 3.2 1.5 0 1.5 0 0 1.57075 0 0 0 0 0 0
5 3.2 50 0.00842953 15
6 3.2 -171.826 0.470265 -1.48508 -0.967541
