3 4.2 -10 0 0 0 0 0 0 0 0 0 0 0 0
0 4.2 -1.13882 -0.132338 0.941673 -0.024468 0.0363671 1.56434 -0.0385805 0.114494 0.0761939 -0.00749044 0.0205914 -0.00334591
1 4.2 -1.14036 -0.127759 0.944721 -0.0247732 0.0371873 1.56418 -0.0506882 0.132735 0.183007 0.836777 -0.115737 0.0749045
4 4.2 1.5 0 1.5 0 0 1.57075 0 0 0 0 0 0
5 4.2 50 0.00299478 3
6 4.2 30.6062 0.944652 -0.156415 0.249814
0 4.21 -1.13891 -0.13212 0.941872 -0.024549 0.0365441 1.56429 -0.0394814 0.114949 0.0772519 -0.0107535 0.0198503 -0.000639324
1 4.21 -1.14049 -0.127522 0.944962 -0.0249808 0.0373373 1.56425 -0.0516213 0.133269 0.183775 0.837384 -0.114196 0.0801506
4 4.21 1.5 0 1.5 0 0 1.57075 0 0 0 0 0 0
5 4.21 50 0.00242209 3
6 4.21 30.5887 0.948987 -0.153795 0.257922
0 4.22 -1.13881 -0.132481 0.941692 -0.0245493 0.0367129 1.56419 -0.0397299 0.115101 0.0784501 0.0122532 0.00738258 -0.00409396
1 4.22 -1.1404 -0.127877 0.94483 -0.0240654 0.0370041 1.56402 -0.0518745 0.133517 0.185268 0.837995 -0.109091 0.0891125
4 4.22 1.5 0 1.5 0 0 1.57075 0 0 0 0 0 0
5 4.22 50 0.0024786 3
6 4.22 30.6069 0.923926 -0.133629 0.297562
0 4.23 -1.13885 -0.13243 0.941806 -0.0238504 0.0364564 1.56417 -0.0391851 0.115098 0.0818016 0.114511 -0.0453073 0.000757596
1 4.23 -1.14041 -0.127826 0.945078 -0.0192673 0.0346453 1.56424 -0.0510214 0.133447 0.190332 0.851281 -0.110166 0.0872876
4 4.23 1.5 0 1.5 0 0 1.57075 0 0 0 0 0 0
5 4.23 50 0.00269294 3
6 4.23 30.7111 0.824374 -0.074421 0.276241
0 4.25 -1.13874 -0.132754 0.941722 -0.0187006 0.0341166 1.56449 -0.035755 0.110978 0.0841929 0.442627 -0.196821 0.0263892
1 4.25 -1.14017 -0.128315 0.94509 -0.000954501 0.0262649 1.56569 -0.0451735 0.128415 0.20096 0.865039 -0.101508 0.0906554
4 4.25 1.5 0 1.5 0 0 1.57075 0 0 0 0 0 0
5 4.25 50 0.00302815 3
6 4.25 31.2101 0.472215 0.108385 0.205071
0 4.26 -1.13875 -0.132632 0.941969 -0.0106083 0.0306606 1.56492 -0.0322531 0.108589 0.087169 0.764263 -0.303039 0.0401368
1 4.26 -1.14004 -0.128288 0.945456 0.0200153 0.0185568 1.56665 -0.0381846 0.126061 0.263291 0.817218 -0.121007 -0.0343189
4 4.26 1.5 0 1.5 0 0 1.57075 0 0 0 0 0 0
5 4.26 50 0.00137877 1
6 4.26 34.8403 0.0582568 0.206305 -0.237963
0 4.27 -1.13858 -0.132982 0.941924 -0.00217589 0.0275378 1.5654 -0.0288502 0.106727 0.0886927 0.936375 -0.332283 0.0581076
1 4.27 -1.13973 -0.128713 0.945472 0.0353439 0.0142515 1.56776 -0.0300239 0.122673 0.274977 0.812214 -0.105371 -0.0392137
4 4.27 1.5 0 1.5 0 0 1.57075 0 0 0 0 0 0
5 4.27 50 0.00200558 1
6 4.27 35.458 -0.140504 0.255828 -0.311052
0 4.28 -1.13849 -0.132881 0.942258 0.00844678 0.0241027 1.56616 -0.0241848 0.105592 0.0895375 1.11248 -0.322563 0.0817444
1 4.28 -1.13945 -0.128658 0.945839 0.0530223 0.011173 1.56932 -0.0191289 0.119805 0.287699 0.808607 -0.0643461 -0.00810862
4 4.28 1.5 0 1.5 0 0 1.57075 0 0 0 0 0 0
5 4.28 50 0.00185204 1
6 4.28 36.1837 -0.342166 0.288715 -0.287264
0 4.29 -1.13825 -0.133213 0.942269 0.0198908 0.021038 1.567 -0.0196001 0.104819 0.0920127 1.18238 -0.293355 0.0920406
1 4.29 -1.13903 -0.129021 0.94595 0.0672585 0.00923294 1.57045 -0.00764432 0.117366 0.298073 0.786738 -0.0718829 -0.0369608
4 4.29 1.5 0 1.5 0 0 1.57075 0 0 0 0 0 0
5 4.29 50 0.001616 1
6 4.29 36.671 -0.444895 0.245073 -0.412231
0 4.31 -1.13807 -0.133106 0.942664 0.0441116 0.0159444 1.56862 -0.014451 0.10428 0.0987608 1.2192 -0.229013 0.0842591
1 4.31 -1.13865 -0.128935 0.946615 0.092927 0.00664422 1.57159 0.0124778 0.113941 0.315879 0.744801 -0.0430047 -0.0410205
4 4.31 1.5 0 1.5 0 0 1.57075 0 0 0 0 0 0
5 4.31 50 0.00145745 1
6 4.31 37.3741 -0.532392 0.204891 -0.400273
0 4.32 -1.13762 -0.133467 0.942852 0.0561278 0.0136394 1.56928 -0.00826021 0.103127 0.108375 1.18734 -0.225003 0.0731327
1 4.32 -1.13795 -0.129342 0.947187 0.103655 0.00448934 1.5717 0.0261028 0.111413 0.327279 0.727542 -0.0203114 -0.0432279
4 4.32 1.5 0 1.5 0 0 1.57075 0 0 0 0 0 0
5 4.32 50 0.00156355 1
6 4.32 37.5049 -0.515823 0.227645 -0.371785
0 4.33 -1.13724 -0.133364 0.943527 0.0701572 0.0107004 1.56974 -0.0011006 0.10181 0.1211 1.09998 -0.23808 0.0407751
1 4.33 -1.13728 -0.129292 0.948371 0.114167 0.00108628 1.57069 0.0417855 0.108293 0.338849 0.687665 -0.0195617 -0.0902456
4 4.33 1.5 0 1.5 0 0 1.57075 0 0 0 0 0 0
5 4.33 50 0.00127697 1
6 4.33 37.466 -0.462134 0.246991 -0.418581
0 4.35 -1.13641 -0.133786 0.944176 0.0855651 0.00688402 1.56964 0.00856647 0.0990923 0.13619 0.968581 -0.265188 -0.00550039
1 4.35 -1.13607 -0.129822 0.949623 0.124301 -0.0036659 1.56851 0.0605788 0.103206 0.350105 0.644133 -0.0326653 -0.160009
4 4.35 1.5 0 1.5 0 0 1.57075 0 0 0 0 0 0
5 4.35 50 0.00163937 1
6 4.35 37.274 -0.362909 0.267221 -0.493559
0 4.36 -1.1359 -0.133785 0.944937 0.0946631 0.00435901 1.56918 0.0158428 0.0974953 0.147286 0.901078 -0.251009 -0.0226649
1 4.36 -1.13526 -0.129885 0.950828 0.130698 -0.0055507 1.56733 0.0731707 0.100035 0.358626 0.620843 -0.00579876 -0.155818
4 4.36 1.5 0 1.5 0 0 1.57075 0 0 0 0 0 0
5 4.36 50 0.00164795 1
6 4.36 37.1457 -0.313091 0.283029 -0.425349
0 4.37 -1.1352 -0.134218 0.945381 0.106123 0.00136073 1.56811 0.0240329 0.0953771 0.158851 0.762374 -0.193704 -0.0674647
1 4.37 -1.13423 -0.130403 0.951735 0.136613 -0.00605798 1.56461 0.0877252 0.0960197 0.364353 0.585377 -0.00344507 -0.151095
4 4.37 1.5 0 1.5 0 0 1.57075 0 0 0 0 0 0
5 4.37 50 0.00138426 1
6 4.37 36.8287 -0.196973 0.222554 -0.267156
0 4.38 -1.13436 -0.134294 0.946523 0.111315 0.000225688 1.56729 0.0359521 0.0933652 0.177836 0.679952 -0.150657 -0.0947742
1 4.38 -1.13292 -0.130559 0.953637 0.138512 -0.00534217 1.56286 0.102081 0.0932671 0.377053 0.569437 0.00298072 -0.125914
4 4.38 1.5 0 1.5 0 0 1.57075 0 0 0 0 0 0
5 4.38 50 0.00132418 1
6 4.38 36.4622 -0.122488 0.181617 -0.0995308
0 4.39 -1.13327 -0.134752 0.947517 0.119549 -0.00118382 1.56552 0.0498734 0.0903595 0.200603 0.609257 -0.106976 -0.124803
1 4.39 -1.13128 -0.131138 0.955541 0.143926 -0.00483694 1.56005 0.120253 0.0892944 0.394142 0.545034 -0.0160375 -0.11496
4 4.39 1.5 0 1.5 0 0 1.57075 0 0 0 0 0 0
5 4.39 50 0.00174117 1
6 4.39 36.1468 -0.0707678 0.110643 0.0313517
0 4.4 -1.13236 -0.13483 0.948825 0.122658 -0.0015899 1.56468 0.0623407 0.0882668 0.222738 0.588657 -0.0919454 -0.138317
1 4.4 -1.12986 -0.131299 0.957734 0.146214 -0.00456316 1.55873 0.126043 0.0870552 0.347132 0.569534 -0.000664959 -0.0942663
4 4.4 1.5 0 1.5 0 0 1.57075 0 0 0 0 0 0
5 4.4 50 0.00179601 2
6 4.4 31.8933 -0.0203566 0.111482 0.140572
0 4.42 -1.13073 -0.135322 0.950657 0.134082 -0.00216723 1.56076 0.0830782 0.0849772 0.26268 0.490796 -0.0210032 -0.18232
1 4.42 -1.12741 -0.131923 0.961164 0.15373 -0.00202491 1.55342 0.147972 0.0832828 0.351466 0.55359 0.00874192 -0.0873979
4 4.42 1.5 0 1.5 0 0 1.57075 0 0 0 0 0 0
5 4.42 50 0.00225163 2
6 4.42 29.7396 0.070574 0.0415493 0.303028
0 4.43 -1.12934 -0.135367 0.952939 0.138484 -0.00207675 1.55903 0.101282 0.0822019 0.301429 0.472679 -0.0140386 -0.186056
1 4.43 -1.12529 -0.132079 0.964996 0.157407 -0.00160558 1.55158 0.166194 0.0804706 0.374876 0.547152 0.0113468 -0.080166
4 4.43 1.5 0 1.5 0 0 1.57075 0 0 0 0 0 0
5 4.43 50 0.00196695 2
6 4.43 28.809 0.0835414 0.0364197 0.338047
0 4.44 -1.12668 -0.136128 0.9563 0.143159 -0.001885 1.55722 0.129482 0.0736736 0.357434 0.460394 -0.00438398 -0.184252
1 4.44 -1.1215 -0.133181 0.970597 0.161588 -0.00100707 1.5499 0.195073 0.0719248 0.42019 0.53421 0.0150825 -0.0595619
4 4.44 1.5 0 1.5 0 0 1.57075 0 0 0 0 0 0
5 4.44 50 0.00116968 1
6 4.44 28.1665 0.0826592 0.0293703 0.398071
0 4.46 -1.12396 -0.136373 0.960909 0.153464 -0.00156857 1.55354 0.158368 0.0677536 0.418675 0.482838 -0.0123864 -0.152158
1 4.46 -1.11763 -0.133663 0.977656 0.172787 -0.00112784 1.54745 0.223029 0.0659819 0.444441 0.526907 0.0263519 -0.0683606
4 4.46 1.5 0 1.5 0 0 1.57075 0 0 0 0 0 0
5 4.46 50 0.00121117 1
6 4.46 25.9173 0.0494625 0.050539 0.267516
0 4.47 -1.12215 -0.137011 0.963081 0.157165 -0.0015983 1.5525 0.178721 0.0636429 0.462431 0.496677 -0.0230978 -0.133369
1 4.47 -1.115 -0.134465 0.981578 0.177041 -0.00167583 1.54709 0.242121 0.0618431 0.470244 0.524749 0.0312491 -0.0741586
4 4.47 1.5 0 1.5 0 0 1.57075 0 0 0 0 0 0
5 4.47 50 0.000874758 0
6 4.47 25.9173 0.0494625 0.050539 0.267516
0 4.48 -1.12015 -0.137381 0.966256 0.162551 -0.00174585 1.5512 0.200162 0.0599184 0.510059 0.50488 -0.031365 -0.111125
1 4.48 -1.11214 -0.134984 0.986658 0.182754 -0.00226455 1.54661 0.266488 0.057912 0.522252 0.504973 0.0316625 -0.0466923
4 4.48 1.5 0 1.5 0 0 1.57075 0 0 0 0 0 0
5 4.48 50 0.0164864 20
6 4.48 25.1124 0.000388863 0.0769664 0.205683
0 4.5 -1.11715 -0.137545 0.971999 0.166274 -0.00192613 1.55048 0.229911 0.0553815 0.578535 0.50939 -0.0403673 -0.0882724
1 4.5 -1.10795 -0.13533 0.995141 0.186656 -0.00293417 1.54673 0.296702 0.0532571 0.584293 0.493692 0.0345292 -0.0303497
4 4.5 1.5 0 1.5 0 0 1.57075 0 0 0 0 0 0
5 4.5 50 0.0158427 20
6 4.5 24.7283 -0.0172728 0.0896601 0.184895
0 4.51 -1.11175 -0.138783 0.980485 0.177322 -0.00260589 1.54882 0.281064 0.0483156 0.69535 0.517132 -0.0370372 -0.0671795
1 4.51 -1.10051 -0.13685 1.0083 0.198015 -0.00359015 1.54592 0.350422 0.0457819 0.690197 0.462394 0.0422478 -0.0132157
4 4.51 1.5 0 1.5 0 0 1.57075 0 0 0 0 0 0
5 4.51 50 0.015461 20
6 4.51 24.0968 -0.0610425 0.093847 0.172258
0 4.53 -1.10319 -0.140373 0.995132 0.188366 -0.00316039 1.54762 0.338063 0.0411891 0.822668 0.493353 -0.029086 -0.0526137
1 4.53 -1.08967 -0.138726 1.02804 0.208108 -0.00390917 1.54533 0.409438 0.0383499 0.804938 0.42718 0.0505265 -0.000272907
4 4.53 1.5 0 1.5 0 0 1.57075 0 0 0 0 0 0
5 4.53 50 0.0151711 20
6 4.53 23.3619 -0.073917 0.0934942 0.167082
0 4.55 -1.10007 -0.141098 1.00012 0.193415 -0.00334662 1.54709 0.364763 0.0379307 0.88111 0.483197 -0.0241656 -0.0484646
1 4.55 -1.08548 -0.139581 1.03537 0.21275 -0.0039226 1.545 0.436984 0.0349831 0.857691 0.410778 0.0541919 0.00406923
4 4.55 1.5 0 1.5 0 0 1.57075 0 0 0 0 0 0
5 4.55 50 0.0159409 20
6 4.55 23.0296 -0.0809342 0.0918437 0.167701
0 4.56 -1.09668 -0.141565 1.00641 0.198105 -0.00346958 1.54673 0.391354 0.0350136 0.939452 0.464379 -0.0157992 -0.0335996
1 4.56 -1.08103 -0.140164 1.04399 0.216686 -0.00382467 1.54528 0.464203 0.0319993 0.910211 0.394621 0.0579574 0.0151492
4 4.56 1.5 0 1.5 0 0 1.57075 0 0 0 0 0 0
5 4.56 50 0.0146427 20
6 4.56 22.6873 -0.0780098 0.0859168 0.155622
0 4.58 -1.09234 -0.142422 1.01382 0.20596 -0.00349142 1.54622 0.422636 0.0314971 1.00777 0.424279 0.00370197 -0.0279251
1 4.58 -1.07544 -0.141162 1.05413 0.222935 -0.00311803 1.54516 0.497 0.0284254 0.971563 0.368284 0.0632976 0.0212635
4 4.58 1.5 0 1.5 0 0 1.57075 0 0 0 0 0 0
5 4.58 50 0.014703 20
6 4.58 22.2881 -0.0626625 0.0693581 0.157036
0 4.59 -1.08162 -0.144042 1.03357 0.212868 -0.00329042 1.54585 0.496471 0.0234073 1.17519 0.382796 0.00967134 -0.0160816
1 4.59 -1.06176 -0.143106 1.08058 0.228182 -0.0027764 1.5453 0.569786 0.0204608 1.12222 0.339082 0.0710585 0.0324957
4 4.59 1.5 0 1.5 0 0 1.57075 0 0 0 0 0 0
5 4.59 50 0.0149877 20
6 4.59 21.2702 -0.0489257 0.0709414 0.155087
0 4.61 -1.0739 -0.144784 1.04917 0.220466 -0.00317462 1.54566 0.546195 0.0190937 1.2943 0.32478 0.0040249 -0.00501247
1 4.61 -1.05205 -0.14402 1.10094 0.233457 -0.00297368 1.5455 0.619484 0.0162117 1.22914 0.310906 0.075155 0.0411722
4 4.61 1.5 0 1.5 0 0 1.57075 0 0 0 0 0 0
5 4.61 50 0.0143871 20
6 4.61 20.5407 -0.0155252 0.0817442 0.147446
0 4.63 -1.06455 -0.146277 1.0665 0.223466 -0.00316557 1.54576 0.601221 0.0137045 1.42789 0.301104 0.00124336 0.00715889
1 4.63 -1.04051 -0.145729 1.12362 0.235509 -0.00318053 1.54605 0.672506 0.0109254 1.34936 0.295487 0.0810447 0.0507969
4 4.63 1.5 0 1.5 0 0 1.57075 0 0 0 0 0 0
5 4.63 50 0.015115 20
6 4.63 19.7151 -0.00628415 0.0913791 0.139315
0 4.64 -1.05712 -0.147179 1.08134 0.226331 -0.00321206 1.54588 0.647797 0.00657455 1.53486 0.289398 -0.000734548 0.0122024
1 4.64 -1.03121 -0.146916 1.14274 0.237906 -0.00335022 1.54635 0.717539 0.00386256 1.44551 0.280791 0.0878674 0.0562755
4 4.64 1.5 0 1.5 0 0 1.57075 0 0 0 0 0 0
5 4.64 50 0.014678 20
6 4.64 19.0481 -0.00963093 0.101362 0.140703
0 4.66 -1.04585 -0.148928 1.10279 0.232097 -0.00345681 1.54635 0.70997 -0.00133832 1.68564 0.261448 0.00159533 0.0338761
1 4.66 -1.01745 -0.148981 1.17022 0.24255 -0.00370639 1.54768 0.77793 -0.00399498 1.58096 0.256172 0.0980368 0.0724517
4 4.66 1.5 0 1.5 0 0 1.57075 0 0 0 0 0 0
5 4.66 50 0.0120323 20
6 4.66 18.1084 -0.00589919 0.109915 0.123153
0 4.67 -1.038 -0.149869 1.11876 0.233647 -0.00352033 1.54658 0.752975 -0.00619667 1.79334 0.250559 0.0011826 0.0349545
1 4.67 -1.00788 -0.150117 1.1905 0.243665 -0.00379803 1.54796 0.819063 -0.0087756 1.67881 0.249611 0.105494 0.0444722
4 4.67 1.5 0 1.5 0 0 1.57075 0 0 0 0 0 0
5 4.67 50 0.000658512 0
6 4.67 18.1084 -0.00589919 0.109915 0.123153
0 4.68 -1.02894 -0.151274 1.13626 0.236597 -0.00367433 1.54711 0.806785 -0.0117524 1.93295 0.229655 0.00367023 0.0409869
1 4.68 -0.996673 -0.151744 1.21357 0.245777 -0.0039159 1.54874 0.868171 -0.0141429 1.7953 0.217492 0.11304 0.220956
4 4.68 1.5 0 1.5 0 0 1.57075 0 0 0 0 0 0
5 4.68 50 0.00174904 1
6 4.68 16.0512 -0.0135974 0.124702 0.574553
0 4.69 -1.0166 -0.152575 1.16258 0.241299 -0.00410906 1.54785 0.875267 -0.017401 2.11969 0.211814 -0.0242249 0.0447707
1 4.69 -0.981593 -0.153271 1.24736 0.249765 -0.00547792 1.54936 0.922657 -0.0192807 1.91998 0.164256 0.128719 0.607164
4 4.69 1.5 0 1.5 0 0 1.57075 0 0 0 0 0 0
5 4.69 50 0.00163937 1
6 4.69 12.1546 -0.0533022 0.17469 1.79543
0 4.7 -1.00506 -0.154232 1.18581 0.242817 -0.00447559 1.54814 0.932897 -0.0219264 2.27813 0.207659 -0.0371233 0.0486401
1 4.7 -0.967746 -0.155109 1.27693 0.251117 -0.00638475 1.54967 0.970584 -0.0234619 2.03798 0.142683 0.112893 0.518645
4 4.7 1.5 0 1.5 0 0 1.57075 0 0 0 0 0 0
5 4.7 50 0.00342679 2
6 4.7 9.6068 -0.0728501 0.171279 1.50048
0 4.71 -0.992681 -0.155569 1.21264 0.244823 -0.00508678 1.54849 0.992684 -0.026373 2.44695 0.200887 -0.0562715 0.0493922
1 4.71 -0.952974 -0.156624 1.31052 0.252851 -0.00774939 1.54987 1.01807 -0.0274567 2.15624 0.117783 0.0963742 0.389992
4 4.71 1.5 0 1.5 0 0 1.57075 0 0 0 0 0 0
5 4.71 50 0.00278258 2
6 4.71 6.41999 -0.0932123 0.174311 1.08735
0 4.72 -0.983416 -0.156905 1.23156 0.247089 -0.00622701 1.54893 1.03928 -0.0298736 2.57766 0.174046 -0.0921028 0.059932
1 4.72 -0.941845 -0.1581 1.33467 0.254042 -0.0103856 1.55036 1.05107 -0.0304231 2.23206 0.118066 0.0555514 0.35201
4 4.72 1.5 0 1.5 0 0 1.57075 0 0 0 0 0 0
5 4.72 50 0.00241923 3
6 4.72 2.95649 -0.0630878 0.168542 0.932442
0 4.73 -0.972878 -0.158071 1.25462 0.248609 -0.00743678 1.54929 1.08582 -0.0331318 2.70362 0.146636 -0.122849 0.0761354
1 4.73 -0.929445 -0.159397 1.36277 0.254462 -0.012949 1.55104 1.07944 -0.0328074 2.28606 0.110701 -0.00582736 -0.0107505
4 4.73 1.5 0 1.5 0 0 1.57075 0 0 0 0 0 0
5 4.73 50 0.00163126 2
6 4.73 -1.59029 -0.0409735 0.133336 -0.277404
0 4.74 -0.960688 -0.159657 1.28046 0.249945 -0.00878238 1.54976 1.13341 -0.0365496 2.826 0.126358 -0.145157 0.0919702
1 4.74 -0.915352 -0.161119 1.3935 0.254981 -0.0153182 1.55189 1.05408 -0.0321487 2.12257 0.033078 -0.542865 -0.10829
4 4.74 1.5 0 1.5 0 0 1.57075 0 0 0 0 0 0
5 4.74 50 0.00449872 7
6 4.74 -19.662 -0.105464 -0.457264 -0.639352
0 4.76 -0.945966 -0.161107 1.31355 0.25296 -0.0131929 1.55175 1.18419 -0.0402092 2.95307 0.114935 -0.168433 0.154285
1 4.76 -0.898598 -0.162716 1.43167 0.257501 -0.0212603 1.55604 1.09039 -0.0336295 2.19744 0.0167309 -0.472439 -0.0303018
4 4.76 1.5 0 1.5 0 0 1.57075 0 0 0 0 0 0
5 4.76 50 0.00492549 6
6 4.76 -22.9814 -0.112007 -0.350264 -0.589315
0 4.77 -0.930016 -0.163106 1.34789 0.253564 -0.0142785 1.55236 1.23047 -0.0442999 3.06521 0.105307 -0.174503 0.166398
1 4.77 -0.880797 -0.164878 1.4705 0.257709 -0.022705 1.55706 1.12189 -0.0363074 2.25334 0.00693036 -0.388219 0.0843118
4 4.77 1.5 0 1.5 0 0 1.57075 0 0 0 0 0 0
5 4.77 50 0.00308943 6
6 4.77 -26.5436 -0.11245 -0.246655 -0.26208
0 4.78 -0.912894 -0.164839 1.38639 0.254624 -0.0165608 1.55354 1.27791 -0.048729 3.17937 0.0949954 -0.212608 0.161298
1 4.78 -0.861777 -0.166788 1.51356 0.258356 -0.0264161 1.55764 1.15337 -0.0386443 2.30794 0.0359958 -0.37326 0.171549
4 4.78 1.5 0 1.5 0 0 1.57075 0 0 0 0 0 0
5 4.78 50 0.00508118 6
6 4.78 -30.3226 -0.0688205 -0.185591 0.032704
0 4.79 -0.897562 -0.166757 1.41946 0.255746 -0.019953 1.55459 1.32133 -0.0535498 3.28147 0.0790796 -0.269319 0.146978
1 4.79 -0.844709 -0.168899 1.55072 0.25885 -0.0318626 1.55756 1.1866 -0.0410698 2.37316 0.0446031 -0.246906 0.27351
4 4.79 1.5 0 1.5 0 0 1.57075 0 0 0 0 0 0
5 4.79 50 0.00519705 7
6 4.79 -32.6679 -0.0418142 0.0247501 0.403929
0 4.81 -0.881242 -0.168401 1.45628 0.256843 -0.0270535 1.55512 1.36657 -0.0587142 3.39089 0.0316275 -0.381646 0.101155
1 4.81 -0.826579 -0.17075 1.59192 0.258107 -0.0428464 1.55516 1.21819 -0.0410772 2.43274 -0.00037401 -0.180866 0.33642
4 4.81 1.5 0 1.5 0 0 1.57075 0 0 0 0 0 0
5 4.81 50 0.00460148 6
6 4.81 -35.8402 -0.0389649 0.230094 0.751069
0 4.82 -0.865333 -0.170426 1.49061 0.25684 -0.0303785 1.55501 1.40604 -0.0638555 3.49028 -0.00162599 -0.414 0.0973231
1 4.82 -0.809091 -0.17298 1.63022 0.256788 -0.0473842 1.55457 1.21534 -0.0387445 2.37068 0.0137624 -0.159619 0.330139
4 4.82 1.5 0 1.5 0 0 1.57075 0 0 0 0 0 0
5 4.82 50 0.00335813 4
6 4.82 -46.0726 0.013922 0.29187 0.743265
0 4.83 -0.842016 -0.172858 1.54341 0.25662 -0.0345984 1.55488 1.46522 -0.0726541 3.6497 -0.0241679 -0.440475 0.0978647
1 4.83 -0.783407 -0.175764 1.6894 0.255677 -0.052634 1.55419 1.24375 -0.0398637 2.41191 -0.150433 -0.179205 0.901175
4 4.83 1.5 0 1.5 0 0 1.57075 0 0 0 0 0 0
5 4.83 50 0.00735736 10
6 4.83 -53.5652 -0.144805 0.299958 2.56458
0 4.84 -0.824951 -0.175082 1.58054 0.255999 -0.0405326 1.55453 1.52412 -0.0850943 3.79566 -0.0628604 -0.484633 0.0922936
1 4.84 -0.763987 -0.178485 1.73236 0.253539 -0.060221 1.55319 1.29115 -0.045138 2.51158 -0.167254 0.297973 0.204553
4 4.84 1.5 0 1.5 0 0 1.57075 0 0 0 0 0 0
5 4.84 50 0.00197482 2
6 4.84 -56.5021 -0.120466 0.898383 0.358423
0 4.85 -0.809929 -0.176784 1.6146 0.255341 -0.045848 1.55419 1.57086 -0.0950492 3.91633 -0.0802833 -0.500764 0.0988393
1 4.85 -0.747094 -0.180586 1.77125 0.252186 -0.0662277 1.55296 1.31991 -0.0466797 2.56064 -0.268724 0.0983029 0.224033
4 4.85 1.5 0 1.5 0 0 1.57075 0 0 0 0 0 0
5 4.85 50 0.00255752 2
6 4.85 -61.0429 -0.214897 0.687981 0.399725
0 4.87 -0.788077 -0.179601 1.66308 0.25423 -0.0546953 1.55375 1.62876 -0.108917 4.06383 -0.084842 -0.501435 0.113129
1 4.87 -0.722927 -0.183957 1.82563 0.250873 -0.075246 1.55308 1.35116 -0.0455578 2.60077 -0.295862 -0.0290549 1.19312
4 4.87 1.5 0 1.5 0 0 1.57075 0 0 0 0 0 0
5 4.87 50 0.00594354 7
6 4.87 -67.8571 -0.240752 0.542768 3.44791
0 4.88 -0.772272 -0.181432 1.69937 0.25295 -0.060833 1.55368 1.66681 -0.118364 4.16456 -0.159842 -0.469591 0.124604
1 4.88 -0.7056 -0.186167 1.86596 0.246549 -0.0802663 1.55381 1.37429 -0.0442586 2.63785 -0.161986 -0.0444999 0.792959
4 4.88 1.5 0 1.5 0 0 1.57075 0 0 0 0 0 0
5 4.88 50 0.00740123 7
6 4.88 -71.8929 -0.00718641 0.489369 2.13381
0 4.89 -0.747701 -0.184775 1.75435 0.249955 -0.0665965 1.55386 1.71738 -0.132368 4.30433 -0.283404 -0.43871 0.134555
1 4.89 -0.679006 -0.190069 1.92653 0.23856 -0.0849309 1.55474 1.40369 -0.0448977 2.68028 -0.302568 -0.267287 0.23403
4 4.89 1.5 0 1.5 0 0 1.57075 0 0 0 0 0 0
5 4.89 50 0.00735998 8
6 4.89 -78.0307 -0.0262718 0.19984 0.317713
0 4.9 -0.724885 -0.187606 1.80724 0.247423 -0.0702748 1.55409 1.76056 -0.145424 4.42471 -0.335605 -0.437784 0.138206
1 4.9 -0.654462 -0.193423 1.98423 0.233923 -0.0886068 1.55517 1.41994 -0.0445792 2.68069 -0.271967 -0.685264 -0.0934209
4 4.9 1.5 0 1.5 0 0 1.57075 0 0 0 0 0 0
5 4.9 50 0.00871468 11
6 4.9 -85.598 0.0662554 -0.280092 -0.739303
0 4.92 -0.706235 -0.190339 1.84891 0.240991 -0.0784727 1.5547 1.79546 -0.157948 4.51974 -0.408866 -0.464215 0.157236
1 4.92 -0.634416 -0.196657 2.0297 0.224505 -0.0980058 1.55638 1.444 -0.0395755 2.69414 -0.21664 -0.629827 -0.0380882
4 4.92 1.5 0 1.5 0 0 1.57075 0 0 0 0 0 0
5 4.92 50 0.012279 15
6 4.92 -90.6753 0.209112 -0.184677 -0.623357
0 4.93 -0.681276 -0.193619 1.90741 0.234566 -0.0858767 1.55555 1.83721 -0.174436 4.63994 -0.479112 -0.49542 0.18987
1 4.93 -0.607787 -0.200596 2.093 0.215162 -0.106916 1.55834 1.4802 -0.0401171 2.75069 0.247756 -0.822113 -0.63031
4 4.93 1.5 0 1.5 0 0 1.57075 0 0 0 0 0 0
5 4.93 50 0.0131454 20
6 4.93 -94.612 0.805603 -0.367277 -2.61815
0 4.95 -0.662176 -0.196662 1.95032 0.232137 -0.0885348 1.55589 1.86494 -0.186632 4.71754 -0.492154 -0.509493 0.190254
1 4.95 -0.587578 -0.204128 2.13902 0.21221 -0.110119 1.55862 1.51717 -0.0506169 2.85142 0.0872463 -0.15114 -0.130049
4 4.95 1.5 0 1.5 0 0 1.57075 0 0 0 0 0 0
5 4.95 50 0.0124316 15
6 4.95 -93.1181 0.640366 0.418913 -1.02228
0 4.96 -0.638223 -0.200196 2.00618 0.224555 -0.0971706 1.55668 1.89564 -0.201569 4.80155 -0.516991 -0.58347 0.158232
1 4.96 -0.562397 -0.208259 2.19824 0.203781 -0.121333 1.55766 1.54376 -0.0462051 2.86642 0.0918187 -0.18323 0.216037
4 4.96 1.5 0 1.5 0 0 1.57075 0 0 0 0 0 0
5 4.96 50 0.0130734 9
6 4.96 -97.3852 0.673649 0.465989 0.184888
0 4.97 -0.612866 -0.204411 2.06408 0.214808 -0.109906 1.55641 1.92399 -0.217265 4.87606 -0.507269 -0.657832 0.110442
1 4.97 -0.535906 -0.213102 2.25912 0.19466 -0.136556 1.55511 1.57592 -0.0359572 2.88618 0.0826688 -0.252662 0.162782
4 4.97 1.5 0 1.5 0 0 1.57075 0 0 0 0 0 0
5 4.97 50 0.00464916 7
6 4.97 -100.755 0.654142 0.469508 0.167476
0 4.98 -0.587147 -0.208441 2.12466 0.211106 -0.11521 1.55602 1.94917 -0.233772 4.9415 -0.508928 -0.693812 0.0857377
1 4.98 -0.50918 -0.217792 2.32232 0.191034 -0.143065 1.55354 1.59698 -0.0380896 2.90329 0.0646121 -0.271579 -0.181984
4 4.98 1.5 0 1.5 0 0 1.57075 0 0 0 0 0 0
5 4.98 50 0.00551057 10
6 4.98 -103.783 0.636872 0.488057 -0.854301
0 4.99 -0.560647 -0.213235 2.18539 0.206156 -0.122227 1.55507 1.9723 -0.25065 5.00069 -0.543376 -0.721432 0.0338741
1 4.99 -0.481755 -0.223261 2.38542 0.184984 -0.15075 1.55045 1.66389 -0.0642866 3.13083 -0.103474 -2.71971 -2.22994
4 4.99 1.5 0 1.5 0 0 1.57075 0 0 0 0 0 0
5 4.99 50 0.0106475 20
6 4.99 -93.1467 0.490211 -2.29114 -7.22677
0 5.01 -0.536803 -0.21736 2.24151 0.199992 -0.130439 1.55351 1.99197 -0.267057 5.05712 -0.559031 -0.71078 0.00825575
1 5.01 -0.457124 -0.228043 2.44379 0.178329 -0.158369 1.54814 1.62564 -0.022953 2.85247 0.0698967 -0.133024 0.355687
4 5.01 1.5 0 1.5 0 0 1.57075 0 0 0 0 0 0
5 5.01 50 0.00715423 10
6 5.01 -114.228 0.703232 0.663255 1.10963
0 5.02 -0.51488 -0.221632 2.29178 0.195738 -0.135896 1.55241 2.00931 -0.284478 5.11245 -0.56071 -0.703846 -0.000716012
1 5.02 -0.434508 -0.233012 2.49628 0.174062 -0.163506 1.54686 1.6398 -0.0219146 2.84985 -0.0362972 0.0578621 -0.596106
4 5.02 1.5 0 1.5 0 0 1.57075 0 0 0 0 0 0
5 5.02 50 0.00925994 13
6 5.02 -117.866 0.586811 0.873891 -1.90033
0 5.03 -0.485636 -0.227082 2.36143 0.184814 -0.149669 1.54931 2.02946 -0.308668 5.18285 -0.582173 -0.719882 -0.0389508
1 5.03 -0.404458 -0.239429 2.56875 0.162556 -0.177688 1.54241 1.69804 -0.0324677 3.00649 -0.375662 -1.02113 -2.37237
4 5.03 1.5 0 1.5 0 0 1.57075 0 0 0 0 0 0
5 5.03 50 0.0096209 14
6 5.03 -112.417 0.23336 -0.347504 -7.44897
0 5.05 -0.461246 -0.232335 2.41774 0.179759 -0.156556 1.54729 2.05939 -0.331465 5.26078 -0.610641 -0.735537 -0.0765998
1 5.05 -0.378871 -0.245593 2.62817 0.15664 -0.184955 1.53892 1.72289 -0.0287316 3.00112 0.561589 -1.70646 -1.51878
4 5.05 1.5 0 1.5 0 0 1.57075 0 0 0 0 0 0
5 5.05 50 0.0119631 20
6 5.05 -117.682 1.31623 -1.11784 -4.60364
0 5.06 -0.435576 -0.237701 2.47863 0.173937 -0.164214 1.54479 2.08474 -0.35458 5.33323 -0.647976 -0.719853 -0.100131
1 5.06 -0.352186 -0.251885 2.69196 0.149497 -0.191881 1.53574 1.74402 -0.0206358 2.97971 -0.0767034 0.373927 -0.0186633
4 5.06 1.5 0 1.5 0 0 1.57075 0 0 0 0 0 0
5 5.06 50 0.0114412 20
6 5.06 -123.622 0.645097 1.24954 0.260615
0 5.07 -0.418589 -0.241578 2.51787 0.167966 -0.17053 1.54232 2.0988 -0.374432 5.37764 -0.731733 -0.671098 -0.147526
1 5.07 -0.334637 -0.256556 2.73298 0.140471 -0.196009 1.53186 1.74627 -0.000920381 2.87538 -0.0830406 0.207751 -0.340092
4 5.07 1.5 0 1.5 0 0 1.57075 0 0 0 0 0 0
5 5.07 50 0.0101554 15
6 5.07 -133.003 0.733926 0.999369 -0.614208
0 5.08 -0.40061 -0.245567 2.56084 0.162939 -0.17512 1.54022 2.10996 -0.393391 5.41547 -0.774278 -0.658875 -0.189136
1 5.08 -0.316212 -0.261303 2.77746 0.134045 -0.199899 1.5283 1.75974 0.00127167 2.85403 -0.0440339 0.39473 -0.75301
4 5.08 1.5 0 1.5 0 0 1.57075 0 0 0 0 0 0
5 5.08 50 0.0120907 20
6 5.08 -136.728 0.827271 1.19668 -1.79959
0 5.1 -0.366264 -0.253947 2.64225 0.144733 -0.190131 1.53203 2.12595 -0.422175 5.46967 -0.847028 -0.644232 -0.260836
1 5.1 -0.281226 -0.270834 2.86103 0.113555 -0.214126 1.51773 1.8465 -0.0292316 3.09335 -0.200326 0.343836 0.402968
4 5.1 1.5 0 1.5 0 0 1.57075 0 0 0 0 0 0
5 5.1 50 0.0113456 20
6 5.1 -125.053 0.737346 1.11531 2.11981
0 5.11 -0.337476 -0.26086 2.71222 0.136747 -0.196261 1.52796 2.1359 -0.446983 5.51014 -0.883172 -0.649518 -0.311964
1 5.11 -0.25204 -0.27874 2.93262 0.104582 -0.220298 1.51174 1.86681 -0.0287094 3.07386 -0.120647 0.332596 0.392568
4 5.11 1.5 0 1.5 0 0 1.57075 0 0 0 0 0 0
5 5.11 50 0.012711 20
6 5.11 -128.841 0.869771 1.10395 2.24987
0 5.12 -0.311475 -0.26783 2.7738 0.128705 -0.202273 1.52374 2.13919 -0.475264 5.5447 -0.906332 -0.656344 -0.334937
1 5.12 -0.225907 -0.28684 2.99559 0.0958673 -0.22659 1.50674 1.84827 0.0267191 2.77397 0.126041 0.489687 0.317955
4 5.12 1.5 0 1.5 0 0 1.57075 0 0 0 0 0 0
5 5.12 50 0.0119674 20
6 5.12 -149.945 1.17311 1.28969 2.08503
0 5.13 -0.28541 -0.274739 2.83776 0.120662 -0.20817 1.51948 2.13984 -0.503135 5.57823 -0.931318 -0.661125 -0.358311
1 5.13 -0.199816 -0.294864 3.06089 0.0870876 -0.232698 1.50168 1.86769 0.0205542 2.77595 -0.110786 0.649164 1.16383
4 5.13 1.5 0 1.5 0 0 1.57075 0 0 0 0 0 0
5 5.13 50 0.0144536 20
6 5.13 -151.967 0.937478 1.47565 4.86013
0 5.15 -0.262209 -0.28163 2.89287 0.103512 -0.22038 1.51018 2.13964 -0.526867 5.60595 -0.991378 -0.663718 -0.387397
1 5.15 -0.176623 -0.302705 3.11711 0.067924 -0.245185 1.49157 1.91016 0.0426874 2.73783 0.126703 0.26979 -1.07909
4 5.15 1.5 0 1.5 0 0 1.57075 0 0 0 0 0 0
5 5.15 50 0.0137031 20
6 5.15 -156.232 1.27206 1.03918 -2.20748
0 5.16 -0.236826 -0.289095 2.95519 0.0940517 -0.226948 1.50542 2.13721 -0.553382 5.63602 -1.0273 -0.677126 -0.371049
1 5.16 -0.151337 -0.311231 3.18063 0.0569593 -0.25252 1.48764 1.93427 0.0360333 2.7541 -0.162488 0.532018 0.412274
4 5.16 1.5 0 1.5 0 0 1.57075 0 0 0 0 0 0
5 5.16 50 0.012275 20
6 5.16 -157.191 0.9882 1.35566 2.50155
0 5.17 -0.210533 -0.297497 3.01878 0.084939 -0.233268 1.50144 2.1324 -0.582066 5.66396 -1.07386 -0.703333 -0.321627
1 5.17 -0.125237 -0.32078 3.24534 0.0455975 -0.260208 1.48581 1.95222 0.0362125 2.72811 0.26061 0.136106 0.938241
4 5.17 1.5 0 1.5 0 0 1.57075 0 0 0 0 0 0
5 5.17 50 0.0119452 20
6 5.17 -160.702 1.51165 0.934461 4.02299
0 5.19 -0.183937 -0.305978 3.08534 0.0775761 -0.238296 1.49869 2.12591 -0.611171 5.69036 -1.0894 -0.706873 -0.302694
1 5.19 -0.0989007 -0.330425 3.31296 0.0374647 -0.265548 1.48401 1.96367 0.034934 2.69315 0.0915737 -0.0808739 1.53012
4 5.19 1.5 0 1.5 0 0 1.57075 0 0 0 0 0 0
5 5.19 50 0.00970864 15
6 5.19 -164.679 1.3389 0.690872 5.85214
0 5.2 -0.16037 -0.31426 3.14297 0.0637136 -0.247664 1.49435 2.12025 -0.636186 5.7118 -1.13385 -0.726982 -0.233207
1 5.2 -0.0755598 -0.339708 3.37144 0.0211818 -0.276091 1.48284 1.99858 0.0394362 2.69198 -0.291402 0.370497 2.35577
4 5.2 1.5 0 1.5 0 0 1.57075 0 0 0 0 0 0
5 5.2 50 0.0040834 6
6 5.2 -166.332 0.956486 1.23723 8.26625
0 5.21 -0.132869 -0.323901 3.21248 0.0448023 -0.260273 1.49012 2.11084 -0.666143 5.7353 -1.18384 -0.75086 -0.16731
1 5.21 -0.0484351 -0.350546 3.44189 -0.000412504 -0.289978 1.48181 2.04436 0.0559602 2.66037 -0.233009 0.658829 1.44212
4 5.21 1.5 0 1.5 0 0 1.57075 0 0 0 0 0 0
5 5.21 50 0.012795 20
6 5.21 -170.203 1.07417 1.60094 5.1391
0 5.22 -0.106548 -0.33387 3.2782 0.0347942 -0.266844 1.48861 2.09707 -0.697599 5.75263 -1.2116 -0.765248 -0.140392
1 5.22 -0.0226656 -0.361774 3.50831 -0.0118444 -0.29724 1.48169 2.05896 0.0785547 2.54198 -0.483161 0.725779 -0.544368
4 5.22 1.5 0 1.5 0 0 1.57075 0 0 0 0 0 0
5 5.22 50 0.0158014 20
6 5.22 -179.06 0.823841 1.69658 -1.28864
0 5.24 -0.0581776 -0.353082 3.40195 0.0108599 -0.28245 1.48631 2.07533 -0.768011 5.79814 -1.25714 -0.799244 -0.0617561
1 5.24 0.0248357 -0.383802 3.63387 -0.0386082 -0.314391 1.48337 2.10361 -0.147629 3.26744 -0.340483 0.0592727 2.50085
4 5.24 1.5 0 1.5 0 0 1.57075 0 0 0 0 0 0
5 5.24 50 0.0114317 17
6 5.24 -136.383 1.0297 0.978556 8.18227
0 5.25 -0.0390192 -0.361106 3.45206 -0.00152738 -0.290719 1.486 2.06697 -0.799052 5.81809 -1.2809 -0.816203 -0.016197
1 5.25 0.0436598 -0.393068 3.68478 -0.0525846 -0.323368 1.48537 2.12542 -0.152277 3.2552 -0.47507 0.0307616 2.7624
4 5.25 1.5 0 1.5 0 0 1.57075 0 0 0 0 0 0
5 5.25 50 0.0119622 18
6 5.25 -138.765 0.902734 0.970021 8.87186
0 5.26 -0.0171406 -0.37083 3.50843 -0.0176819 -0.301248 1.48646 2.05003 -0.83612 5.83165 -1.31778 -0.846539 0.0515747
1 5.26 0.0648606 -0.404275 3.74169 -0.07122 -0.335068 1.48925 2.18133 0.0702462 2.49688 0.289979 0.721987 3.99519
4 5.26 1.5 0 1.5 0 0 1.57075 0 0 0 0 0 0
5 5.26 50 0.0116642 20
6 5.26 -188.748 1.79536 1.80524 12.5913
0 5.28 0.0076514 -0.382118 3.57535 -0.0448197 -0.318642 1.48882 2.02709 -0.876313 5.84704 -1.36547 -0.900098 0.0965689
1 5.28 0.088735 -0.41717 3.80923 -0.101244 -0.354437 1.49459 2.24898 0.0968741 2.45938 -0.258112 0.462737 4.99402
4 5.28 1.5 0 1.5 0 0 1.57075 0 0 0 0 0 0
5 5.28 50 0.0133388 20
6 5.28 -193.379 1.23192 1.57455 15.6365
0 5.29 0.0286875 -0.392421 3.63062 -0.0554188 -0.325415 1.49009 2.00916 -0.907418 5.86127 -1.38202 -0.912332 0.116851
1 5.29 0.109054 -0.428718 3.86508 -0.112956 -0.361594 1.49715 2.27101 0.107407 2.4084 -0.658761 0.34358 -0.108483
4 5.29 1.5 0 1.5 0 0 1.57075 0 0 0 0 0 0
5 5.29 50 0.0126326 20
6 5.29 -198.141 0.800539 1.45433 -0.717945
0 5.3 0.0576682 -0.406976 3.71048 -0.0707501 -0.335025 1.49222 1.97935 -0.952107 5.88006 -1.40284 -0.92157 0.150494
1 5.3 0.136842 -0.445061 3.94569 -0.129862 -0.37137 1.50134 2.28074 0.0547007 2.53674 -0.548573 -0.218093 -6.8505
4 5.3 1.5 0 1.5 0 0 1.57075 0 0 0 0 0 0
5 5.3 50 0.0141697 20
6 5.3 -191.864 0.9445 0.824626 -22.3492
0 5.32 0.0801742 -0.419039 3.77144 -0.101745 -0.353954 1.49826 1.95131 -0.989283 5.88889 -1.45084 -0.975231 0.230426
1 5.32 0.158227 -0.45861 4.007 -0.164631 -0.391825 1.51226 2.36849 0.122427 2.41402 0.14192 0.0235334 -3.11279
4 5.32 1.5 0 1.5 0 0 1.57075 0 0 0 0 0 0
5 5.32 50 0.0138502 20
6 5.32 -202.325 1.76377 1.17363 -10.6716
0 5.33 0.103877 -0.432146 3.83879 -0.120223 -0.365086 1.50293 1.91947 -1.02879 5.89676 -1.47844 -1.01604 0.290994
1 5.33 0.180656 -0.473298 4.07466 -0.18564 -0.404038 1.52052 2.41048 0.151806 2.33556 -1.11245 0.32601 -1.98157
4 5.33 1.5 0 1.5 0 0 1.57075 0 0 0 0 0 0
5 5.33 50 0.0138254 20
6 5.33 -209.294 0.38532 1.57545 -7.25344
0 5.34 0.129883 -0.447674 3.91202 -0.136512 -0.374731 1.50755 1.88432 -1.07282 5.91198 -1.49314 -1.02637 0.304527
1 5.34 0.205256 -0.490587 4.1485 -0.203181 -0.413746 1.52652 2.44896 0.183872 2.24012 -0.147821 0.288708 3.65909
4 5.34 1.5 0 1.5 0 0 1.57075 0 0 0 0 0 0
5 5.34 50 0.0143125 20
6 5.34 -217.872 1.47972 1.54653 10.7112
0 5.36 0.176931 -0.477767 4.05012 -0.170578 -0.394248 1.51739 1.80406 -1.16231 5.93797 -1.5453 -1.03313 0.281003
1 5.36 0.249093 -0.52426 4.28764 -0.239917 -0.433065 1.53699 2.4869 0.165607 2.27063 0.71628 1.15832 6.62346
4 5.36 1.5 0 1.5 0 0 1.57075 0 0 0 0 0 0
5 5.36 50 0.0120766 20
6 5.36 -220.456 2.50675 2.55032 20.2501
0 5.37 0.194571 -0.489886 4.10411 -0.187785 -0.403863 1.52231 1.76976 -1.19841 5.94482 -1.55551 -1.03589 0.257424
1 5.37 0.265362 -0.537822 4.34191 -0.257634 -0.442648 1.54173 2.30803 -0.210504 3.18242 -0.0242452 -1.12203 -1.1023
4 5.37 1.5 0 1.5 0 0 1.57075 0 0 0 0 0 0
5 5.37 50 0.0103352 17
6 5.37 -160.687 1.69153 -0.0656097 -4.3391
0 5.38 0.211315 -0.502027 4.15424 -0.20514 -0.413532 1.52706 1.73378 -1.23478 5.94585 -1.56584 -1.03645 0.206895
1 5.38 0.280666 -0.551418 4.39207 -0.275035 -0.452435 1.54513 2.34654 -0.168293 3.06448 -0.677482 0.638297 2.28845
4 5.38 1.5 0 1.5 0 0 1.57075 0 0 0 0 0 0
5 5.38 50 0.00800204 14
6 5.38 -170.048 0.976443 1.94835 6.64722
0 5.39 0.2281 -0.514715 4.20734 -0.222787 -0.423435 1.53146 1.69575 -1.27192 5.94608 -1.56984 -1.04085 0.172184
1 5.39 0.29593 -0.565592 4.44519 -0.292754 -0.462519 1.54891 2.43177 -0.0529773 2.78699 1.57339 -0.111671 -2.82749
4 5.39 1.5 0 1.5 0 0 1.57075 0 0 0 0 0 0
5 5.39 50 0.00700498 9
6 5.39 -190.586 3.50231 1.08849 -9.57459
0 5.41 0.252317 -0.534385 4.28477 -0.257432 -0.442742 1.54015 1.63774 -1.32801 5.9441 -1.59423 -1.06297 0.160607
1 5.41 0.317826 -0.587505 4.52253 -0.329279 -0.482224 1.55901 2.67246 0.245552 2.16759 -0.0499239 -0.264624 5.34592
4 5.41 1.5 0 1.5 0 0 1.57075 0 0 0 0 0 0
5 5.41 50 0.0141504 20
6 5.41 -237.212 1.71397 0.937198 16.556
0 5.42 0.272468 -0.551722 4.35345 -0.27551 -0.452678 1.54508 1.58528 -1.37769 5.94235 -1.60183 -1.0785 0.157265
1 5.42 0.335879 -0.60683 4.59115 -0.348235 -0.49248 1.56486 2.55257 0.0376188 2.58977 -0.00481746 0.406988 4.45155
4 5.42 1.5 0 1.5 0 0 1.57075 0 0 0 0 0 0
5 5.42 50 0.00882292 14
6 5.42 -209.52 1.77304 1.72523 13.7115
0 5.43 0.293827 -0.571529 4.42488 -0.293426 -0.462454 1.55003 1.53263 -1.42986 5.94101 -1.60627 -1.08411 0.150728
1 5.43 0.355132 -0.628723 4.66252 -0.366807 -0.502222 1.5705 2.44159 -0.145948 2.93582 0.142237 0.335189 1.18265
4 5.43 1.5 0 1.5 0 0 1.57075 0 0 0 0 0 0
5 5.43 50 0.0087471 11
6 5.43 -186.8 1.94305 1.64848 3.29641
0 5.45 0.311436 -0.588685 4.48713 -0.326308 -0.480335 1.55911 1.48391 -1.47295 5.91948 -1.62297 -1.09425 0.101856
1 5.45 0.370793 -0.647603 4.72391 -0.400548 -0.520489 1.57928 2.66068 0.0950948 2.49142 -0.988582 0.111682 -14.7394
4 5.45 1.5 0 1.5 0 0 1.57075 0 0 0 0 0 0
5 5.45 50 0.01437 20
6 5.45 -221.339 0.700705 1.3973 -47.3786
0 5.46 0.332401 -0.610633 4.56162 -0.348994 -0.492478 1.56558 1.41585 -1.53119 5.89048 -1.63224 -1.1035 0.107927
1 5.46 0.389035 -0.671881 4.79724 -0.42456 -0.532481 1.58731 2.65743 0.0647368 2.51177 -1.37519 -0.282895 -16.9047
4 5.46 1.5 0 1.5 0 0 1.57075 0 0 0 0 0 0
5 5.46 50 0.0126491 20
6 5.46 -220.896 0.27788 0.956107 -54.3107
0 5.47 0.349971 -0.630452 4.62916 -0.367777 -0.502322 1.57118 1.35354 -1.58464 5.8681 -1.62939 -1.11508 0.128375
1 5.47 0.404112 -0.693838 4.86388 -0.444394 -0.542097 1.59495 2.8468 0.282747 2.07731 -0.0528943 1.12063 2.24627
4 5.47 1.5 0 1.5 0 0 1.57075 0 0 0 0 0 0
5 5.47 50 0.0131109 20
6 5.47 -254.508 1.75224 2.58244 6.76345
0 5.49 0.368879 -0.653538 4.70119 -0.386954 -0.512048 1.57748 1.29145 -1.64086 5.84866 -1.62462 -1.12222 0.17064
1 5.49 0.420537 -0.719172 4.93514 -0.465012 -0.551042 1.60416 2.66094 0.0283438 2.50277 -1.28432 0.0688341 -13.0732
4 5.49 1.5 0 1.5 0 0 1.57075 0 0 0 0 0 0
5 5.49 50 0.0102832 20
6 5.49 -224.085 0.365098 1.38952 -42.279
0 5.5 0.384255 -0.673603 4.7642 -0.426714 -0.531413 1.59201 1.23515 -1.69046 5.83113 -1.62837 -1.1369 0.191308
1 5.5 0.433661 -0.741222 4.99745 -0.507007 -0.569644 1.62192 2.80632 0.137302 2.3867 -0.132553 -1.30924 5.73968
4 5.5 1.5 0 1.5 0 0 1.57075 0 0 0 0 0 0
5 5.5 50 0.00653052 10
6 5.5 -238.2 1.65588 -0.17189 17.7153
0 5.51 0.405824 -0.704963 4.85517 -0.442043 -0.538777 1.59781 1.16142 -1.75952 5.81276 -1.62359 -1.14193 0.17522
1 5.51 0.452281 -0.775344 5.08768 -0.522454 -0.577065 1.62796 2.7225 0.0273992 2.50267 -1.88071 0.645884 -7.84137
4 5.51 1.5 0 1.5 0 0 1.57075 0 0 0 0 0 0
5 5.51 50 0.00940728 14
6 5.51 -230.344 -0.304058 2.07479 -25.5909
0 5.52 0.420728 -0.728111 4.92265 -0.466613 -0.550632 1.60701 1.10286 -1.8125 5.79555 -1.61839 -1.14258 0.142403
1 5.52 0.464843 -0.800611 5.15447 -0.547096 -0.588887 1.63711 2.73743 0.0133316 2.52771 -1.29781 0.906511 -8.10161
4 5.52 1.5 0 1.5 0 0 1.57075 0 0 0 0 0 0
5 5.52 50 0.0114408 17
6 5.52 -231.405 0.345394 2.37009 -26.3169
0 5.53 0.433034 -0.748386 4.97732 -0.486141 -0.559986 1.61434 1.04476 -1.86252 5.77043 -1.61972 -1.15331 0.126431
1 5.53 0.474825 -0.822887 5.20814 -0.567246 -0.598411 1.64506 2.70208 -0.044795 2.59645 0.301207 -0.981804 -5.3107
4 5.53 1.5 0 1.5 0 0 1.57075 0 0 0 0 0 0
5 5.53 50 0.011966 20
6 5.53 -227.436 2.13741 0.213764 -17.3559
0 5.54 0.445606 -0.771164 5.03921 -0.501499 -0.567249 1.62019 0.977663 -1.91924 5.74095 -1.62608 -1.16051 0.116148
1 5.54 0.484713 -0.847934 5.26885 -0.583355 -0.60572 1.65148 3.72707 1.05533 0.898341 -0.125217 -4.52904 -20.1274
4 5.54 1.5 0 1.5 0 0 1.57075 0 0 0 0 0 0
5 5.54 50 0.00849032 11
6 5.54 -368.578 1.66829 -3.84912 -64.6255
0 5.56 0.460824 -0.801746 5.1169 -0.54374 -0.586961 1.63662 0.885867 -1.99593 5.69564 -1.63617 -1.18333 0.0880346
1 5.56 0.496259 -0.881583 5.34473 -0.627479 -0.625646 1.66965 3.02752 0.24251 2.15708 -0.349552 -1.00226 -8.00905
4 5.56 1.5 0 1.5 0 0 1.57075 0 0 0 0 0 0
5 5.56 50 0.0103443 16
6 5.56 -270.442 1.43109 0.219686 -25.8477
0 5.57 0.474436 -0.833601 5.19776 -0.564349 -0.596517 1.64479 0.790662 -2.07482 5.64673 -1.63625 -1.18683 0.0661919
1 5.57 0.506063 -0.916594 5.42363 -0.64856 -0.635212 1.67819 2.37488 -0.444226 3.03205 0.0418652 -0.0607076 -5.66797
4 5.57 1.5 0 1.5 0 0 1.57075 0 0 0 0 0 0
5 5.57 50 0.0105424 16
6 5.57 -194.724 1.87123 1.30101 -18.3041
0 5.59 0.487224 -0.866241 5.2728 -0.600411 -0.613229 1.6589 0.700368 -2.15089 5.59324 -1.63593 -1.18496 0.00016583
1 5.59 0.515239 -0.952277 5.49653 -0.684698 -0.652334 1.69166 2.75915 -0.0853029 2.53448 1.3259 1.0007 4.21495
4 5.59 1.5 0 1.5 0 0 1.57075 0 0 0 0 0 0
5 5.59 50 0.0113671 20
6 5.59 -242.032 3.31401 2.50768 13.4579
0 5.6 0.496756 -0.894711 5.33842 -0.62624 -0.625385 1.66867 0.621545 -2.21636 5.54408 -1.63038 -1.18369 -0.0487568
1 5.6 0.521618 -0.983366 5.56018 -0.710352 -0.66489 1.70094 3.39255 0.515272 1.76171 -1.29466 -0.541034 16.6306
4 5.6 1.5 0 1.5 0 0 1.57075 0 0 0 0 0 0
5 5.6 50 0.0113332 17
6 5.6 -316.089 0.380363 0.730735 53.2511
0 5.62 0.509304 -0.937863 5.42957 -0.673865 -0.647872 1.687 0.516106 -2.30683 5.47466 -1.63237 -1.17549 -0.114242
1 5.62 0.529948 -1.03014 5.64855 -0.758664 -0.687466 1.71932 2.53363 -0.376345 2.85784 0.721537 -1.11623 6.95541
4 5.62 1.5 0 1.5 0 0 1.57075 0 0 0 0 0 0
5 5.62 50 0.0109618 17
6 5.62 -218.665 2.64479 0.0525313 22.572
0 5.63 0.51752 -0.972484 5.50267 -0.695388 -0.658148 1.69511 0.429463 -2.3792 5.41364 -1.63625 -1.16958 -0.159665
1 5.63 0.534698 -1.06765 5.71921 -0.78022 -0.69816 1.7268 2.7076 -0.227551 2.62508 2.45655 2.65635 -0.819734
4 5.63 1.5 0 1.5 0 0 1.57075 0 0 0 0 0 0
5 5.63 50 0.0129328 20
6 5.63 -241.616 4.59475 4.3679 -2.1051
0 5.64 0.524698 -1.00429 5.56357 -0.71028 -0.665301 1.70057 0.353048 -2.44226 5.33643 -1.64562 -1.16946 -0.192095
1 5.64 0.53882 -1.10198 5.77703 -0.795466 -0.705777 1.73193 1.62992 -1.24717 3.64431 -2.77967 0.181585 4.15559
4 5.64 1.5 0 1.5 0 0 1.57075 0 0 0 0 0 0
5 5.64 50 0.00231814 3
6 5.64 -133.462 -1.25052 1.52386 13.8822
