2 15.74 0.05
2 15.75 0.05
2 15.76 0.05
2 15.78 0.05
2 15.79 0.05
2 15.8 0.05
2 15.82 0.05
2 15.83 0.05
2 15.84 0.05
2 15.85 0.05
2 15.86 0.05
2 15.88 0.05
2 15.89 0.05
2 15.9 0.05
2 15.91 0.05
2 15.92 0.05
2 15.93 0.05
2 15.94 0.05
2 15.96 0.05
2 15.97 0.05
2 15.98 0.05
2 16 0.05
2 16 0.05
2 16.01 0.05
2 16.03 0.05
2 16.04 0.05
2 16.05 0.05
2 16.06 0.05
2 16.07 0.05
2 16.08 0.05
2 16.1 0.05
2 16.11 0.05
2 16.12 0.05
2 16.13 0.05
2 16.14 0.05
2 16.15 0.05
2 16.17 0.05
2 16.18 0.05
2 16.19 0.05
2 16.2 0.05
2 16.22 0.05
2 16.23 0.05
2 16.24 0.05
2 16.25 0.05
2 16.26 0.05
2 16.27 0.05
2 16.29 0.05
2 16.3 0.05
2 16.31 0.05
2 16.32 0.05
2 16.34 0.05
2 16.35 0.05
2 16.36 0.05
2 16.38 0.05
2 16.39 0.05
2 16.4 0.05
2 16.41 0.05
2 16.43 0.05
2 16.44 0.05
2 16.45 0.05
2 16.47 0.05
2 16.48 0.05
2 16.49 0.05
2 16.5 0.05
2 16.51 0.05
2 16.52 0.05
2 16.53 0.05
2 16.55 0.05
2 16.56 0.05
2 16.57 0.05
2 16.58 0.05
2 16.59 0.05
2 16.6 0.05
2 16.62 0.05
2 16.63 0.05
2 16.64 0.05
2 16.66 0.05
2 16.67 0.05
2 16.68 0.05
2 16.69 0.05
2 16.71 0.05
2 16.72 0.05
2 16.73 0.05
2 16.74 0.05
2 16.75 0.05
2 16.77 0.05
2 16.78 0.05
2 16.79 0.05
2 16.8 0.05
2 16.82 0.05
2 16.83 0.05
2 16.85 0.05
2 16.86 0.05
2 16.87 0.077239
2 16.88 0.113182
2 16.9 0.180679
2 16.91 0.218327
2 16.93 0.269278
2 16.94 0.299944
2 16.95 0.34324
2 16.97 0.399529
2 16.98 0.431917
2 16.99 0.474176
2 17 0.504778
2 17.01 0.531209
2 17.03 0.527283
2 17.04 0.523768
2 17.05 0.540698
2 17.06 0.533627
2 17.08 0.526331
2 17.09 0.539107
2 17.1 0.553436
2 17.11 0.579413
2 17.12 0.601218
2 17.13 0.630226
2 17.15 0.683645
2 17.16 0.709147
2 17.17 0.73465
2 17.18 0.75299
2 17.2 0.712162
2 17.21 0.736072
2 17.23 0.764232
2 17.23 0.786766
2 17.24 0.8
2 17.25 0.8
2 17.26 0.8
2 17.29 0.8
2 17.29 0.8
2 17.31 0.8
2 17.32 0.8
2 17.33 0.8
2 17.34 0.8
2 17.35 0.8
2 17.36 0.8
2 17.38 0.8
2 17.39 0.8
2 17.4 0.8
2 17.41 0.8
2 17.42 0.8
2 17.44 0.8
2 17.45 0.8
2 17.46 0.8
2 17.48 0.8
2 17.5 0.8
2 17.5 0.8
2 17.51 0.8
2 17.53 0.8
2 17.54 0.8
2 17.56 0.8
2 17.57 0.8
2 17.58 0.8
2 17.6 0.8
2 17.61 0.8
2 17.62 0.8
2 17.64 0.8
2 17.65 0.8
2 17.67 0.8
2 17.68 0.8
2 17.69 0.8
2 17.7 0.8
2 17.71 0.8
2 17.73 0.8
2 17.74 0.8
2 17.75 0.8
2 17.76 0.8
2 17.77 0.8
2 17.78 0.8
