3 0.8 -10 0 0 0 0 0 0 0 0 0 0 0 0
0 0.8 0.0423139 -0.179216 1.93538 -0.0204692 0.040465 1.48775 -0.0307143 0.162763 0.103934 0.0210208 0.00237088 0.0057579
1 0.8 0.0410853 -0.172706 1.93954 -0.0196191 0.0405645 1.48798 -0.0365958 0.177259 0.0562954 0.757381 -0.0825222 0.077351
4 0.8 1.5 0 1.5 0 0 1.57075 0 0 0 0 0 0
5 0.8 46 0.00829649 20
6 0.8 21.1384 0.82392 -0.0974097 0.228561
0 0.81 0.0421605 -0.179346 1.93556 -0.0203119 0.0405057 1.48778 -0.030519 0.162664 0.103421 0.0142669 0.00882283 0.00428989
1 0.81 0.0409397 -0.17284 1.93969 -0.0197345 0.040862 1.48794 -0.0363465 0.177171 0.0558285 0.756435 -0.0819392 0.0764383
4 0.81 1.5 0 1.5 0 0 1.57075 0 0 0 0 0 0
5 0.81 46 0.00826025 20
6 0.81 21.1411 0.830421 -0.104138 0.230334
0 0.82 0.0419924 -0.179038 1.93591 -0.0201673 0.0405565 1.48782 -0.0302215 0.162976 0.103137 0.0134222 0.00847637 0.00433388
1 0.82 0.0407836 -0.172519 1.94003 -0.0196236 0.040899 1.48799 -0.0359986 0.177497 0.0555549 0.755962 -0.0824067 0.0763571
4 0.82 1.5 0 1.5 0 0 1.57075 0 0 0 0 0 0
5 0.82 46 0.00949287 20
6 0.82 21.1418 0.830837 -0.104277 0.229934
0 0.83 0.0418718 -0.179207 1.93601 -0.019962 0.0405596 1.48788 -0.0294392 0.162646 0.10228 0.0234453 0.00106187 0.00359908
1 0.83 0.0406942 -0.172701 1.9401 -0.0190184 0.0406049 1.48802 -0.0351482 0.177167 0.054806 0.755686 -0.082844 0.0758809
4 0.83 1.5 0 1.5 0 0 1.57075 0 0 0 0 0 0
5 0.83 46 0.00772834 20
6 0.83 21.1483 0.81931 -0.0962741 0.23076
0 0.84 0.0416985 -0.17884 1.93638 -0.0192386 0.0401187 1.48795 -0.0281245 0.162371 0.0976335 0.122963 -0.0791399 0.0077481
1 0.84 0.0405735 -0.172346 1.94028 -0.0143051 0.0369596 1.48832 -0.0336075 0.176743 0.0507571 0.759655 -0.088908 0.0781164
4 0.84 1.5 0 1.5 0 0 1.57075 0 0 0 0 0 0
5 0.84 46 0.00914407 20
6 0.84 21.1843 0.712349 -0.0112862 0.22464
0 0.85 0.041583 -0.179035 1.9364 -0.0177663 0.0390852 1.48807 -0.0265895 0.161026 0.0890992 0.238899 -0.170289 0.0190188
1 0.85 0.0405194 -0.172594 1.93996 -0.00817587 0.0322882 1.48895 -0.0316122 0.175045 0.0433388 0.762241 -0.0936251 0.0850943
4 0.85 1.5 0 1.5 0 0 1.57075 0 0 0 0 0 0
5 0.85 46 0.00910997 20
6 0.85 21.2513 0.585307 0.0875809 0.2109
0 0.87 0.0413733 -0.178484 1.93661 -0.00825362 0.0322273 1.48897 -0.0234017 0.158865 0.0666442 0.564505 -0.397142 0.0444504
1 0.87 0.0404372 -0.17213 1.93928 0.0143881 0.0163568 1.49088 -0.025362 0.170359 0.0246017 0.758159 -0.0956499 0.0983873
4 0.87 1.5 0 1.5 0 0 1.57075 0 0 0 0 0 0
5 0.87 46 0.00811052 20
6 0.87 21.4713 0.215236 0.343827 0.171939
0 0.88 0.041306 -0.178709 1.93626 -0.00165195 0.0277666 1.48953 -0.0205295 0.156753 0.0405006 0.686684 -0.456279 0.0520839
1 0.88 0.0404848 -0.172439 1.93788 0.0258741 0.00951889 1.49165 -0.0203146 0.166594 0.00188788 0.745898 -0.0885589 0.101638
4 0.88 1.5 0 1.5 0 0 1.57075 0 0 0 0 0 0
5 0.88 46 0.00710893 20
6 0.88 21.6779 0.0643107 0.418927 0.157845
0 0.89 0.0412169 -0.17834 1.93583 0.00396622 0.0241835 1.49 -0.0175341 0.155056 0.0076812 0.792445 -0.4905 0.0660492
1 0.89 0.0405155 -0.172137 1.93614 0.0357261 0.00455319 1.49257 -0.0154215 0.163564 -0.0270585 0.73367 -0.0819594 0.109319
4 0.89 1.5 0 1.5 0 0 1.57075 0 0 0 0 0 0
5 0.89 46 0.00878215 20
6 0.89 21.9133 -0.0684151 0.464387 0.137698
0 0.9 0.0412352 -0.178675 1.93485 0.0124831 0.0192524 1.49072 -0.0147932 0.153217 -0.0228368 0.865328 -0.486793 0.0769229
1 0.9 0.0406435 -0.172546 1.93394 0.0471508 -0.000256242 1.49356 -0.00973565 0.159796 -0.0536257 0.712778 -0.0681322 0.114711
4 0.9 1.5 0 1.5 0 0 1.57075 0 0 0 0 0 0
5 0.9 46 0.00775027 20
6 0.9 22.1545 -0.173753 0.474818 0.120159
0 0.91 0.0412373 -0.178577 1.93376 0.0214819 0.0145794 1.49143 -0.0121564 0.151702 -0.0578127 0.909263 -0.450415 0.081573
1 0.91 0.0407511 -0.172509 1.93144 0.0578943 -0.00350315 1.49431 -0.00389568 0.156397 -0.0843011 0.688076 -0.0524042 0.11623
4 0.91 1.5 0 1.5 0 0 1.57075 0 0 0 0 0 0
5 0.91 46 0.00813127 20
6 0.91 22.4196 -0.250493 0.450495 0.110178
0 0.92 0.0413228 -0.178836 1.93166 0.0331283 0.00977443 1.49241 -0.0088194 0.149409 -0.109758 0.933027 -0.319925 0.096598
1 0.92 0.04097 -0.17286 1.92727 0.0704829 -0.00314351 1.49585 0.00375558 0.152069 -0.130179 0.652632 -0.0274211 0.125842
4 0.92 1.5 0 1.5 0 0 1.57075 0 0 0 0 0 0
5 0.92 46 0.00995278 20
6 0.92 22.7973 -0.316264 0.32812 0.0930222
0 0.93 0.0413915 -0.17874 1.92968 0.0424572 0.00729358 1.49328 -0.00556038 0.143833 -0.158709 0.909791 -0.184396 0.104581
1 0.93 0.0411691 -0.172987 1.92333 0.078877 -0.000253183 1.49715 0.0106368 0.145336 -0.173737 0.619745 -0.00628247 0.132703
4 0.93 1.5 0 1.5 0 0 1.57075 0 0 0 0 0 0
5 0.93 46 0.00751233 20
6 0.93 23.1355 -0.326112 0.196462 0.0895898
0 0.95 0.041543 -0.17905 1.92662 0.0597237 0.00554277 1.4954 -0.00187589 0.138384 -0.225508 0.834102 -0.00249021 0.110003
1 0.95 0.0414679 -0.173515 1.9176 0.0931121 0.0051807 1.49979 0.0212322 0.138777 -0.233051 0.561197 0.0173468 0.138192
4 0.95 1.5 0 1.5 0 0 1.57075 0 0 0 0 0 0
5 0.95 46 0.00735998 20
6 0.95 23.6149 -0.305378 0.015149 0.0899913
0 0.96 0.041657 -0.178943 1.92368 0.0657328 0.00581386 1.49634 0.000796036 0.134889 -0.283948 0.787918 0.0618236 0.118802
1 0.96 0.0416889 -0.173547 1.91232 0.097278 0.00796932 1.50124 0.0266147 0.135241 -0.285623 0.533624 0.0239009 0.145369
4 0.96 1.5 0 1.5 0 0 1.57075 0 0 0 0 0 0
5 0.96 46 0.00809503 20
6 0.96 23.9841 -0.283931 -0.0512737 0.0848678
0 0.97 0.0419568 -0.179167 1.91668 0.0732403 0.00674314 1.49762 0.00480787 0.130465 -0.378286 0.735087 0.124849 0.118443
1 0.97 0.0421491 -0.173949 1.90155 0.102678 0.011377 1.50271 0.0342923 0.13101 -0.370461 0.496203 0.0289913 0.146948
4 0.97 1.5 0 1.5 0 0 1.57075 0 0 0 0 0 0
5 0.97 46 0.00773859 20
6 0.97 24.5802 -0.266079 -0.117201 0.0911061
0 0.98 0.0421901 -0.178879 1.91028 0.0821223 0.00878119 1.49936 0.00826845 0.127196 -0.459867 0.673739 0.198958 0.123818
1 0.98 0.0425208 -0.173791 1.89189 0.109121 0.0163064 1.50495 0.0420615 0.128374 -0.44378 0.457244 0.0315378 0.152515
4 0.98 1.5 0 1.5 0 0 1.57075 0 0 0 0 0 0
5 0.98 46 0.00714326 20
6 0.98 25.1054 -0.240222 -0.199005 0.0917697
0 0.99 0.0423995 -0.179229 1.90546 0.0884522 0.0107469 1.50084 0.0113249 0.124208 -0.525336 0.639396 0.222711 0.132702
1 0.99 0.0428525 -0.174261 1.88445 0.114093 0.0191517 1.50691 0.0483537 0.126085 -0.502722 0.429073 0.0299122 0.159651
4 0.99 1.5 0 1.5 0 0 1.57075 0 0 0 0 0 0
5 0.99 46 0.00793791 20
6 0.99 25.5209 -0.232914 -0.228241 0.0861976
0 1.01 0.042729 -0.179043 1.8968 0.100949 0.0150146 1.50403 0.0165467 0.120462 -0.624861 0.621728 0.231485 0.135594
1 1.01 0.0433908 -0.174224 1.8718 0.125913 0.0236802 1.51036 0.0599371 0.123957 -0.5922 0.381605 0.0209638 0.162949
4 1.01 1.5 0 1.5 0 0 1.57075 0 0 0 0 0 0
5 1.01 46 0.00727367 20
6 1.01 26.1712 -0.266108 -0.248527 0.0874964
0 1.02 0.0431176 -0.179376 1.88698 0.107138 0.0171009 1.50573 0.0215332 0.116845 -0.708857 0.621633 0.22462 0.146688
1 1.02 0.043979 -0.174702 1.85862 0.13212 0.0254067 1.51253 0.0685526 0.121212 -0.6677 0.353223 0.0162744 0.171264
4 1.02 1.5 0 1.5 0 0 1.57075 0 0 0 0 0 0
5 1.02 46 0.00810146 20
6 1.02 26.7124 -0.297631 -0.246603 0.0786179
0 1.03 0.0435301 -0.179237 1.87649 0.113375 0.0191172 1.50748 0.026936 0.113843 -0.79287 0.623425 0.220343 0.152458
1 1.03 0.0446075 -0.174683 1.84477 0.138447 0.0271845 1.51454 0.0778136 0.119103 -0.742337 0.349107 0.0139716 0.176469
4 1.03 1.5 0 1.5 0 0 1.57075 0 0 0 0 0 0
5 1.03 45 0.00747228 20
6 1.03 27.3099 -0.304188 -0.244658 0.0768121
0 1.05 0.0439864 -0.17956 1.86523 0.125694 0.0229776 1.51107 0.0329005 0.110437 -0.879379 0.600368 0.213139 0.167642
1 1.05 0.0453024 -0.175142 1.83006 0.149886 0.0305952 1.51879 0.0905201 0.117393 -0.82 0.303254 0.00438533 0.187426
4 1.05 1.5 0 1.5 0 0 1.57075 0 0 0 0 0 0
5 1.05 45 0.00781512 20
6 1.05 27.8988 -0.329521 -0.247856 0.0633055
0 1.06 0.0444593 -0.179444 1.85395 0.131693 0.02484 1.51302 0.0385886 0.107636 -0.959642 0.593499 0.21172 0.172083
1 1.06 0.0460029 -0.175139 1.81556 0.15563 0.0323316 1.52095 0.100095 0.115525 -0.89206 0.275407 -8.65381e-05 0.191234
4 1.06 1.5 0 1.5 0 0 1.57075 0 0 0 0 0 0
5 1.06 45 0.00722098 20
6 1.06 28.4288 -0.352935 -0.251482 0.0612819
0 1.07 0.0449295 -0.179788 1.84257 0.13901 0.0271398 1.51546 0.0434671 0.105233 -1.02828 0.575948 0.216373 0.180224
1 1.07 0.0466681 -0.175578 1.80144 0.162274 0.0347123 1.5238 0.109432 0.114276 -0.95367 0.245479 -0.00511819 0.197589
4 1.07 1.5 0 1.5 0 0 1.57075 0 0 0 0 0 0
5 1.07 45 0.00829935 20
6 1.07 28.8933 -0.366575 -0.262731 0.055581
0 1.08 0.0454388 -0.179812 1.83076 0.143301 0.028572 1.51709 0.0484863 0.103156 -1.09746 0.562783 0.222348 0.18744
1 1.08 0.0473782 -0.175686 1.78686 0.166061 0.036304 1.52578 0.117555 0.113013 -1.01573 0.223476 -0.00809369 0.203247
4 1.08 1.5 0 1.5 0 0 1.57075 0 0 0 0 0 0
5 1.08 45 0.0071063 20
6 1.08 29.3532 -0.376244 -0.27314 0.0506056
0 1.1 0.0462961 -0.180044 1.81122 0.154267 0.0324418 1.52164 0.0567549 0.100522 -1.20327 0.528892 0.232864 0.201408
1 1.1 0.0485663 -0.176023 1.76309 0.175727 0.0404079 1.53103 0.132172 0.112421 -1.11528 0.180077 -0.0122448 0.183682
4 1.1 1.5 0 1.5 0 0 1.57075 0 0 0 0 0 0
5 1.1 45 0.000377178 0
6 1.1 29.3532 -0.376244 -0.27314 0.0506056
0 1.11 0.0472412 -0.179738 1.79112 0.158191 0.0339654 1.52346 0.0647407 0.0981698 -1.30629 0.508315 0.24393 0.203546
1 1.11 0.0498309 -0.175811 1.73887 0.178849 0.0423182 1.53304 0.146301 0.111534 -1.19224 0.148549 -0.031487 0.283941
4 1.11 1.5 0 1.5 0 0 1.57075 0 0 0 0 0 0
5 1.11 45 0.00144601 2
6 1.11 31.4302 -0.398483 -0.324574 0.256803
0 1.12 0.0479774 -0.180115 1.77459 0.163174 0.0361368 1.52586 0.0709035 0.0960378 -1.38585 0.485687 0.258204 0.206007
1 1.12 0.0508136 -0.176274 1.71915 0.182956 0.0449891 1.53568 0.159752 0.111389 -1.24367 0.119705 -0.0528695 0.403308
4 1.12 1.5 0 1.5 0 0 1.57075 0 0 0 0 0 0
5 1.12 45 0.00118494 2
6 1.12 33.2053 -0.405149 -0.3652 0.630027
0 1.13 0.0488816 -0.180216 1.75599 0.169133 0.0389537 1.52897 0.0782396 0.0887724 -1.47126 0.457743 0.267517 0.216048
1 1.13 0.0520112 -0.176666 1.69714 0.187845 0.048047 1.5393 0.18251 0.108004 -1.25875 0.083753 -0.106383 0.875351
4 1.13 1.5 0 1.5 0 0 1.57075 0 0 0 0 0 0
5 1.13 45 0.000707388 1
6 1.13 37.6153 -0.413732 -0.437187 2.10496
0 1.15 0.0499414 -0.180566 1.7344 0.177755 0.0431473 1.53451 0.0907776 0.0819834 -1.55212 0.395739 0.258506 0.241584
1 1.15 0.0535725 -0.177286 1.67232 0.194074 0.0516159 1.54586 0.20372 0.104801 -1.32144 0.0670752 -0.112558 0.975929
4 1.15 1.5 0 1.5 0 0 1.57075 0 0 0 0 0 0
5 1.15 44 0.000725746 1
6 1.15 38.8105 -0.362636 -0.43366 2.34451
0 1.16 0.0509035 -0.180559 1.71733 0.18063 0.044623 1.53671 0.102761 0.0784815 -1.59908 0.367554 0.247474 0.260616
1 1.16 0.0550139 -0.17742 1.65337 0.195869 0.0524881 1.54876 0.21941 0.102795 -1.35827 0.0508884 -0.112781 1.01492
4 1.16 1.5 0 1.5 0 0 1.57075 0 0 0 0 0 0
5 1.16 44 0.000747919 1
6 1.16 39.4649 -0.349043 -0.421273 2.40821
0 1.17 0.0520231 -0.180865 1.6974 0.185927 0.0471993 1.54158 0.118054 0.0760254 -1.62881 0.339072 0.222152 0.298414
1 1.17 0.0567452 -0.177824 1.63225 0.200121 0.0537257 1.55497 0.239563 0.102757 -1.38037 0.0295966 -0.114501 1.05552
4 1.17 1.5 0 1.5 0 0 1.57075 0 0 0 0 0 0
5 1.17 44 0.000724554 1
6 1.17 39.9844 -0.340851 -0.394643 2.41714
0 1.18 0.0535628 -0.180857 1.67525 0.188478 0.0481716 1.54441 0.139396 0.0753311 -1.64054 0.321033 0.18838 0.333908
1 1.18 0.0591386 -0.177843 1.60963 0.20202 0.0530708 1.55896 0.268796 0.10439 -1.35958 0.0184409 -0.128888 0.868422
4 1.18 1.5 0 1.5 0 0 1.57075 0 0 0 0 0 0
5 1.18 44 0.00104952 2
6 1.18 42.036 -0.333426 -0.3729 1.70651
0 1.2 0.0554946 -0.18104 1.65082 0.194537 0.0495343 1.5523 0.169001 0.076281 -1.63013 0.284598 0.123222 0.409979
1 1.2 0.0622547 -0.177989 1.58561 0.206765 0.0512001 1.56936 0.338662 0.115596 -1.16631 0.00504392 0.872404 1.68255
4 1.2 1.5 0 1.5 0 0 1.57075 0 0 0 0 0 0
5 1.2 44 0.00283265 6
6 1.2 53.5168 -0.308663 0.849876 4.06271
0 1.21 0.0574885 -0.180872 1.63095 0.19667 0.0495245 1.55578 0.195661 0.077889 -1.61007 0.269198 0.0867327 0.454258
1 1.21 0.0653149 -0.177757 1.56655 0.208355 0.0493764 1.5743 0.372132 0.118932 -1.12105 0.00366154 0.794981 1.46424
4 1.21 1.5 0 1.5 0 0 1.57075 0 0 0 0 0 0
5 1.21 44 0.00414538 9
6 1.21 55.1158 -0.293887 0.802446 3.22439
0 1.22 0.0599258 -0.181041 1.60886 0.200061 0.0489245 1.56207 0.224638 0.0798429 -1.58261 0.247809 0.0380885 0.515068
1 1.22 0.0689114 -0.177848 1.54556 0.210977 0.0463233 1.58259 0.407866 0.122345 -1.07434 0.0210961 0.635187 1.0874
4 1.22 1.5 0 1.5 0 0 1.57075 0 0 0 0 0 0
5 1.22 44 0.00256205 5
6 1.22 56.3558 -0.252065 0.674477 1.82718
0 1.24 0.0636249 -0.180725 1.58265 0.204888 0.0463296 1.57313 0.262762 0.0840263 -1.53774 0.209945 -0.0399442 0.596374
1 1.24 0.0741354 -0.177364 1.52115 0.214354 0.0399118 1.59619 0.448034 0.125772 -1.03906 0.0103851 0.739681 1.06342
4 1.24 1.5 0 1.5 0 0 1.57075 0 0 0 0 0 0
5 1.24 44 0.00418735 10
6 1.24 55.8044 -0.225237 0.884096 1.49103
0 1.25 0.0668609 -0.180832 1.56203 0.207148 0.0443297 1.57916 0.292838 0.0875619 -1.50101 0.197696 -0.0827554 0.649426
1 1.25 0.0785744 -0.177329 1.50199 0.216154 0.0357475 1.60392 0.446698 0.121351 -1.16071 -0.0413702 -0.0375595 0.536918
4 1.25 1.5 0 1.5 0 0 1.57075 0 0 0 0 0 0
5 1.25 43 0.00135303 3
6 1.25 45.9032 -0.271889 0.0412052 -0.359199
0 1.26 0.0699438 -0.180654 1.54509 0.209317 0.0417916 1.58576 0.319494 0.0911217 -1.46623 0.186318 -0.109801 0.682924
1 1.26 0.0827236 -0.177009 1.48644 0.217849 0.0318192 1.61159 0.473279 0.123765 -1.13311 -0.0538154 -0.0267647 0.491465
4 1.26 1.5 0 1.5 0 0 1.57075 0 0 0 0 0 0
5 1.26 43 0.00169277 2
6 1.26 45.4696 -0.274822 0.0847157 -0.611256
0 1.28 0.0747031 -0.180565 1.52219 0.21307 0.0355425 1.5993 0.358353 0.0961993 -1.41244 0.148554 -0.201261 0.767354
1 1.28 0.0890373 -0.176717 1.46569 0.220018 0.0211835 1.62761 0.500506 0.123728 -1.14486 -0.0901628 -0.0193969 0.483564
4 1.28 1.5 0 1.5 0 0 1.57075 0 0 0 0 0 0
5 1.28 43 0.000992775 2
6 1.28 41.3851 -0.279736 0.199201 -0.906035
0 1.29 0.079209 -0.180123 1.50378 0.214642 0.0316706 1.60649 0.390749 0.100561 -1.37021 0.128031 -0.235208 0.789304
1 1.29 0.094839 -0.176101 1.44897 0.220677 0.0157534 1.63534 0.532814 0.126403 -1.10745 -0.104804 -0.00287386 0.399588
4 1.29 1.5 0 1.5 0 0 1.57075 0 0 0 0 0 0
5 1.29 43 0.00116467 2
6 1.29 41.0916 -0.275709 0.25818 -1.2442
0 1.3 0.0844184 -0.180061 1.48438 0.216046 0.0274622 1.61366 0.42321 0.104325 -1.33013 0.116353 -0.265765 0.776481
1 1.3 0.101347 -0.175888 1.43117 0.221471 0.0104206 1.64173 0.565342 0.128332 -1.07108 -0.119281 0.0115524 0.309003
4 1.3 1.5 0 1.5 0 0 1.57075 0 0 0 0 0 0
5 1.3 43 0.00151491 2
6 1.3 40.8666 -0.280534 0.310679 -1.49246
0 1.31 0.0900175 -0.17961 1.46618 0.21743 0.0232389 1.62046 0.457106 0.107957 -1.28651 0.12489 -0.268675 0.753571
1 1.31 0.108302 -0.175292 1.41471 0.223056 0.00624247 1.64758 0.599308 0.130098 -1.03123 -0.133147 0.0250931 0.232252
4 1.31 1.5 0 1.5 0 0 1.57075 0 0 0 0 0 0
5 1.31 43 0.00113225 2
6 1.31 40.638 -0.305283 0.329241 -1.66435
0 1.32 0.0941485 -0.179643 1.4533 0.218884 0.0189512 1.62687 0.483788 0.10748 -1.23321 0.136001 -0.283894 0.703733
1 1.32 0.1135 -0.175344 1.40398 0.224798 0.00175403 1.65188 0.625518 0.127605 -0.984514 -0.143828 0.0368016 0.15695
4 1.32 1.5 0 1.5 0 0 1.57075 0 0 0 0 0 0
5 1.32 43 0.00128484 2
6 1.32 40.2339 -0.329447 0.360002 -1.74565
0 1.33 0.0987343 -0.179408 1.44091 0.220276 0.0145261 1.63288 0.511403 0.107658 -1.18107 0.132721 -0.297346 0.675226
1 1.33 0.11919 -0.175102 1.39367 0.22593 -0.00298173 1.65664 0.647649 0.125036 -0.961406 -0.152038 0.0180169 0.0794303
4 1.33 1.5 0 1.5 0 0 1.57075 0 0 0 0 0 0
5 1.33 42 0.00105214 1
6 1.33 38.4212 -0.335044 0.354389 -1.90212
0 1.35 0.106194 -0.179166 1.42254 0.222531 0.00514511 1.64358 0.552749 0.108079 -1.10759 0.0951754 -0.372402 0.590065
1 1.35 0.128304 -0.174843 1.37823 0.22644 -0.0145927 1.66331 0.688139 0.121051 -0.899078 -0.175393 0.041812 -0.11122
4 1.35 1.5 0 1.5 0 0 1.57075 0 0 0 0 0 0
5 1.35 42 0.00103188 1
6 1.35 37.7368 -0.320717 0.470579 -2.23889
0 1.36 0.112988 -0.178635 1.40826 0.223264 -6.68538e-05 1.64798 0.58782 0.108828 -1.04781 0.0611507 -0.430952 0.516133
1 1.36 0.136501 -0.174282 1.36635 0.225709 -0.0214482 1.66429 0.721738 0.119145 -0.848644 -0.193551 0.0513175 -0.225416
4 1.36 1.5 0 1.5 0 0 1.57075 0 0 0 0 0 0
5 1.36 42 0.000869036 1
6 1.36 37.1556 -0.303183 0.550701 -2.36742
0 1.37 0.120783 -0.178486 1.39249 0.223687 -0.00559595 1.6516 0.62319 0.10885 -0.991016 0.0362782 -0.473725 0.457859
1 1.37 0.14571 -0.174132 1.35285 0.225062 -0.0281355 1.66525 0.755756 0.116309 -0.799959 -0.211538 0.0639521 -0.325475
4 1.37 1.5 0 1.5 0 0 1.57075 0 0 0 0 0 0
5 1.37 42 0.00104904 1
6 1.37 36.6504 -0.295027 0.615512 -2.50081
0 1.39 0.128944 -0.177997 1.37831 0.223831 -0.0174705 1.6573 0.658589 0.108588 -0.935076 -0.0142421 -0.549906 0.372463
1 1.39 0.155288 -0.173654 1.3409 0.223093 -0.042225 1.66695 0.789676 0.109888 -0.753382 -0.232965 0.0939658 -0.529557
4 1.39 1.5 0 1.5 0 0 1.57075 0 0 0 0 0 0
5 1.39 42 0.000705957 1
6 1.39 36.0684 -0.261486 0.739168 -2.87969
0 1.4 0.136467 -0.177914 1.36548 0.223444 -0.0238853 1.65941 0.692909 0.10759 -0.879684 -0.0382427 -0.580355 0.335388
1 1.4 0.164183 -0.17361 1.33029 0.221725 -0.0494951 1.66735 0.823033 0.105495 -0.702676 -0.233969 0.112704 -0.601871
4 1.4 1.5 0 1.5 0 0 1.57075 0 0 0 0 0 0
5 1.4 41 0.000697851 1
6 1.4 35.7755 -0.234923 0.796226 -2.99218
0 1.41 0.144938 -0.177469 1.35344 0.222653 -0.0320678 1.66124 0.72832 0.10599 -0.822919 -0.0675131 -0.625181 0.274838
1 1.41 0.174071 -0.17323 1.32052 0.219785 -0.0588853 1.66645 0.856317 0.0995547 -0.655142 -0.252347 0.133947 -0.719227
4 1.41 1.5 0 1.5 0 0 1.57075 0 0 0 0 0 0
5 1.41 41 0.000689507 1
6 1.41 35.1973 -0.220869 0.872504 -3.1735
0 1.42 0.154812 -0.177442 1.34003 0.222006 -0.0373569 1.66202 0.763563 0.103091 -0.770376 -0.08566 -0.660962 0.234527
1 1.42 0.185355 -0.173319 1.30922 0.218455 -0.0652121 1.66536 0.889691 0.0938999 -0.610431 -0.270302 0.148738 -0.785646
4 1.42 1.5 0 1.5 0 0 1.57075 0 0 0 0 0 0
5 1.42 41 0.000640869 1
6 1.42 34.7065 -0.219278 0.930653 -3.25684
0 1.44 0.165391 -0.177072 1.32783 0.2201 -0.0500495 1.66259 0.799998 0.099364 -0.715195 -0.13287 -0.737011 0.148231
1 1.44 0.197391 -0.173098 1.29923 0.214818 -0.0801132 1.66194 0.91637 0.0843623 -0.596412 -0.312956 0.127622 -0.504063
4 1.44 1.5 0 1.5 0 0 1.57075 0 0 0 0 0 0
5 1.44 41 0.00119615 2
6 1.44 32.1242 -0.210438 0.993646 -2.08234
0 1.45 0.173962 -0.177206 1.31788 0.218203 -0.0594635 1.66178 0.831148 0.0948411 -0.665444 -0.172165 -0.784246 0.0888465
1 1.45 0.207208 -0.173413 1.29126 0.211514 -0.0908589 1.65845 0.94537 0.0751307 -0.553812 -0.329701 0.152181 -0.582562
4 1.45 1.5 0 1.5 0 0 1.57075 0 0 0 0 0 0
5 1.45 41 0.00102425 2
6 1.45 31.6778 -0.181968 1.07565 -2.14332
0 1.46 0.183772 -0.177038 1.30851 0.216411 -0.0673544 1.66059 0.864083 0.0885583 -0.612536 -0.199563 -0.818119 0.0444618
1 1.46 0.218335 -0.173495 1.28401 0.208785 -0.0996977 1.65529 0.97351 0.0655462 -0.519703 -0.341543 0.151347 -0.468026
4 1.46 1.5 0 1.5 0 0 1.57075 0 0 0 0 0 0
5 1.46 40 0.00128746 2
6 1.46 30.4995 -0.161839 1.11303 -1.63593
0 1.47 0.196036 -0.177394 1.29738 0.214329 -0.0757456 1.65891 0.898512 0.0800331 -0.560643 -0.225796 -0.859136 -0.00130088
1 1.47 0.231977 -0.174192 1.27496 0.205855 -0.109314 1.65153 1.00578 0.0530473 -0.474454 -0.360767 0.176616 -0.514027
4 1.47 1.5 0 1.5 0 0 1.57075 0 0 0 0 0 0
5 1.47 40 0.00136495 2
6 1.47 30.0862 -0.150928 1.18832 -1.63666
0 1.49 0.208049 -0.177464 1.28821 0.209801 -0.0927313 1.65424 0.930828 0.0704519 -0.509938 -0.274383 -0.916639 -0.0837991
1 1.49 0.245283 -0.174645 1.26781 0.19984 -0.127895 1.64327 1.03492 0.0351751 -0.431046 -0.377013 0.224354 -0.61044
4 1.49 1.5 0 1.5 0 0 1.57075 0 0 0 0 0 0
5 1.49 40 0.00133705 2
6 1.49 29.6411 -0.10855 1.30718 -1.68101
0 1.5 0.219305 -0.178048 1.27962 0.206519 -0.103905 1.65029 0.962591 0.0585182 -0.457814 -0.306997 -0.961848 -0.146585
1 1.5 0.257809 -0.175707 1.26131 0.19566 -0.140359 1.63659 1.06399 0.0179963 -0.38564 -0.392508 0.260493 -0.674986
4 1.5 1.5 0 1.5 0 0 1.57075 0 0 0 0 0 0
5 1.5 40 0.00112844 2
6 1.5 29.2305 -0.0841454 1.39869 -1.68658
0 1.51 0.233873 -0.178437 1.2711 0.204221 -0.111368 1.64723 1.00002 0.0414713 -0.394269 -0.331429 -0.988302 -0.186231
1 1.51 0.273874 -0.176779 1.25533 0.192677 -0.148568 1.63182 1.09852 -0.00205138 -0.331368 -0.413669 0.289726 -0.688001
4 1.51 1.5 0 1.5 0 0 1.57075 0 0 0 0 0 0
5 1.51 40 0.00120521 2
6 1.51 28.6565 -0.0769617 1.46119 -1.60153
0 1.53 0.248808 -0.179693 1.26243 0.19792 -0.130779 1.63833 1.03043 0.0203687 -0.337305 -0.384259 -1.04882 -0.270894
1 1.53 0.290025 -0.178878 1.24894 0.185032 -0.169782 1.61929 1.12547 -0.0326687 -0.278632 -0.421402 0.365438 -0.848917
4 1.53 1.5 0 1.5 0 0 1.57075 0 0 0 0 0 0
5 1.53 40 0.00133252 3
6 1.53 28.421 -0.0183165 1.61398 -1.84488
0 1.54 0.259485 -0.180448 1.25734 0.194883 -0.139638 1.6338 1.05197 0.00507111 -0.296839 -0.407322 -1.06422 -0.305104
1 1.54 0.301564 -0.180245 1.24547 0.181432 -0.179038 1.61338 1.14437 -0.0517223 -0.244583 -0.431797 0.399844 -0.86926
4 1.54 1.5 0 1.5 0 0 1.57075 0 0 0 0 0 0
5 1.54 40 0.00135922 3
6 1.54 28.0336 -0.000823166 1.66945 -1.80058
0 1.55 0.278043 -0.182516 1.24931 0.191439 -0.149565 1.62834 1.08514 -0.0202042 -0.238041 -0.428571 -1.08832 -0.345245
1 1.55 0.321449 -0.183324 1.23979 0.177587 -0.189675 1.60625 1.17515 -0.0815027 -0.189983 -0.443426 0.464072 -0.993651
4 1.55 1.5 0 1.5 0 0 1.57075 0 0 0 0 0 0
5 1.55 40 0.0013814 2
6 1.55 27.7903 0.0141162 1.76882 -2.0695
0 1.56 0.290736 -0.183816 1.24486 0.187744 -0.160021 1.62221 1.1078 -0.0386843 -0.196728 -0.467151 -1.11987 -0.397486
1 1.56 0.335048 -0.185363 1.237 0.172928 -0.201061 1.59791 1.19458 -0.104177 -0.156257 -0.455157 0.50496 -1.02573
4 1.56 1.5 0 1.5 0 0 1.57075 0 0 0 0 0 0
5 1.56 40 0.00101972 2
6 1.56 27.3368 0.0498349 1.8488 -2.00506
0 1.57 0.304137 -0.185782 1.24004 0.183093 -0.17257 1.6143 1.13261 -0.0623078 -0.148743 -0.507093 -1.14305 -0.448913
1 1.57 0.349442 -0.188274 1.23409 0.167338 -0.214259 1.58793 1.21551 -0.132732 -0.116808 -0.465415 0.557807 -1.05721
4 1.57 1.5 0 1.5 0 0 1.57075 0 0 0 0 0 0
5 1.57 40 0.00105047 2
6 1.57 26.8309 0.088612 1.93256 -1.94134
0 1.59 0.318509 -0.187753 1.23645 0.176034 -0.190956 1.60186 1.1574 -0.0886301 -0.098587 -0.550639 -1.17581 -0.519098
1 1.59 0.364805 -0.191299 1.23251 0.159552 -0.233626 1.57265 1.23556 -0.167007 -0.0731795 -0.464722 0.641811 -1.18381
4 1.59 1.5 0 1.5 0 0 1.57075 0 0 0 0 0 0
5 1.59 40 0.00167537 3
6 1.59 26.4736 0.146064 2.06169 -2.12135
0 1.6 0.334952 -0.190825 1.23245 0.171886 -0.20161 1.59424 1.18217 -0.116473 -0.0514295 -0.579754 -1.19459 -0.571791
1 1.6 0.382238 -0.195483 1.23039 0.154972 -0.244777 1.5629 1.2568 -0.198594 -0.0335869 -0.471205 0.701504 -1.22732
4 1.6 1.5 0 1.5 0 0 1.57075 0 0 0 0 0 0
5 1.6 40 0.0019567 4
6 1.6 26.0304 0.177335 2.14794 -2.092
0 1.61 0.348173 -0.193218 1.23018 0.168716 -0.209677 1.58821 1.20123 -0.140199 -0.0127169 -0.597405 -1.20208 -0.594627
1 1.61 0.396223 -0.198825 1.22967 0.151528 -0.253084 1.55599 1.27328 -0.225168 2.65562e-06 -0.471471 0.762405 -1.29159
4 1.61 1.5 0 1.5 0 0 1.57075 0 0 0 0 0 0
5 1.61 40 0.00189447 3
6 1.61 25.7346 0.199383 2.22443 -2.22424
0 1.62 0.36146 -0.196175 1.22774 0.163122 -0.223641 1.57751 1.21972 -0.166029 0.0265045 -0.634937 -1.2096 -0.646412
1 1.62 0.410249 -0.202816 1.2288 0.145315 -0.267184 1.54329 1.28714 -0.255608 0.0299332 -0.476801 0.823481 -1.31548
4 1.62 1.5 0 1.5 0 0 1.57075 0 0 0 0 0 0
5 1.62 40 0.00201535 3
6 1.62 25.1982 0.240905 2.29855 -2.13514
0 1.63 0.377154 -0.199594 1.22625 0.158784 -0.234222 1.5688 1.24008 -0.198682 0.0729108 -0.668707 -1.2254 -0.696646
1 1.63 0.426757 -0.207541 1.22917 0.14045 -0.278215 1.53254 1.30333 -0.290737 0.0657897 -0.484684 0.879901 -1.31085
4 1.63 1.5 0 1.5 0 0 1.57075 0 0 0 0 0 0
5 1.63 40 0.00178885 3
6 1.63 24.5699 0.275741 2.37681 -1.95992
0 1.64 0.389659 -0.202875 1.22476 0.154142 -0.245267 1.55943 1.25549 -0.227121 0.110253 -0.689561 -1.22578 -0.720687
1 1.64 0.439878 -0.21196 1.22917 0.135574 -0.289291 1.52231 1.31492 -0.322368 0.0956527 -0.498286 1.00246 -1.67552
4 1.64 1.5 0 1.5 0 0 1.57075 0 0 0 0 0 0
5 1.64 40 0.000767469 1
6 1.64 24.1403 0.286287 2.51529 -3.04734
0 1.65 0.402983 -0.206347 1.22424 0.149218 -0.256876 1.54922 1.27036 -0.258448 0.149322 -0.712493 -1.22886 -0.757065
1 1.65 0.453798 -0.216685 1.23021 0.130504 -0.300983 1.5107 1.32544 -0.356292 0.124794 -0.501366 1.05998 -1.66659
4 1.65 1.5 0 1.5 0 0 1.57075 0 0 0 0 0 0
5 1.65 40 0.00101829 1
6 1.65 23.5583 0.312338 2.5813 -2.90266
0 1.67 0.421398 -0.211896 1.2237 0.139887 -0.278147 1.52949 1.28812 -0.303204 0.200994 -0.785983 -1.23167 -0.859182
1 1.67 0.472923 -0.224024 1.23174 0.120127 -0.32214 1.48695 1.3356 -0.406031 0.161526 -0.502828 1.15128 -1.70269
4 1.67 1.5 0 1.5 0 0 1.57075 0 0 0 0 0 0
5 1.67 40 0.000711918 1
6 1.67 22.7029 0.403395 2.678 -2.69181
0 1.68 0.434165 -0.215785 1.22418 0.136374 -0.285976 1.52167 1.29962 -0.334662 0.236405 -0.804624 -1.23009 -0.885077
1 1.68 0.48615 -0.229172 1.23364 0.116469 -0.329909 1.47814 1.34378 -0.438043 0.1878 -0.505431 1.19716 -1.67472
4 1.68 1.5 0 1.5 0 0 1.57075 0 0 0 0 0 0
5 1.68 40 0.000631094 1
6 1.68 22.1545 0.423834 2.72576 -2.51981
0 1.69 0.453832 -0.222842 1.22475 0.131413 -0.296962 1.51047 1.31476 -0.378546 0.280698 -0.823305 -1.22535 -0.907747
1 1.69 0.506422 -0.237983 1.23598 0.111462 -0.340795 1.46611 1.35443 -0.482693 0.220201 -0.509303 1.26161 -1.6357
4 1.69 1.5 0 1.5 0 0 1.57075 0 0 0 0 0 0
5 1.69 40 0.000655413 1
6 1.69 21.4445 0.442334 2.79136 -2.32283
0 1.7 0.472364 -0.229585 1.22659 0.12535 -0.310396 1.49639 1.32659 -0.42307 0.323544 -0.852395 -1.22191 -0.952234
1 1.7 0.525427 -0.246507 1.23953 0.105336 -0.354126 1.45029 1.36113 -0.528396 0.250592 -0.510538 1.32967 -1.62454
4 1.7 1.5 0 1.5 0 0 1.57075 0 0 0 0 0 0
5 1.7 40 0.000646114 1
6 1.7 20.7106 0.477692 2.86016 -2.14516
0 1.72 0.490146 -0.236942 1.22794 0.116464 -0.329656 1.47511 1.3357 -0.472014 0.367568 -0.897592 -1.20773 -1.01272
1 1.72 0.543574 -0.255823 1.24264 0.096247 -0.37293 1.42666 1.36332 -0.579703 0.280768 -0.506553 1.4131 -1.64017
4 1.72 1.5 0 1.5 0 0 1.57075 0 0 0 0 0 0
5 1.72 40 0.000702381 1
6 1.72 19.9182 0.537593 2.93153 -2.0019
0 1.73 0.510422 -0.245826 1.23086 0.111051 -0.340894 1.46218 1.33321 -0.534007 0.397285 -0.925437 -1.19173 -1.04407
1 1.73 0.563751 -0.267187 1.24675 0.0906317 -0.383641 1.41253 1.35653 -0.6417 0.299548 -0.500232 1.49036 -1.58825
4 1.73 1.5 0 1.5 0 0 1.57075 0 0 0 0 0 0
5 1.73 40 0.000695229 1
6 1.73 19.2688 0.577554 2.99708 -1.73605
0 1.74 0.527687 -0.254314 1.23297 0.105042 -0.35306 1.44752 1.33238 -0.583611 0.422896 -0.964843 -1.17781 -1.1017
1 1.74 0.580982 -0.277659 1.24989 0.0844181 -0.395292 1.39555 1.3512 -0.691525 0.314838 -0.48901 1.56917 -1.59627
4 1.74 1.5 0 1.5 0 0 1.57075 0 0 0 0 0 0
5 1.74 40 0.00127196 2
6 1.74 18.6636 0.638566 3.06351 -1.57764
0 1.75 0.542874 -0.262015 1.23574 0.0996102 -0.364121 1.43349 1.33104 -0.629059 0.448226 -0.989087 -1.16539 -1.14357
1 1.75 0.596116 -0.287178 1.25367 0.0791603 -0.405956 1.37982 1.34579 -0.73664 0.33015 -0.479491 1.63763 -1.60198
4 1.75 1.5 0 1.5 0 0 1.57075 0 0 0 0 0 0
5 1.75 40 0.00104022 2
6 1.75 18.0708 0.679216 3.12215 -1.46217
0 1.77 0.563429 -0.273383 1.23957 0.0897419 -0.384035 1.40664 1.32755 -0.693611 0.485039 -1.03177 -1.12686 -1.19779
1 1.77 0.616531 -0.301127 1.25897 0.0693867 -0.424634 1.35082 1.33521 -0.800527 0.350561 -0.45705 1.75568 -1.63754
4 1.77 1.5 0 1.5 0 0 1.57075 0 0 0 0 0 0
5 1.77 40 0.00197935 4
6 1.77 17.1077 0.753474 3.2047 -1.4026
0 1.78 0.577798 -0.281663 1.2431 0.0847067 -0.393951 1.39265 1.32404 -0.740252 0.512309 -1.05895 -1.10783 -1.23165
1 1.78 0.63076 -0.311273 1.26359 0.0643125 -0.433937 1.33543 1.32818 -0.844877 0.365855 -0.446067 1.82756 -1.6559
4 1.78 1.5 0 1.5 0 0 1.57075 0 0 0 0 0 0
5 1.78 40 0.00107145 2
6 1.78 16.3726 0.797385 3.25966 -1.35309
0 1.79 0.59351 -0.291347 1.24649 0.0809078 -0.401258 1.38178 1.31704 -0.795622 0.543764 -1.08344 -1.08528 -1.26579
1 1.79 0.646192 -0.323172 1.26824 0.0604702 -0.440435 1.32315 1.31863 -0.896882 0.385076 -0.43827 1.88857 -1.62893
4 1.79 1.5 0 1.5 0 0 1.57075 0 0 0 0 0 0
5 1.79 40 0.00107288 2
6 1.79 15.601 0.834268 3.29821 -1.15798
0 1.8 0.606528 -0.299775 1.25016 0.0758601 -0.410926 1.36667 1.31019 -0.842318 0.570494 -1.11309 -1.05535 -1.31855
1 1.8 0.658935 -0.333468 1.27298 0.0556459 -0.449022 1.30581 1.30861 -0.940447 0.399358 -0.425508 1.95442 -1.64696
4 1.8 1.5 0 1.5 0 0 1.57075 0 0 0 0 0 0
5 1.8 40 0.00158 3
6 1.8 14.8257 0.883177 3.33145 -1.04711
0 1.81 0.627058 -0.314201 1.2558 0.0696415 -0.422482 1.34731 1.30285 -0.904069 0.603563 -1.144 -1.0245 -1.35325
1 1.81 0.679172 -0.350364 1.27995 0.049439 -0.459596 1.28498 1.29772 -0.997283 0.415884 -0.413163 2.03673 -1.66124
4 1.81 1.5 0 1.5 0 0 1.57075 0 0 0 0 0 0
5 1.81 40 0.00199127 4
6 1.81 13.7814 0.931153 3.38381 -0.981903
0 1.83 0.650012 -0.331324 1.26383 0.0612667 -0.438326 1.31949 1.28912 -0.979226 0.642669 -1.17397 -0.983126 -1.41042
1 1.83 0.701577 -0.370493 1.28954 0.0418318 -0.474123 1.25464 1.2798 -1.06537 0.433218 -0.395122 2.13812 -1.71845
4 1.83 1.5 0 1.5 0 0 1.57075 0 0 0 0 0 0
5 1.83 40 0.00123787 3
6 1.83 12.3988 0.98489 3.44374 -0.982064
0 1.84 0.664997 -0.343032 1.26826 0.0553383 -0.449103 1.29886 1.2752 -1.03542 0.670388 -1.20655 -0.935613 -1.45158
1 1.84 0.716006 -0.384448 1.29508 0.0360144 -0.483259 1.2322 1.26347 -1.11578 0.445131 -0.380747 2.20746 -1.7435
4 1.84 1.5 0 1.5 0 0 1.57075 0 0 0 0 0 0
5 1.84 40 0.00168133 4
6 1.84 11.3819 1.0351 3.46085 -0.930685
0 1.85 0.679883 -0.355473 1.27388 0.0516399 -0.455643 1.2855 1.25834 -1.09293 0.69818 -1.22237 -0.912402 -1.47531
1 1.85 0.730217 -0.39919 1.30181 0.0325477 -0.489045 1.21777 1.24642 -1.163 0.449837 -0.357841 2.32358 -1.84548
4 1.85 1.5 0 1.5 0 0 1.57075 0 0 0 0 0 0
5 1.85 40 0.00110936 2
6 1.85 9.83908 1.07745 3.56313 -1.18052
0 1.86 0.695564 -0.369161 1.27928 0.0460518 -0.46542 1.26438 1.23789 -1.15438 0.726196 -1.24877 -0.866474 -1.51895
1 1.86 0.74508 -0.415336 1.30833 0.0273834 -0.497245 1.19468 1.2247 -1.21813 0.46275 -0.351881 2.36879 -1.86845
4 1.86 1.5 0 1.5 0 0 1.57075 0 0 0 0 0 0
5 1.86 40 0.00106025 2
6 1.86 8.84796 1.11121 3.55456 -1.11455
0 1.88 0.711275 -0.384029 1.28614 0.0371963 -0.480317 1.22831 1.21431 -1.21777 0.754809 -1.29127 -0.784683 -1.593
1 1.88 0.759848 -0.43274 1.31633 0.0193299 -0.509313 1.15519 1.19918 -1.27418 0.474154 -0.348056 2.40687 -1.9749
4 1.88 1.5 0 1.5 0 0 1.57075 0 0 0 0 0 0
5 1.88 40 0.0010941 2
6 1.88 7.72294 1.15762 3.49112 -1.21804
0 1.89 0.726764 -0.399247 1.29208 0.0329068 -0.487322 1.20955 1.19609 -1.27084 0.77715 -1.31676 -0.743301 -1.63235
1 1.89 0.774608 -0.45008 1.32317 0.0153388 -0.514889 1.13458 1.18109 -1.32091 0.483141 -0.345782 2.43708 -2.01057
4 1.89 1.5 0 1.5 0 0 1.57075 0 0 0 0 0 0
5 1.89 40 0.000931263 2
6 1.89 6.82414 1.1857 3.47064 -1.20635
0 1.9 0.745076 -0.418618 1.3007 0.0287461 -0.494 1.19053 1.16913 -1.33886 0.805148 -1.32845 -0.71318 -1.65813
1 1.9 0.791841 -0.472173 1.33291 0.0117534 -0.52061 1.1143 1.15569 -1.37946 0.492005 -0.330447 2.49549 -2.00423
4 1.9 1.5 0 1.5 0 0 1.57075 0 0 0 0 0 0
5 1.9 40 0.00137115 3
6 1.9 5.51603 1.21342 3.49868 -1.10384
0 1.91 0.764713 -0.440465 1.30957 0.0247447 -0.500357 1.17109 1.13409 -1.41497 0.834288 -1.34107 -0.676462 -1.68766
1 1.91 0.810077 -0.497064 1.34294 0.00836672 -0.525737 1.09341 1.12369 -1.44361 0.497539 -0.303973 2.57579 -1.96666
4 1.91 1.5 0 1.5 0 0 1.57075 0 0 0 0 0 0
5 1.91 40 0.00167727 3
6 1.91 3.88605 1.25381 3.54366 -0.889675
0 1.92 0.777437 -0.455738 1.3161 0.0208529 -0.506252 1.15118 1.10544 -1.466 0.842167 -1.36334 -0.61788 -1.72704
1 1.92 0.821654 -0.514378 1.34979 0.00489893 -0.529522 1.07162 1.09733 -1.4865 0.489504 -0.280729 2.63644 -1.94747
4 1.92 1.5 0 1.5 0 0 1.57075 0 0 0 0 0 0
5 1.92 40 0.00207901 5
6 1.92 2.78351 1.29864 3.53846 -0.702777
0 1.94 0.809784 -0.49762 1.33298 0.0126795 -0.518019 1.10544 1.04 -1.58415 0.868175 -1.38836 -0.521307 -1.79843
1 1.94 0.851384 -0.560987 1.36771 -0.00170809 -0.537957 1.02234 1.03557 -1.59356 0.493999 -0.281936 2.66086 -2.02897
4 1.94 1.5 0 1.5 0 0 1.57075 0 0 0 0 0 0
5 1.94 40 0.00361037 6
6 1.94 1.28488 1.31469 3.44387 -0.735172
0 1.96 0.823156 -0.515931 1.33996 0.00684343 -0.525849 1.06696 1.0084 -1.63565 0.881026 -1.41216 -0.414822 -1.86498
1 1.96 0.863492 -0.581357 1.3752 -0.0062841 -0.541931 0.980579 1.00232 -1.64703 0.510867 -0.315321 2.58425 -2.19305
4 1.96 1.5 0 1.5 0 0 1.57075 0 0 0 0 0 0
5 1.96 40 0.00122118 2
6 1.96 1.57511 1.29055 3.22245 -1.04667
0 1.97 0.838211 -0.538722 1.34947 0.00397484 -0.529392 1.04605 0.966137 -1.69859 0.898359 -1.4201 -0.373187 -1.89263
1 1.97 0.876856 -0.606666 1.3854 -0.00849945 -0.544018 0.958273 0.963247 -1.70367 0.515954 -0.304568 2.60863 -2.16951
4 1.97 1.5 0 1.5 0 0 1.57075 0 0 0 0 0 0
5 1.97 40 0.00127006 2
6 1.97 0.709287 1.30595 3.19817 -0.883344
0 1.98 0.853059 -0.561804 1.35835 0.000980477 -0.532687 1.02248 0.921607 -1.76085 0.91563 -1.43479 -0.296499 -1.93305
1 1.98 0.889923 -0.632238 1.39497 -0.0108205 -0.544471 0.932707 0.922329 -1.75967 0.520875 -0.292488 2.62997 -2.14158
4 1.98 1.5 0 1.5 0 0 1.57075 0 0 0 0 0 0
5 1.98 40 0.00109506 2
6 1.98 -0.1674 1.32502 3.12756 -0.665247
0 2 0.868742 -0.589735 1.37014 -0.00411206 -0.537439 0.977917 0.864653 -1.83262 0.937272 -1.44907 -0.204472 -1.99416
1 2 0.903328 -0.66304 1.40763 -0.0145582 -0.545946 0.885099 0.869822 -1.82508 0.529532 -0.282189 2.63139 -2.17747
4 2 1.5 0 1.5 0 0 1.57075 0 0 0 0 0 0
5 2 40 0.00107121 2
6 2 -1.09378 1.33899 3.01396 -0.584858
0 2.01 0.881133 -0.611524 1.37818 -0.00636082 -0.539116 0.954172 0.82655 -1.88186 0.951655 -1.45072 -0.128836 -2.03817
1 2.01 0.914195 -0.686798 1.41624 -0.0156385 -0.544788 0.859211 0.83516 -1.87002 0.534793 -0.272358 2.63958 -2.15682
4 2.01 1.5 0 1.5 0 0 1.57075 0 0 0 0 0 0
5 2.01 40 0.00130105 2
6 2.01 -1.74597 1.33995 2.93102 -0.378579
0 2.02 0.894696 -0.638494 1.389 -0.00813637 -0.540118 0.932751 0.775607 -1.94091 0.969369 -1.44801 -0.0855361 -2.05748
1 2.02 0.92572 -0.71613 1.42778 -0.0167294 -0.544209 0.836828 0.821619 -1.88086 0.450821 0.0591953 3.3174 -0.385501
4 2.02 1.5 0 1.5 0 0 1.57075 0 0 0 0 0 0
5 2.02 40 0.00408888 12
6 2.02 -9.00931 1.70082 3.65716 5.33794
0 2.03 0.907758 -0.664847 1.3988 -0.00973056 -0.540689 0.911656 0.723515 -1.99686 0.985725 -1.44732 -0.0367318 -2.08177
1 2.03 0.936698 -0.744722 1.43823 -0.0176413 -0.542968 0.814552 0.77322 -1.93515 0.461361 0.0152551 3.23639 -0.691746
4 2.03 1.5 0 1.5 0 0 1.57075 0 0 0 0 0 0
5 2.03 40 0.00292397 8
6 2.03 -9.42805 1.64274 3.50541 4.43771
0 2.04 0.919418 -0.69219 1.40982 -0.0117986 -0.540858 0.879644 0.667438 -2.05187 1.00293 -1.43725 0.0371954 -2.12595
1 2.04 0.946115 -0.774265 1.44994 -0.0182082 -0.540373 0.780434 0.711411 -2.00113 0.498763 -0.0853089 3.00379 -1.28662
4 2.04 1.5 0 1.5 0 0 1.57075 0 0 0 0 0 0
5 2.04 40 0.00251985 6
6 2.04 -7.98582 1.50623 3.1502 2.67949
0 2.06 0.941327 -0.746589 1.43034 -0.0142934 -0.539095 0.825576 0.570625 -2.14513 1.03718 -1.43385 0.15445 -2.15445
1 2.06 0.964152 -0.832395 1.47183 -0.0200483 -0.534149 0.725063 0.602269 -2.11269 0.569057 -0.161294 2.75349 -1.55215
4 2.06 1.5 0 1.5 0 0 1.57075 0 0 0 0 0 0
5 2.06 40 0.0018084 4
6 2.06 -5.40492 1.39666 2.72571 1.92258
0 2.08 0.952301 -0.776259 1.44134 -0.0154821 -0.534905 0.781673 0.506633 -2.19827 1.0706 -1.25251 0.37825 -2.09535
1 2.08 0.972566 -0.864189 1.48416 -0.0157879 -0.521075 0.68399 0.518201 -2.18746 0.651497 -0.177841 2.55884 -1.38741
4 2.08 1.5 0 1.5 0 0 1.57075 0 0 0 0 0 0
5 2.08 40 0.00221896 5
6 2.08 -1.90127 1.13762 2.28416 2.25956
0 2.09 0.962553 -0.811413 1.45593 -0.0139737 -0.529682 0.75764 0.423663 -2.26227 1.12885 -1.02547 0.609679 -2.06908
1 2.09 0.9795 -0.901904 1.50108 -0.00634035 -0.506454 0.661349 0.426225 -2.25998 0.73058 -0.169054 2.46224 -1.25693
4 2.09 1.5 0 1.5 0 0 1.57075 0 0 0 0 0 0
5 2.09 40 0.000803232 1
6 2.09 -0.416598 0.855048 1.9495 2.59209
0 2.1 0.971291 -0.839851 1.46665 -0.00813215 -0.519712 0.733752 0.36759 -2.30921 1.1753 -0.473642 1.14195 -2.03318
1 2.1 0.985995 -0.932219 1.51367 0.019667 -0.474697 0.639628 0.337813 -2.33519 0.851956 -0.146264 2.27169 -0.832884
4 2.1 1.5 0 1.5 0 0 1.57075 0 0 0 0 0 0
5 2.1 40 0.00194979 5
6 2.1 4.87319 0.176366 1.21629 3.83134
0 2.12 0.979694 -0.87434 1.48119 0.0114578 -0.492523 0.693308 0.294581 -2.36619 1.23993 0.235851 1.74862 -1.99563
1 2.12 0.991478 -0.968987 1.53078 0.0632957 -0.421668 0.603631 0.255878 -2.39996 0.943231 -0.137533 2.23057 -0.724941
4 2.12 1.5 0 1.5 0 0 1.57075 0 0 0 0 0 0
5 2.12 40 0.00384665 8
6 2.12 6.65253 -0.703256 0.591988 4.05713
0 2.13 0.988968 -0.913643 1.49738 0.0314037 -0.46688 0.66575 0.219652 -2.41736 1.29664 0.809088 2.18111 -1.95335
1 2.13 0.997754 -1.01034 1.54925 0.10175 -0.377225 0.581363 0.181559 -2.45182 1.00591 -0.129025 2.23861 -0.696274
4 2.13 1.5 0 1.5 0 0 1.57075 0 0 0 0 0 0
5 2.13 40 0.00325394 9
6 2.13 6.97694 -1.3982 0.19706 4.01522
0 2.14 0.9947 -0.946489 1.5123 0.0506329 -0.44296 0.645094 0.158541 -2.45715 1.34195 1.07421 2.3471 -1.91743
1 2.14 1.00104 -1.04478 1.56598 0.127685 -0.345314 0.565572 0.123266 -2.49086 1.0517 -0.138116 2.23949 -0.682341
4 2.14 1.5 0 1.5 0 0 1.57075 0 0 0 0 0 0
5 2.14 40 0.00304961 8
6 2.14 6.93368 -1.72464 0.0473719 3.94587
0 2.15 1.00164 -0.98366 1.52842 0.0657499 -0.424207 0.630472 0.102699 -2.49729 1.38331 1.23929 2.40991 -1.87809
1 2.15 1.00575 -1.08355 1.58375 0.146316 -0.323083 0.55517 0.070634 -2.52959 1.09043 -0.145068 2.23909 -0.666128
4 2.15 1.5 0 1.5 0 0 1.57075 0 0 0 0 0 0
5 2.15 40 0.00413465 8
6 2.15 6.70255 -1.91923 -0.00293725 3.87259
0 2.17 1.00575 -1.01265 1.54188 0.115907 -0.362656 0.588194 0.0599897 -2.52693 1.41426 1.51201 2.39342 -1.76455
1 2.17 1.00815 -1.11372 1.59845 0.198788 -0.259399 0.52505 0.0338041 -2.56029 1.12806 -0.236102 2.21209 -0.598859
4 2.17 1.5 0 1.5 0 0 1.57075 0 0 0 0 0 0
5 2.17 40 0.00484252 9
6 2.17 7.00403 -2.30147 0.0132554 3.7256
0 2.18 1.01072 -1.04435 1.55604 0.135618 -0.338714 0.573982 0.0173358 -2.55753 1.44497 1.59331 2.35776 -1.70011
1 2.18 1.01141 -1.14665 1.61384 0.218596 -0.236075 0.516062 -0.00516823 -2.58993 1.15614 -0.262257 2.2032 -0.56612
4 2.18 1.5 0 1.5 0 0 1.57075 0 0 0 0 0 0
5 2.18 40 0.00299311 7
6 2.18 6.7883 -2.40413 0.047351 3.62454
0 2.19 1.01386 -1.0729 1.56967 0.156414 -0.31347 0.56017 -0.0192668 -2.5839 1.47142 1.65625 2.30088 -1.63191
1 2.19 1.01309 -1.17626 1.62853 0.238918 -0.212389 0.507459 -0.0381149 -2.6155 1.18006 -0.292842 2.19364 -0.52771
4 2.19 1.5 0 1.5 0 0 1.57075 0 0 0 0 0 0
5 2.19 40 0.00311327 8
6 2.19 6.58649 -2.48803 0.101141 3.52949
0 2.2 1.01817 -1.1079 1.58589 0.176921 -0.288817 0.547559 -0.0575533 -2.61439 1.50102 1.69606 2.24872 -1.57954
1 2.2 1.01586 -1.21248 1.64593 0.25854 -0.189152 0.499192 -0.0727465 -2.64485 1.20565 -0.323024 2.18578 -0.501507
4 2.2 1.5 0 1.5 0 0 1.57075 0 0 0 0 0 0
5 2.2 40 0.00277185 7
6 2.2 6.29813 -2.54975 0.149985 3.44597
0 2.21 1.02052 -1.13806 1.60077 0.197261 -0.264411 0.535904 -0.0875194 -2.64 1.5261 1.73114 2.19404 -1.52635
1 2.21 1.01702 -1.24366 1.66181 0.278059 -0.166386 0.491698 -0.0993871 -2.66954 1.2271 -0.355832 2.17555 -0.47601
4 2.21 1.5 0 1.5 0 0 1.57075 0 0 0 0 0 0
5 2.21 40 0.00337052 8
6 2.21 6.04378 -2.60909 0.197949 3.35753
0 2.22 1.02435 -1.1774 1.61952 0.217283 -0.240575 0.525476 -0.119465 -2.67225 1.55667 1.75915 2.13872 -1.47549
1 2.22 1.01957 -1.28429 1.68179 0.297263 -0.144315 0.485125 -0.128094 -2.70034 1.25215 -0.386674 2.16662 -0.453822
4 2.22 1.5 0 1.5 0 0 1.57075 0 0 0 0 0 0
5 2.22 40 0.00315762 7
6 2.22 5.67539 -2.65914 0.247291 3.26596
0 2.23 1.02593 -1.20531 1.63362 0.237702 -0.216655 0.515823 -0.139289 -2.69463 1.57809 1.78421 2.04928 -1.39971
1 2.23 1.02036 -1.31309 1.69674 0.316799 -0.123805 0.47987 -0.145062 -2.72172 1.26923 -0.422114 2.15761 -0.409261
4 2.23 1.5 0 1.5 0 0 1.57075 0 0 0 0 0 0
5 2.23 40 0.00291038 7
6 2.23 5.39098 -2.70333 0.331432 3.16616
0 2.25 1.02961 -1.24864 1.65457 0.27143 -0.178043 0.501917 -0.157155 -2.7282 1.6069 1.81124 1.94788 -1.29134
1 2.25 1.02332 -1.35777 1.71884 0.349075 -0.0891319 0.47258 -0.158813 -2.75374 1.29086 -0.490445 2.14023 -0.35308
4 2.25 1.5 0 1.5 0 0 1.57075 0 0 0 0 0 0
5 2.25 40 0.00240898 6
6 2.25 4.93282 -2.78115 0.414695 2.99941
0 2.26 1.03155 -1.29561 1.67879 0.29715 -0.149133 0.492485 -0.171275 -2.76422 1.63859 1.82011 1.88566 -1.22552
1 2.26 1.0247 -1.40618 1.74433 0.373679 -0.0626587 0.467419 -0.170109 -2.79284 1.32942 -0.568366 2.13277 -0.298807
4 2.26 1.5 0 1.5 0 0 1.57075 0 0 0 0 0 0
5 2.26 42 0.00346732 8
6 2.26 5.39105 -2.86154 0.468526 2.96242
0 2.27 1.03518 -1.33902 1.69996 0.314689 -0.129764 0.486967 -0.176418 -2.7974 1.66485 1.8237 1.8381 -1.17346
1 2.27 1.02813 -1.45092 1.76655 0.390491 -0.0453217 0.464906 -0.173233 -2.82661 1.35564 -0.619133 2.12658 -0.264852
4 2.27 1.5 0 1.5 0 0 1.57075 0 0 0 0 0 0
5 2.27 43 0.00489378 9
6 2.27 5.40441 -2.90975 0.508481 2.90455
0 2.28 1.03702 -1.37433 1.71805 0.334483 -0.108249 0.481923 -0.178359 -2.82459 1.68626 1.81902 1.77995 -1.10437
1 2.28 1.02988 -1.48732 1.7855 0.409238 -0.0264952 0.463461 -0.172867 -2.85468 1.37741 -0.675442 2.11661 -0.219826
4 2.28 1.5 0 1.5 0 0 1.57075 0 0 0 0 0 0
5 2.28 44 0.00376558 9
6 2.28 5.44948 -2.95188 0.552872 2.8276
0 2.3 1.04061 -1.42019 1.74084 0.370191 -0.0701302 0.474392 -0.17344 -2.8603 1.71266 1.80786 1.6933 -1.0109
1 2.3 1.03368 -1.53461 1.80935 0.443432 0.00764314 0.461168 -0.164189 -2.89066 1.40056 -0.77116 2.1 -0.166988
4 2.3 1.5 0 1.5 0 0 1.57075 0 0 0 0 0 0
5 2.3 45 0.00438619 8
6 2.3 5.28838 -3.02572 0.618195 2.69766
0 2.31 1.0422 -1.45381 1.75839 0.388409 -0.051325 0.47135 -0.166989 -2.887 1.73165 1.78959 1.62497 -0.932103
1 2.31 1.03553 -1.56929 1.82766 0.460501 0.0229523 0.461446 -0.155795 -2.91799 1.41905 -0.826244 2.08358 -0.11664
4 2.31 1.5 0 1.5 0 0 1.57075 0 0 0 0 0 0
5 2.31 46 0.00526953 10
6 2.31 5.28775 -3.05079 0.664531 2.60667
0 2.32 1.04608 -1.49615 1.77943 0.406515 -0.0329892 0.469166 -0.135621 -2.92066 1.74688 1.7797 1.58961 -0.890808
1 2.32 1.04066 -1.61298 1.84931 0.477954 0.0395029 0.461575 -0.121743 -2.95416 1.43843 -0.904056 2.07013 -0.0614023
4 2.32 1.5 0 1.5 0 0 1.57075 0 0 0 0 0 0
5 2.32 48 0.00608754 12
6 2.32 5.60099 -3.11872 0.682803 2.65109
0 2.34 1.04853 -1.53966 1.80242 0.441595 0.00185509 0.4665 -0.104685 -2.95592 1.76369 1.72629 1.50005 -0.757436
1 2.34 1.04434 -1.6579 1.87297 0.510644 0.0690496 0.464752 -0.087958 -2.98882 1.44935 -1.01127 2.04926 0.0490557
4 2.34 1.5 0 1.5 0 0 1.57075 0 0 0 0 0 0
5 2.34 49 0.00782132 15
6 2.34 5.28863 -3.15602 0.738576 2.57767
0 2.35 1.05227 -1.57246 1.81847 0.458213 0.0178589 0.466462 -0.081623 -2.98265 1.7755 1.71291 1.47416 -0.718181
1 2.35 1.049 -1.69177 1.88949 0.526735 0.0834498 0.466782 -0.0635303 -3.01556 1.45919 -1.07037 2.03037 0.125828
4 2.35 1.5 0 1.5 0 0 1.57075 0 0 0 0 0 0
5 2.35 50 0.00898194 16
6 2.35 5.19683 -3.20084 0.740188 2.69737
0 2.36 1.05568 -1.61321 1.83952 0.471245 0.0301561 0.466716 -0.0514285 -3.01687 1.78995 1.69756 1.44713 -0.679532
1 2.36 1.05362 -1.73389 1.91112 0.53921 0.0940721 0.468778 -0.0336667 -3.04747 1.46685 -1.10057 2.02791 0.102161
4 2.36 1.5 0 1.5 0 0 1.57075 0 0 0 0 0 0
5 2.36 50 0.0076704 16
6 2.36 4.76587 -3.2113 0.76202 2.49835
0 2.37 1.06114 -1.65998 1.86284 0.491932 0.0492085 0.467607 -0.0179305 -3.05569 1.80439 1.66967 1.40126 -0.613497
1 2.37 1.06042 -1.78221 1.93502 0.558957 0.110203 0.472457 -0.000688015 -3.08324 1.47232 -1.15776 2.0076 0.128894
4 2.37 1.5 0 1.5 0 0 1.57075 0 0 0 0 0 0
5 2.37 50 0.00959301 16
6 2.37 4.19746 -3.23396 0.780629 2.37274
0 2.39 1.0661 -1.71388 1.89097 0.524965 0.0780919 0.471211 0.0252521 -3.10221 1.81873 1.61015 1.3306 -0.496706
1 2.39 1.06711 -1.83797 1.96372 0.590113 0.134107 0.480722 0.0410214 -3.12501 1.47362 -1.26216 1.999 0.202103
4 2.39 1.5 0 1.5 0 0 1.57075 0 0 0 0 0 0
5 2.39 50 0.00802398 17
6 2.39 3.35757 -3.26792 0.833204 2.23338
0 2.4 1.07183 -1.7549 1.91114 0.54111 0.0916836 0.473787 0.0653169 -3.1387 1.82639 1.58581 1.30627 -0.444337
1 2.4 1.07445 -1.88044 1.9842 0.605617 0.145625 0.485515 0.0794583 -3.1583 1.47359 -1.31118 1.98233 0.20426
4 2.4 1.5 0 1.5 0 0 1.57075 0 0 0 0 0 0
5 2.4 50 0.00923276 17
6 2.4 2.84132 -3.28895 0.834103 2.073
0 2.41 1.0758 -1.78795 1.92801 0.553233 0.101693 0.476272 0.0989797 -3.16872 1.83133 1.56007 1.28494 -0.408466
1 2.41 1.07976 -1.9147 2.00126 0.616973 0.154008 0.489445 0.11152 -3.18559 1.47235 -1.33665 1.97598 0.213449
4 2.41 1.5 0 1.5 0 0 1.57075 0 0 0 0 0 0
5 2.41 50 0.00950956 18
6 2.41 2.41794 -3.2841 0.845703 1.98774
0 2.43 1.08316 -1.83613 1.95173 0.584333 0.126481 0.483913 0.153444 -3.21351 1.83519 1.508 1.24012 -0.325506
1 2.43 1.0893 -1.96467 2.02514 0.646751 0.175038 0.50055 0.162721 -3.22516 1.46474 -1.41929 1.94255 0.251297
4 2.43 1.5 0 1.5 0 0 1.57075 0 0 0 0 0 0
5 2.43 50 0.0101504 18
6 2.43 1.62442 -3.30839 0.846627 1.84357
0 2.44 1.08763 -1.86882 1.96832 0.595979 0.135412 0.487322 0.190867 -3.244 1.8369 1.47094 1.21639 -0.275104
1 2.44 1.09526 -1.99858 2.0418 0.657297 0.181856 0.505695 0.197679 -3.25236 1.45995 -1.47905 1.93195 0.300369
4 2.44 1.5 0 1.5 0 0 1.57075 0 0 0 0 0 0
5 2.44 50 0.00991106 19
6 2.44 1.15401 -3.32814 0.854538 1.83923
0 2.45 1.0951 -1.90923 1.98768 0.619199 0.152277 0.495137 0.23305 -3.28106 1.83907 1.43593 1.18573 -0.199206
1 2.45 1.10443 -2.04047 2.06124 0.679865 0.195525 0.516422 0.236105 -3.28465 1.45306 -1.52213 1.9181 0.327607
4 2.45 1.5 0 1.5 0 0 1.57075 0 0 0 0 0 0
5 2.45 50 0.00953364 20
6 2.45 0.486653 -3.32912 0.863989 1.68379
0 2.46 1.10277 -1.95503 2.01031 0.633773 0.162442 0.500491 0.283902 -3.32377 1.83928 1.41527 1.17464 -0.174888
1 2.46 1.11412 -2.08798 2.08388 0.69402 0.204446 0.522974 0.283414 -3.32321 1.44591 -1.54614 1.90467 0.263826
4 2.46 1.5 0 1.5 0 0 1.57075 0 0 0 0 0 0
5 2.46 50 0.00873113 20
6 2.46 -0.0750764 -3.33034 0.858117 1.40248
0 2.47 1.11366 -2.00938 2.03616 0.648675 0.172557 0.506272 0.351066 -3.37494 1.83509 1.38346 1.15643 -0.138245
1 2.47 1.1277 -2.14438 2.10956 0.708116 0.21276 0.530166 0.34595 -3.36922 1.43296 -1.59736 1.87092 0.307855
4 2.47 1.5 0 1.5 0 0 1.57075 0 0 0 0 0 0
5 2.47 50 0.0120378 20
6 2.47 -0.759385 -3.34834 0.835614 1.42599
0 2.49 1.12201 -2.05418 2.05801 0.677664 0.191187 0.519433 0.408284 -3.41726 1.82958 1.30919 1.12126 -0.0274067
1 2.49 1.13834 -2.19087 2.13119 0.735309 0.226815 0.547205 0.39613 -3.40425 1.41604 -1.64709 1.84975 0.330391
4 2.49 1.5 0 1.5 0 0 1.57075 0 0 0 0 0 0
5 2.49 50 0.00930214 20
6 2.49 -1.69286 -3.31031 0.838783 1.14394
0 2.5 1.13174 -2.09432 2.07624 0.688411 0.197623 0.524788 0.457901 -3.45475 1.8245 1.28137 1.10775 0.00929431
1 2.5 1.15005 -2.23251 2.14922 0.74536 0.231605 0.55379 0.441539 -3.43751 1.40454 -1.71055 1.85221 0.241121
4 2.5 1.5 0 1.5 0 0 1.57075 0 0 0 0 0 0
5 2.5 50 0.010972 20
6 2.5 -2.22938 -3.34684 0.853151 0.74172
0 2.51 1.14083 -2.13416 2.09475 0.706236 0.207817 0.534421 0.508999 -3.49227 1.81758 1.23733 1.08883 0.0734453
1 2.51 1.16119 -2.27385 2.16746 0.76216 0.239046 0.565591 0.487323 -3.47 1.39053 -1.71511 1.79597 0.339639
4 2.51 1.5 0 1.5 0 0 1.57075 0 0 0 0 0 0
5 2.51 50 0.00864196 20
6 2.51 -2.85137 -3.29695 0.803782 0.851354
0 2.52 1.15338 -2.18235 2.11624 0.716424 0.213322 0.540279 0.573131 -3.53797 1.80609 1.20548 1.07936 0.114451
1 2.52 1.17631 -2.32387 2.18848 0.771532 0.242876 0.572822 0.546033 -3.51051 1.37162 -1.73639 1.77598 0.358469
4 2.52 1.5 0 1.5 0 0 1.57075 0 0 0 0 0 0
5 2.52 50 0.00900984 20
6 2.52 -3.49646 -3.28157 0.787806 0.780506
0 2.53 1.16571 -2.23065 2.13796 0.730002 0.220343 0.548526 0.656306 -3.58929 1.7839 1.17501 1.06812 0.15049
1 2.53 1.19197 -2.37422 2.20931 0.784388 0.248166 0.582321 0.622788 -3.55595 1.34142 -1.83317 1.74731 0.343292
4 2.53 1.5 0 1.5 0 0 1.57075 0 0 0 0 0 0
5 2.53 50 0.00955319 20
6 2.53 -4.21811 -3.35272 0.764587 0.616947
0 2.54 1.17866 -2.27497 2.1569 0.747649 0.229053 0.560106 0.736387 -3.63591 1.75962 1.13137 1.05496 0.206132
1 2.54 1.20812 -2.4204 2.22729 0.801003 0.25439 0.595775 0.696074 -3.59678 1.3099 -1.82768 1.703 0.337768
4 2.54 1.5 0 1.5 0 0 1.57075 0 0 0 0 0 0
5 2.54 50 0.0116401 20
6 2.54 -4.91591 -3.29311 0.724163 0.421604
0 2.55 1.18913 -2.31193 2.17289 0.760641 0.235016 0.569224 0.800459 -3.67384 1.7398 1.08612 1.04216 0.259424
1 2.55 1.22115 -2.45889 2.24248 0.812767 0.25806 0.606504 0.7539 -3.62945 1.28355 -1.92356 1.67759 0.377092
4 2.55 1.5 0 1.5 0 0 1.57075 0 0 0 0 0 0
5 2.55 50 0.00995636 20
6 2.55 -5.55186 -3.34544 0.705667 0.37694
0 2.57 1.20248 -2.35412 2.19033 0.785955 0.245459 0.588595 0.878475 -3.71671 1.71274 1.01677 1.02271 0.356055
1 2.57 1.23762 -2.50278 2.25884 0.836398 0.264293 0.628809 0.82227 -3.66496 1.2484 -1.94574 1.63099 0.366493
4 2.57 1.5 0 1.5 0 0 1.57075 0 0 0 0 0 0
5 2.57 50 0.0122669 20
6 2.57 -6.42716 -3.28499 0.667862 0.0345039
0 2.58 1.21322 -2.38887 2.2048 0.795267 0.248789 0.596292 0.93982 -3.751 1.69095 0.986768 1.01048 0.388385
1 2.58 1.25081 -2.53891 2.27244 0.844834 0.265993 0.637292 0.8782 -3.695 1.22164 -1.92044 1.59681 0.470523
4 2.58 1.5 0 1.5 0 0 1.57075 0 0 0 0 0 0
5 2.58 50 0.00969577 20
6 2.58 -6.94262 -3.2208 0.640922 0.263359
0 2.6 1.22827 -2.4327 2.22221 0.810461 0.253798 0.609509 1.01514 -3.793 1.66313 0.94179 1.00666 0.433367
1 2.6 1.26887 -2.58442 2.28874 0.858799 0.268987 0.651994 0.945892 -3.73142 1.18775 -1.96133 1.54141 0.440413
4 2.6 1.5 0 1.5 0 0 1.57075 0 0 0 0 0 0
5 2.6 50 0.00876284 20
6 2.6 -7.61887 -3.21264 0.579679 0.0235733
0 2.6 1.24283 -2.476 2.23946 0.82238 0.257384 0.620294 1.08748 -3.83333 1.63582 0.908924 1.00568 0.46826
1 2.6 1.28633 -2.62933 2.3049 0.869851 0.271033 0.663955 1.0101 -3.76568 1.15359 -2.06263 1.50108 0.503453
4 2.6 1.5 0 1.5 0 0 1.57075 0 0 0 0 0 0
5 2.6 50 0.0128729 20
6 2.6 -8.36111 -3.28637 0.533087 0.113392
0 2.62 1.26108 -2.52444 2.25771 0.831192 0.25967 0.628704 1.15835 -3.87609 1.611 0.878154 0.997777 0.515354
1 2.62 1.30741 -2.67948 2.32215 0.877842 0.271342 0.673586 1.0725 -3.802 1.12124 -2.00596 1.50715 0.557362
4 2.62 1.5 0 1.5 0 0 1.57075 0 0 0 0 0 0
5 2.62 50 0.00916386 20
6 2.62 -9.15453 -3.18499 0.546878 0.135108
0 2.63 1.28487 -2.58889 2.28198 0.856753 0.264537 0.654579 1.2555 -3.93169 1.5739 0.794544 0.977508 0.617658
1 2.63 1.3351 -2.74616 2.34493 0.900923 0.271473 0.701956 1.14699 -3.84151 1.06639 -1.94301 1.54106 0.244205
4 2.63 1.5 0 1.5 0 0 1.57075 0 0 0 0 0 0
5 2.63 50 0.00906253 20
6 2.63 -11.1535 -3.01368 0.605869 -1.19136
0 2.64 1.30424 -2.63643 2.29891 0.867706 0.265937 0.666938 1.33725 -3.97217 1.53894 0.743676 0.974907 0.672574
1 2.64 1.35773 -2.79531 2.36047 0.910294 0.270628 0.715799 1.21821 -3.87499 1.02388 -2.13607 1.46921 0.532379
4 2.64 1.5 0 1.5 0 0 1.57075 0 0 0 0 0 0
5 2.64 50 0.00994587 20
6 2.64 -12.0433 -3.16853 0.525639 -0.446749
0 2.65 1.32057 -2.67707 2.31333 0.878365 0.266875 0.679628 1.40614 -4.00588 1.50895 0.717726 0.976383 0.704268
1 2.65 1.37682 -2.83731 2.37369 0.92021 0.270125 0.729436 1.27849 -3.90354 0.988675 -2.14183 1.42628 0.560122
4 2.65 1.5 0 1.5 0 0 1.57075 0 0 0 0 0 0
5 2.65 50 0.0109742 20
6 2.65 -12.7187 -3.14332 0.474246 -0.459391
0 2.66 1.34175 -2.72487 2.32924 0.886997 0.267295 0.690072 1.47693 -4.04449 1.48091 0.689522 0.972045 0.745017
1 2.66 1.40083 -2.88665 2.38848 0.927988 0.268757 0.740842 1.33974 -3.93609 0.954157 -2.1341 1.4479 0.554902
4 2.66 1.5 0 1.5 0 0 1.57075 0 0 0 0 0 0
5 2.66 50 0.00866795 20
6 2.66 -13.5058 -3.10013 0.503354 -0.606178
0 2.67 1.36583 -2.78003 2.34754 0.89611 0.267232 0.701747 1.56118 -4.08838 1.44562 0.645675 0.964494 0.800032
1 2.67 1.42828 -2.94356 2.40536 0.935658 0.266341 0.753708 1.41116 -3.97173 0.909771 -2.08365 1.36899 0.630265
4 2.67 1.5 0 1.5 0 0 1.57075 0 0 0 0 0 0
5 2.67 50 0.0106812 20
6 2.67 -14.583 -2.99073 0.421245 -0.541274
0 2.68 1.39134 -2.83431 2.36455 0.90819 0.266491 0.718453 1.64939 -4.13043 1.40618 0.597681 0.9678 0.844658
1 2.68 1.45732 -2.99953 2.42079 0.946102 0.263668 0.771635 1.40431 -3.94424 0.786827 -1.56585 1.98136 1.02567
4 2.68 1.5 0 1.5 0 0 1.57075 0 0 0 0 0 0
5 2.68 50 0.00961876 20
6 2.68 -23.4229 -2.35391 1.12101 0.578548
0 2.7 1.4165 -2.88845 2.38133 0.924251 0.264361 0.742202 1.73801 -4.17135 1.36505 0.516843 0.953148 0.926472
1 2.7 1.48602 -3.0553 2.43593 0.959206 0.257751 0.796858 1.28033 -3.83492 0.566636 -1.24599 2.3224 1.69627
4 2.7 1.5 0 1.5 0 0 1.57075 0 0 0 0 0 0
5 2.7 50 0.00903702 18
6 2.7 -42.7656 -1.9002 1.53125 2.45815
0 2.71 1.43758 -2.93018 2.39347 0.934898 0.261801 0.759653 1.81417 -4.20163 1.32716 0.476036 0.949702 0.977085
1 2.71 1.51015 -3.09824 2.44656 0.968348 0.252918 0.815325 1.27421 -3.81421 0.469323 -1.15786 2.47541 2.42117
4 2.71 1.5 0 1.5 0 0 1.57075 0 0 0 0 0 0
5 2.71 50 0.00961447 18
6 2.71 -49.6951 -1.75226 1.7119 4.61077
0 2.72 1.46707 -2.98935 2.41038 0.943027 0.259314 0.773783 1.91896 -4.24308 1.2748 0.447382 0.950695 1.00607
1 2.72 1.54383 -3.15908 2.46137 0.975358 0.249079 0.830078 1.31733 -3.81987 0.375153 -0.00859718 2.35057 2.61342
4 2.72 1.5 0 1.5 0 0 1.57075 0 0 0 0 0 0
5 2.72 50 0.00873995 17
6 2.72 -54.7273 -0.431954 1.56878 5.13196
0 2.74 1.5033 -3.05598 2.42782 0.95846 0.253055 0.80261 2.03507 -4.2947 1.21929 0.361055 0.95004 1.09633
1 2.74 1.5847 -3.22776 2.47659 0.987462 0.239012 0.860765 1.45923 -3.90571 0.361468 -1.24824 2.90855 2.03817
4 2.74 1.5 0 1.5 0 0 1.57075 0 0 0 0 0 0
5 2.74 50 0.0112247 19
6 2.74 -51.2282 -1.71545 2.21421 3.00722
0 2.75 1.52868 -3.10301 2.43993 0.965527 0.249169 0.81727 2.11619 -4.32871 1.17938 0.312683 0.942255 1.14255
1 2.75 1.61333 -3.27616 2.48711 0.992537 0.233031 0.876084 1.61584 -3.99764 0.390419 -1.12194 3.89551 1.78594
4 2.75 1.5 0 1.5 0 0 1.57075 0 0 0 0 0 0
5 2.75 50 0.0087316 16
6 2.75 -44.0497 -1.51714 3.3587 2.05438
0 2.76 1.55747 -3.15282 2.45195 0.972327 0.244762 0.8325 2.2107 -4.36186 1.13008 0.284023 0.942795 1.17308
1 2.76 1.6459 -3.3273 2.49715 0.998073 0.22724 0.891862 1.70035 -4.03146 0.340853 -0.510747 5.02439 2.39143
4 2.76 1.5 0 1.5 0 0 1.57075 0 0 0 0 0 0
5 2.76 50 0.00915432 20
6 2.76 -44.4679 -0.798798 4.65528 3.88989
0 2.77 1.59409 -3.21675 2.46684 0.978589 0.240017 0.847728 2.32774 -4.40028 1.06844 0.247801 0.941581 1.21828
1 2.77 1.6872 -3.39276 2.50958 1.00281 0.220607 0.907904 1.6543 -3.97385 0.161692 0.184414 2.99224 2.57392
4 2.77 1.5 0 1.5 0 0 1.57075 0 0 0 0 0 0
5 2.77 50 0.00661731 10
6 2.77 -58.1041 0.0229181 2.32772 4.32815
0 2.79 1.62889 -3.27274 2.47878 0.988197 0.230475 0.874434 2.4256 -4.43256 1.01869 0.161063 0.938235 1.30999
1 2.79 1.72591 -3.45004 2.51953 1.00876 0.207368 0.936236 1.57937 -3.91726 -0.00218205 -1.66561 3.79934 2.06775
4 2.79 1.5 0 1.5 0 0 1.57075 0 0 0 0 0 0
5 2.79 50 0.0085063 17
6 2.79 -71.8639 -1.94333 3.26511 2.41932
0 2.8 1.67097 -3.34106 2.49283 0.993121 0.224496 0.890068 2.54385 -4.46873 0.957181 0.127136 0.932891 1.33623
1 2.8 1.77273 -3.51981 2.53112 1.01201 0.200097 0.952072 1.63219 -3.92643 -0.102339 -0.678575 3.08701 2.33345
4 2.8 1.5 0 1.5 0 0 1.57075 0 0 0 0 0 0
5 2.8 50 0.00987244 20
6 2.8 -76.7525 -0.799538 2.45738 3.18374
0 2.81 1.70228 -3.38853 2.50187 0.998548 0.216353 0.909681 2.63923 -4.48988 0.904502 0.0575805 0.921452 1.39958
1 2.81 1.80785 -3.56813 2.53805 1.01433 0.189248 0.972446 1.58173 -3.87918 -0.248928 0.511811 4.87381 3.14174
4 2.81 1.5 0 1.5 0 0 1.57075 0 0 0 0 0 0
5 2.81 50 0.00888205 20
6 2.81 -88.1324 0.613744 4.52795 5.56192
0 2.83 1.73514 -3.43875 2.511 1.00457 0.203629 0.937789 2.73558 -4.51086 0.85155 -0.00237857 0.913693 1.47031
1 2.83 1.84457 -3.61918 2.54506 1.01736 0.173602 1.0015 1.67012 -3.92164 -0.292605 -0.332315 3.76618 2.63429
4 2.83 1.5 0 1.5 0 0 1.57075 0 0 0 0 0 0
5 2.83 50 0.00762916 15
6 2.83 -87.6439 -0.259268 3.27301 3.716
0 2.84 1.76808 -3.48571 2.51876 1.0076 0.195516 0.954499 2.81743 -4.5316 0.809494 -0.0423288 0.912082 1.50335
1 2.84 1.88078 -3.66698 2.55114 1.01838 0.164148 1.01868 1.77194 -3.96823 -0.313019 0.0906409 4.5909 2.81124
4 2.84 1.5 0 1.5 0 0 1.57075 0 0 0 0 0 0
5 2.84 50 0.0100605 20
6 2.84 -85.3883 0.260953 4.22607 4.1754
0 2.85 1.80103 -3.53308 2.52633 1.00995 0.187454 0.970292 2.89974 -4.55117 0.766749 -0.0898698 0.908938 1.54495
1 2.85 1.91702 -3.71513 2.557 1.01843 0.154461 1.03509 2.37641 -4.27607 0.0119614 -1.86406 6.91941 1.74019
4 2.85 1.5 0 1.5 0 0 1.57075 0 0 0 0 0 0
5 2.85 50 0.00950217 18
6 2.85 -42.4741 -1.87028 6.90746 0.623217
0 2.86 1.85107 -3.60182 2.53628 1.01208 0.176821 0.990424 3.02146 -4.57598 0.703603 -0.157879 0.901297 1.60523
1 2.86 1.97192 -3.78486 2.56442 1.01731 0.141487 1.05605 1.94691 -4.02901 -0.426396 0.441672 4.80054 2.567
4 2.86 1.5 0 1.5 0 0 1.57075 0 0 0 0 0 0
5 2.86 50 0.0096662 20
6 2.86 -86.575 0.789201 4.49471 3.07026
0 2.87 1.89449 -3.66169 2.54445 1.01309 0.166633 1.0088 3.1271 -4.5953 0.648534 -0.214819 0.889544 1.65379
1 2.87 2.01958 -3.84551 2.57039 1.01547 0.129336 1.07492 2.57969 -4.32484 -0.11745 0.567957 5.53016 3.41704
4 2.87 1.5 0 1.5 0 0 1.57075 0 0 0 0 0 0
5 2.87 50 0.0106363 20
6 2.87 -43.8431 0.996202 5.35375 5.62894
0 2.89 1.9493 -3.73211 2.55273 1.01324 0.148032 1.04086 3.2504 -4.61607 0.586828 -0.289218 0.874896 1.72626
1 2.89 2.07932 -3.91675 2.5762 1.01154 0.107957 1.10782 2.31698 -4.17866 -0.438651 -0.0212431 5.50794 2.26103
4 2.89 1.5 0 1.5 0 0 1.57075 0 0 0 0 0 0
5 2.89 50 0.01017 20
6 2.89 -74.0947 0.423392 5.357 1.70697
0 2.9 1.99572 -3.79203 2.55934 1.01269 0.140259 1.05368 3.35527 -4.63114 0.533713 -0.333726 0.867458 1.76298
1 2.9 2.12993 -3.97727 2.58068 1.00877 0.0988162 1.12112 2.7351 -4.34667 -0.278875 -1.89523 7.89128 2.67578
4 2.9 1.5 0 1.5 0 0 1.57075 0 0 0 0 0 0
5 2.9 50 0.0103583 20
6 2.9 -49.0798 -1.62208 8.10739 2.91379
0 2.91 2.03787 -3.8427 2.56402 1.01138 0.129393 1.07092 3.44274 -4.64355 0.490736 -0.381665 0.851587 1.81325
1 2.91 2.17558 -4.02844 2.58365 1.00488 0.0859965 1.13885 2.38391 -4.17164 -0.619093 1.41602 3.99311 2.66079
4 2.91 1.5 0 1.5 0 0 1.57075 0 0 0 0 0 0
5 2.91 50 0.00984979 20
6 2.91 -83.5008 2.13776 3.66175 2.70541
0 2.92 2.08835 -3.90382 2.56928 1.00901 0.115547 1.09225 3.55511 -4.66067 0.437678 -0.439254 0.838922 1.85637
1 2.92 2.23055 -4.09025 2.58679 0.999324 0.0705806 1.16066 2.27679 -4.11098 -0.822472 -0.212348 3.4879 2.37984
4 2.92 1.5 0 1.5 0 0 1.57075 0 0 0 0 0 0
5 2.92 50 0.0103517 20
6 2.92 -100.444 0.381289 3.10687 1.67078
0 2.93 2.12929 -3.95094 2.57272 1.00625 0.103426 1.1103 3.64592 -4.66977 0.393343 -0.492038 0.81666 1.90358
1 2.93 2.27513 -4.13773 2.58845 0.993664 0.0565755 1.179 2.54568 -4.2108 -0.748396 -0.841316 2.87536 2.1515
4 2.93 1.5 0 1.5 0 0 1.57075 0 0 0 0 0 0
5 2.93 50 0.0105305 20
6 2.93 -86.2448 -0.263635 2.43968 0.791055
0 2.95 2.17757 -4.00692 2.57643 1.00013 0.0823808 1.14056 3.75041 -4.67776 0.34207 -0.55359 0.791266 1.96856
1 2.95 2.32759 -4.19403 2.59011 0.983693 0.0332135 1.20997 2.48079 -4.1744 -0.922842 0.61292 3.92765 2.8195
4 2.95 1.5 0 1.5 0 0 1.57075 0 0 0 0 0 0
5 2.95 50 0.0103009 20
6 2.95 -99.2661 1.43264 3.68883 2.71613
0 2.96 2.22623 -4.06059 2.57925 0.994497 0.0667336 1.16221 3.85483 -4.68093 0.289713 -0.615675 0.770492 2.01953
1 2.96 2.38043 -4.24783 2.59084 0.974539 0.0157942 1.23222 2.70213 -4.24009 -0.902195 -0.49399 2.57116 2.0499
4 2.96 1.5 0 1.5 0 0 1.57075 0 0 0 0 0 0
5 2.96 50 0.00939417 20
6 2.96 -90.0658 0.263448 2.16908 0.0964206
0 2.97 2.27552 -4.11527 2.58173 0.990517 0.0569463 1.17557 3.95708 -4.68269 0.238679 -0.651417 0.756438 2.05148
1 2.97 2.4338 -4.30257 2.59127 0.968468 0.0049083 1.24598 2.80224 -4.25073 -0.960156 -0.817214 3.12462 2.46939
4 2.97 1.5 0 1.5 0 0 1.57075 0 0 0 0 0 0
5 2.97 50 0.0101001 20
6 2.97 -90.2392 -0.0585625 2.82791 1.33361
0 2.98 2.33471 -4.17699 2.58346 0.983125 0.0401499 1.19812 4.06516 -4.68706 0.18783 -0.697181 0.725961 2.1
1 2.98 2.49731 -4.36447 2.59097 0.958079 -0.0136583 1.26892 2.89322 -4.26465 -1.0335 -1.16309 3.06371 2.42519
4 2.98 1.5 0 1.5 0 0 1.57075 0 0 0 0 0 0
5 2.98 50 0.0103228 20
6 2.98 -91.6499 -0.396593 2.80358 1.03758
0 3 2.39335 -4.23858 2.58484 0.969611 0.0124936 1.234 4.17177 -4.68822 0.137772 -0.789365 0.6826 2.18279
1 3 2.56022 -4.42611 2.59035 0.938935 -0.0440657 1.30591 2.94049 -4.26892 -1.14666 4.00307 7.29358 4.68824
4 3 1.5 0 1.5 0 0 1.57075 0 0 0 0 0 0
5 3 50 0.0104377 20
6 3 -96.6039 5.48418 7.72785 7.99802
0 3.01 2.4417 -4.28677 2.58533 0.961621 -0.0017945 1.25236 4.26624 -4.67916 0.0904118 -0.825482 0.667343 2.20937
1 3.01 2.61235 -4.47393 2.58895 0.928471 -0.0589987 1.32482 3.06969 -4.28304 -1.18137 -1.93068 2.69839 1.90756
4 3.01 1.5 0 1.5 0 0 1.57075 0 0 0 0 0 0
5 3.01 50 0.0103567 20
6 3.01 -94.1333 -1.11599 2.48153 -0.964157
0 3.02 2.48328 -4.32849 2.58552 0.952929 -0.0164885 1.2707 4.34437 -4.67165 0.0518558 -0.86043 0.628844 2.25957
1 3.02 2.65705 -4.51536 2.58759 0.91731 -0.0755894 1.34357 2.78279 -4.16831 -1.50634 -5.77366 7.71569 1.62496
4 3.02 1.5 0 1.5 0 0 1.57075 0 0 0 0 0 0
5 3.02 50 0.0101519 20
6 3.02 -123.277 -5.38121 8.29215 -2.02663
0 3.03 2.52868 -4.37185 2.58518 0.943707 -0.0314703 1.28931 4.42566 -4.66262 0.01249 -0.889593 0.60633 2.29363
1 3.03 2.70571 -4.55835 2.58568 0.90581 -0.0915283 1.36282 2.99959 -4.21479 -1.46227 0.631359 7.05062 3.75325
4 3.03 1.5 0 1.5 0 0 1.57075 0 0 0 0 0 0
5 3.03 50 0.0101695 20
6 3.03 -113.035 1.81557 7.56292 4.65922
0 3.04 2.58128 -4.42249 2.58449 0.933836 -0.0465713 1.30778 4.51429 -4.65185 -0.0319497 -0.948293 0.587492 2.32247
1 3.04 2.76186 -4.60856 2.58321 0.892449 -0.107277 1.382 3.22725 -4.25732 -1.4186 4.78063 5.22315 5.75989
4 3.04 1.5 0 1.5 0 0 1.57075 0 0 0 0 0 0
5 3.04 50 0.0100663 20
6 3.04 -102.503 6.52176 5.50127 10.9733
0 3.05 2.6473 -4.48295 2.58275 0.922654 -0.0621417 1.32713 4.60933 -4.64291 -0.0802205 -1.04336 0.601974 2.37138
1 3.05 2.83167 -4.66867 2.57954 0.876162 -0.123224 1.40374 3.19031 -4.21843 -1.59086 5.3075 5.49913 6.99181
4 3.05 1.5 0 1.5 0 0 1.57075 0 0 0 0 0 0
5 3.05 50 0.0107222 20
6 3.05 -113.673 7.22281 5.82384 14.75
0 3.06 2.70007 -4.53164 2.58113 0.910371 -0.0773439 1.34694 4.68212 -4.6342 -0.119952 -1.1688 0.658146 2.39446
1 3.06 2.88736 -4.71701 2.57633 0.857454 -0.136833 1.42673 3.69169 -4.34531 -1.30994 2.49216 7.67848 4.14036
4 3.06 1.5 0 1.5 0 0 1.57075 0 0 0 0 0 0
5 3.06 50 0.00972676 20
6 3.06 -79.8733 4.22519 8.28671 5.57293
0 3.08 2.76389 -4.58792 2.57851 0.880873 -0.105939 1.38875 4.76806 -4.62073 -0.166609 -1.41294 0.743963 2.45685
1 3.08 2.95461 -4.77275 2.57185 0.815264 -0.162797 1.47473 3.33325 -4.22504 -1.77571 2.46129 6.40462 5.71897
4 3.08 1.5 0 1.5 0 0 1.57075 0 0 0 0 0 0
5 3.08 50 0.0105085 18
6 3.08 -117.747 4.48444 6.78252 10.4131
0 3.09 2.81724 -4.63535 2.57607 0.868066 -0.116782 1.40532 4.83945 -4.60884 -0.204089 -1.47604 0.722685 2.48727
1 3.09 3.01082 -4.8197 2.56791 0.798893 -0.174018 1.49227 3.54455 -4.25904 -1.71935 3.50613 4.38901 4.84413
4 3.09 1.5 0 1.5 0 0 1.57075 0 0 0 0 0 0
5 3.09 50 0.00975347 20
6 3.09 -107.143 5.72164 4.51097 7.52305
0 3.1 2.88903 -4.69654 2.57214 0.85053 -0.131114 1.42729 4.93497 -4.58721 -0.252975 -1.51127 0.686279 2.51228
1 3.1 3.08642 -4.88003 2.56202 0.778618 -0.18854 1.51496 3.68684 -4.25821 -1.76103 6.21618 6.41623 6.30624
4 3.1 1.5 0 1.5 0 0 1.57075 0 0 0 0 0 0
5 3.1 50 0.0107718 20
6 3.1 -104.498 8.78734 6.88902 12.111
0 3.11 2.94105 -4.7412 2.56906 0.831352 -0.14626 1.45046 5.00224 -4.57205 -0.285903 -1.54853 0.63666 2.54222
1 3.11 3.14114 -4.92408 2.55762 0.756544 -0.20423 1.53874 3.61453 -4.21403 -1.96021 1.04825 6.09867 3.91437
4 3.11 1.5 0 1.5 0 0 1.57075 0 0 0 0 0 0
5 3.11 50 0.0106294 20
6 3.11 -117.772 3.03797 6.59322 4.37948
0 3.13 3.00816 -4.79617 2.56464 0.788259 -0.179252 1.50002 5.09063 -4.5425 -0.325692 -1.63536 0.473314 2.62485
1 3.13 3.21179 -4.97787 2.55162 0.706998 -0.240357 1.5889 3.82959 -4.22557 -1.97068 2.33866 6.12928 3.79831
4 3.13 1.5 0 1.5 0 0 1.57075 0 0 0 0 0 0
5 3.13 50 0.0108025 20
6 3.13 -110.584 4.5482 6.84526 3.74538
0 3.14 3.06099 -4.83978 2.56095 0.772842 -0.190891 1.51688 5.1564 -4.52162 -0.354852 -1.65892 0.411292 2.65665
1 3.14 3.26725 -5.02064 2.54676 0.689564 -0.253305 1.60607 3.56513 -4.12195 -2.36871 0.000653487 8.25124 3.67701
4 3.14 1.5 0 1.5 0 0 1.57075 0 0 0 0 0 0
5 3.14 50 0.00875711 18
6 3.14 -141.287 1.9463 9.3605 3.25675
0 3.15 3.12641 -4.89107 2.55589 0.746479 -0.210643 1.54524 5.2298 -4.50292 -0.384873 -1.68264 0.335788 2.69621
1 3.15 3.33561 -5.07119 2.54049 0.660296 -0.274019 1.63552 3.923 -4.17222 -2.16723 -3.27886 2.74913 1.42799
4 3.15 1.5 0 1.5 0 0 1.57075 0 0 0 0 0 0
5 3.15 50 0.0103707 20
6 3.15 -118.595 -1.71196 3.14518 -4.04941
0 3.16 3.19903 -4.9486 2.55005 0.728656 -0.223946 1.56392 5.30759 -4.48205 -0.416141 -1.69861 0.277153 2.7226
1 3.16 3.41133 -5.12788 2.5334 0.640525 -0.288191 1.65482 4.59856 -4.30044 -1.58448 6.73582 10.8647 6.0891
4 3.16 1.5 0 1.5 0 0 1.57075 0 0 0 0 0 0
5 3.16 50 0.0101283 20
6 3.16 -65.334 9.49908 12.5309 10.747
0 3.18 3.25862 -4.99386 2.54498 0.702422 -0.243144 1.59098 5.36981 -4.45846 -0.442908 -1.72984 0.191212 2.75825
1 3.18 3.47341 -5.1722 2.52726 0.611114 -0.308587 1.68284 4.38745 -4.20036 -1.95554 10.2622 10.5431 10.4517
4 3.18 1.5 0 1.5 0 0 1.57075 0 0 0 0 0 0
5 3.18 50 0.00923753 20
6 3.18 -92.6186 13.4611 12.2727 24.561
0 3.19 3.3235 -5.04369 2.53928 0.661828 -0.272001 1.63173 5.4324 -4.43403 -0.469604 -1.75592 0.0933219 2.80211
1 3.19 3.5408 -5.22105 2.52049 0.56629 -0.337939 1.72591 4.35424 -4.1343 -2.17005 -10.8859 0.0378922 -3.5544
4 3.19 1.5 0 1.5 0 0 1.57075 0 0 0 0 0 0
5 3.19 50 0.00989246 20
6 3.19 -105.436 -10.1942 0.344511 -20.2933
0 3.2 3.37584 -5.08224 2.5345 0.631167 -0.291845 1.66283 5.48056 -4.40834 -0.49038 -1.7705 0.210429 2.81457
1 3.2 3.59506 -5.25858 2.51488 0.531549 -0.351483 1.76292 4.91651 -4.24432 -1.59899 -0.468019 2.40474 2.18144
4 3.2 1.5 0 1.5 0 0 1.57075 0 0 0 0 0 0
5 3.2 50 0.0100501 20
6 3.2 -56.7354 1.50581 2.9309 -2.02168
0 3.21 3.43628 -5.1273 2.52884 0.606161 -0.305752 1.68832 5.53237 -4.38183 -0.510356 -1.77951 0.291625 2.82382
1 3.21 3.65758 -5.30257 2.50843 0.503581 -0.360516 1.79264 4.99131 -4.21912 -1.61568 0.302571 2.70912 2.68457
4 3.21 1.5 0 1.5 0 0 1.57075 0 0 0 0 0 0
5 3.21 50 0.00934768 20
6 3.21 -55.7167 2.39703 3.19043 -0.44514
0 3.22 3.52813 -5.1933 2.51987 0.580262 -0.318933 1.71532 5.60347 -4.35776 -0.533015 -1.7864 0.309616 2.83394
1 3.22 3.75226 -5.36761 2.49855 0.47526 -0.370723 1.82231 5.0787 -4.1945 -1.64357 0.518147 2.86272 2.94378
4 3.22 1.5 0 1.5 0 0 1.57075 0 0 0 0 0 0
5 3.22 50 0.010097 18
6 3.22 -55.389 2.65036 3.34914 0.35004
0 3.24 3.60901 -5.25199 2.51188 0.533875 -0.341281 1.76282 5.66059 -4.33585 -0.551383 -1.81353 0.246834 2.8611
1 3.24 3.83544 -5.42542 2.48982 0.424558 -0.391019 1.8727 5.11275 -4.15238 -1.74523 2.38775 4.37035 4.81724
4 3.24 1.5 0 1.5 0 0 1.57075 0 0 0 0 0 0
5 3.24 50 0.00911355 20
6 3.24 -60.5139 4.75862 5.16137 6.24448
0 3.25 3.69988 -5.31515 2.5026 0.50641 -0.353631 1.79048 5.7183 -4.31342 -0.570969 -1.85155 0.216918 2.8705
1 3.25 3.92861 -5.48769 2.47976 0.393728 -0.401736 1.902 4.74276 -3.97003 -2.44712 -4.80937 2.60005 -1.36848
4 3.25 1.5 0 1.5 0 0 1.57075 0 0 0 0 0 0
5 3.25 50 0.0104203 20
6 3.25 -110.778 -3.25859 3.17506 -13.5334
0 3.26 3.76329 -5.35967 2.49607 0.47737 -0.365621 1.81946 5.75525 -4.29791 -0.583677 -1.92699 0.206329 2.89232
1 3.26 3.9935 -5.53159 2.47272 0.359499 -0.411445 1.93355 5.65564 -4.26086 -1.13392 -1.90228 1.35173 1.58923
4 3.26 1.5 0 1.5 0 0 1.57075 0 0 0 0 0 0
5 3.26 50 0.0099833 20
6 3.26 -11.6548 0.0764619 1.77643 -4.16057
0 3.27 3.83348 -5.40738 2.48868 0.440014 -0.379753 1.85551 5.79089 -4.27505 -0.597727 -2.01221 0.15001 2.93036
1 3.27 4.06511 -5.57838 2.46478 0.316179 -0.424252 1.97245 5.69415 -4.23616 -1.15173 -1.64696 1.48704 1.77711
4 3.27 1.5 0 1.5 0 0 1.57075 0 0 0 0 0 0
5 3.27 50 0.00960088 20
6 3.27 -11.7793 0.44464 2.02308 -3.68209
0 3.29 3.90494 -5.45666 2.4811 0.38486 -0.399265 1.9074 5.82239 -4.25391 -0.610386 -2.06001 0.0144008 2.97061
1 3.29 4.13783 -5.62682 2.45669 0.2559 -0.443342 2.02717 5.75213 -4.22184 -1.12954 -1.77074 1.42745 1.66959
4 3.29 1.5 0 1.5 0 0 1.57075 0 0 0 0 0 0
5 3.29 50 0.0105867 20
6 3.29 -9.09128 0.327166 2.12879 -4.15354
0 3.3 3.98778 -5.51187 2.4721 0.344373 -0.413087 1.94543 5.85712 -4.23689 -0.623438 -2.07892 -0.0666504 2.97419
1 3.3 4.22206 -5.68135 2.44716 0.212528 -0.455761 2.06671 5.80456 -4.21039 -1.11599 -1.8019 1.40515 1.63399
4 3.3 1.5 0 1.5 0 0 1.57075 0 0 0 0 0 0
5 3.3 50 0.00570798 10
6 3.3 -7.11533 0.293751 2.20148 -4.27841
0 3.31 4.06614 -5.56485 2.46351 0.320029 -0.420839 1.96832 5.88366 -4.21961 -0.638263 -2.04396 -0.0464538 2.96257
1 3.31 4.30148 -5.73363 2.43798 0.188185 -0.459883 2.09092 5.83428 -4.19317 -1.12785 -1.7393 1.44327 1.6442
4 3.31 1.5 0 1.5 0 0 1.57075 0 0 0 0 0 0
5 3.31 50 0.00376678 8
6 3.31 -6.87037 0.329635 2.21146 -4.20881
0 3.32 4.1197 -5.5999 2.45759 0.279585 -0.431148 2.00743 5.88822 -4.19697 -0.646598 -1.8861 0.149551 2.90809
1 3.32 4.35523 -5.76778 2.43172 0.151949 -0.457498 2.13232 5.84366 -4.17073 -1.13165 -1.66019 1.5118 1.62668
4 3.32 1.5 0 1.5 0 0 1.57075 0 0 0 0 0 0
5 3.32 50 0.00450325 8
6 3.32 -6.49877 0.288349 2.01788 -4.09121
0 3.33 4.18834 -5.6457 2.44988 0.248807 -0.435894 2.03877 5.89256 -4.1721 -0.660877 -1.76493 0.308605 2.85918
1 3.33 4.42404 -5.81259 2.42345 0.125165 -0.452093 2.1644 5.85526 -4.14866 -1.13433 -1.63739 1.54009 1.57816
4 3.33 1.5 0 1.5 0 0 1.57075 0 0 0 0 0 0
5 3.33 50 0.00283051 4
6 3.33 -5.65058 0.214883 1.83146 -4.09029
0 3.35 4.25858 -5.69145 2.44176 0.190493 -0.437995 2.1019 5.89494 -4.14833 -0.679117 -1.51861 0.630221 2.74483
1 3.35 4.49438 -5.85738 2.4146 0.077024 -0.43403 2.22622 5.86557 -4.12768 -1.1413 -1.54905 1.62151 1.48754
4 3.35 1.5 0 1.5 0 0 1.57075 0 0 0 0 0 0
5 3.35 50 0.00523329 6
6 3.35 -4.80647 0.107454 1.48306 -4.01498
0 3.36 4.33016 -5.73891 2.43328 0.163203 -0.435328 2.13283 5.89482 -4.12633 -0.700212 -1.41611 0.802927 2.69438
1 3.36 4.56595 -5.90396 2.40527 0.0546728 -0.421149 2.25586 5.87206 -4.1095 -1.14931 -1.51007 1.65615 1.45028
4 3.36 1.5 0 1.5 0 0 1.57075 0 0 0 0 0 0
5 3.36 50 0.00199914 3
6 3.36 -3.88178 0.0718509 1.2954 -3.97307
0 3.37 4.39735 -5.78217 2.42505 0.137205 -0.429884 2.16323 5.89871 -4.11194 -0.719787 -1.31436 1.01793 2.64085
1 3.37 4.6333 -5.94665 2.39625 0.0341013 -0.403998 2.28447 5.87962 -4.09717 -1.16217 -1.45206 1.70314 1.41833
4 3.37 1.5 0 1.5 0 0 1.57075 0 0 0 0 0 0
5 3.37 50 0.00356483 5
6 3.37 -3.39982 0.0658409 1.07405 -3.90443
0 3.38 4.47498 -5.83303 2.41529 0.118813 -0.423373 2.18573 5.89847 -4.09566 -0.744057 -1.22403 1.26545 2.58409
1 3.38 4.71092 -5.99686 2.38553 0.0208978 -0.385364 2.30489 5.8845 -4.08453 -1.17454 -1.4686 1.72103 1.34089
4 3.38 1.5 0 1.5 0 0 1.57075 0 0 0 0 0 0
5 3.38 50 0.00240278 4
6 3.38 -2.57632 -0.0061353 0.785055 -3.97069
0 3.39 4.53932 -5.87435 2.40696 0.0939244 -0.410697 2.21713 5.89264 -4.07918 -0.765724 -1.11237 1.58686 2.50418
1 3.39 4.77503 -6.03752 2.37633 0.00341087 -0.356897 2.3324 5.88369 -4.07176 -1.18411 -1.39044 1.78401 1.30197
4 3.39 1.5 0 1.5 0 0 1.57075 0 0 0 0 0 0
5 3.39 50 0.00363517 6
6 3.39 -1.74391 0.0139386 0.457245 -3.84007
0 3.4 4.60947 -5.92021 2.39761 0.0686293 -0.392526 2.25074 5.88345 -4.06181 -0.789628 -1.04311 1.8243 2.43531
1 3.4 4.84481 -6.08268 2.36603 -0.0154017 -0.326406 2.36134 5.8802 -4.059 -1.19224 -1.38505 1.813 1.20619
4 3.4 1.5 0 1.5 0 0 1.57075 0 0 0 0 0 0
5 3.4 50 0.00575399 10
6 3.4 -0.678274 -0.0191483 0.197744 -3.92612
0 3.42 4.68009 -5.9656 2.38792 0.0296866 -0.353884 2.30411 5.86824 -4.0417 -0.812442 -0.976752 2.22739 2.30723
1 3.42 4.91482 -6.12727 2.35542 -0.0444406 -0.267567 2.40527 5.87605 -4.04901 -1.17599 -1.27742 1.88854 1.12795
4 3.42 1.5 0 1.5 0 0 1.57075 0 0 0 0 0 0
5 3.42 50 0.00577307 11
6 3.42 1.88459 0.0839921 -0.201847 -3.76733
0 3.43 4.73876 -6.00392 2.37967 0.0159841 -0.336896 2.32286 5.85419 -4.02641 -0.829156 -0.986721 2.30615 2.26649
1 3.43 4.97293 -6.16498 2.34651 -0.0557505 -0.246111 2.42047 5.86745 -4.03928 -1.16885 -1.29801 1.88074 1.05498
4 3.43 1.5 0 1.5 0 0 1.57075 0 0 0 0 0 0
5 3.43 50 0.00422025 8
6 3.43 3.4207 0.0792921 -0.302591 -3.87035
0 3.44 4.83768 -6.06782 2.36521 -0.00149563 -0.313754 2.34657 5.84133 -4.01222 -0.847449 -1.02418 2.35876 2.22552
1 3.44 5.07134 -6.22831 2.33131 -0.0713015 -0.21927 2.44001 5.66688 -3.83264 -2.01143 2.43686 5.88461 3.14823
4 3.44 1.5 0 1.5 0 0 1.57075 0 0 0 0 0 0
5 3.44 50 0.00902796 19
6 3.44 -49.6852 4.30202 4.23434 2.943
0 3.45 4.9042 -6.11136 2.35539 -0.0192777 -0.289277 2.3701 5.82864 -4.00219 -0.856606 -1.10464 2.39351 2.16937
1 3.45 5.13735 -6.27145 2.32113 -0.0887356 -0.191882 2.45869 5.71271 -3.87311 -1.8306 4.36404 3.7036 5.13519
4 3.45 1.5 0 1.5 0 0 1.57075 0 0 0 0 0 0
5 3.45 50 0.0111382 20
6 3.45 -37.174 6.54373 1.70186 9.46539
0 3.47 4.98819 -6.1657 2.34275 -0.0588338 -0.234426 2.41658 5.79758 -3.98187 -0.862053 -1.39045 2.38487 2.02585
1 3.47 5.22009 -6.32497 2.30827 -0.132431 -0.134431 2.49398 5.64074 -3.75137 -2.38607 7.37696 13.3214 3.41395
4 3.47 1.5 0 1.5 0 0 1.57075 0 0 0 0 0 0
5 3.47 50 0.0108883 20
6 3.47 -71.3842 10.2052 12.7814 4.42774
0 3.48 5.04555 -6.20338 2.33409 -0.0735351 -0.214985 2.43134 5.77309 -3.96786 -0.862808 -1.48316 2.36309 1.98981
1 3.48 5.27648 -6.36209 2.29957 -0.148678 -0.114869 2.50548 5.78787 -3.99319 -1.12826 -0.660223 2.1255 1.21981
4 3.48 1.5 0 1.5 0 0 1.57075 0 0 0 0 0 0
5 3.48 50 0.00841117 15
6 3.48 7.9806 1.30545 -0.0278104 -2.46221
0 3.49 5.12225 -6.25327 2.32234 -0.0968679 -0.184375 2.45353 5.72302 -3.94159 -0.85539 -1.61819 2.35741 1.97235
1 3.49 5.35117 -6.41093 2.28812 -0.174539 -0.08289 2.52413 5.73708 -3.97526 -1.07494 -0.830732 2.03291 1.01184
4 3.49 1.5 0 1.5 0 0 1.57075 0 0 0 0 0 0
5 3.49 50 0.00825667 14
6 3.49 10.8204 1.26146 -0.107587 -3.07074
0 3.5 5.17494 -6.28812 2.31433 -0.111543 -0.165372 2.46672 5.68699 -3.9245 -0.847227 -1.70563 2.35871 1.98034
1 3.5 5.40242 -6.4451 2.28044 -0.191154 -0.0627931 2.53588 5.69835 -3.96143 -1.04822 -0.809381 2.03249 1.00164
4 3.5 1.5 0 1.5 0 0 1.57075 0 0 0 0 0 0
5 3.5 50 0.00760746 13
6 3.5 11.96 1.38494 -0.0941094 -3.12907
0 3.51 5.25067 -6.33782 2.30262 -0.136665 -0.133153 2.488 5.64504 -3.90782 -0.834621 -1.81242 2.36381 1.99804
1 3.51 5.47647 -6.49413 2.26923 -0.218041 -0.0285939 2.55488 5.64998 -3.95094 -1.00198 -0.82087 2.0111 0.948139
4 3.51 1.5 0 1.5 0 0 1.57075 0 0 0 0 0 0
5 3.51 50 0.00615954 13
6 3.51 14.0379 1.49583 -0.104309 -3.35667
0 3.53 5.32597 -6.388 2.29123 -0.174492 -0.0850876 2.51781 5.59646 -3.88656 -0.816553 -1.99762 2.37277 1.99235
1 3.53 5.54983 -6.54346 2.25857 -0.259686 0.0222174 2.58004 5.58728 -3.93863 -0.939755 -0.828416 1.98153 0.857499
4 3.53 1.5 0 1.5 0 0 1.57075 0 0 0 0 0 0
5 3.53 50 0.00924277 16
6 3.53 16.8034 1.69496 -0.118764 -3.62839
0 3.54 5.40256 -6.43897 2.27958 -0.1999 -0.0534268 2.53592 5.52739 -3.85916 -0.792037 -2.09594 2.35312 1.94885
1 3.54 5.62365 -6.59334 2.2479 -0.286824 0.0543032 2.59372 5.50679 -3.91594 -0.896566 -0.85589 1.97689 0.717275
4 3.54 1.5 0 1.5 0 0 1.57075 0 0 0 0 0 0
5 3.54 50 0.00895572 20
6 3.54 18.0161 1.76266 -0.0928666 -3.93742
0 3.55 5.46798 -6.48335 2.26993 -0.221496 -0.0269538 2.54996 5.46609 -3.83869 -0.770858 -2.16875 2.32881 1.91528
1 3.55 5.68663 -6.63689 2.2391 -0.309709 0.0807537 2.60425 5.43612 -3.89733 -0.87299 -0.0251685 1.97567 1.48898
4 3.55 1.5 0 1.5 0 0 1.57075 0 0 0 0 0 0
5 3.55 50 0.00824428 14
6 3.55 18.2307 2.76335 -0.0606397 -1.36671
0 3.56 5.52497 -6.52187 2.26136 -0.243805 -0.000270527 2.56305 5.41788 -3.82558 -0.754875 -2.25487 2.2895 1.86889
1 3.56 5.74168 -6.67489 2.23116 -0.334013 0.106647 2.61349 5.37704 -3.88827 -0.846516 0.255042 1.94351 1.69171
4 3.56 1.5 0 1.5 0 0 1.57075 0 0 0 0 0 0
5 3.56 50 0.00787401 13
6 3.56 18.9829 3.1584 -0.0474258 -0.571512
0 3.58 5.59503 -6.57011 2.25113 -0.29036 0.051945 2.5863 5.35309 -3.81067 -0.736997 -2.45018 2.19721 1.74373
1 3.58 5.80916 -6.72254 2.22165 -0.386201 0.156123 2.62802 5.28811 -3.88367 -0.807582 0.629452 1.84064 1.92474
4 3.58 1.5 0 1.5 0 0 1.57075 0 0 0 0 0 0
5 3.58 50 0.00344133 7
6 3.58 20.6001 3.75926 -0.054737 0.571766
0 3.59 5.65916 -6.61447 2.24163 -0.308734 0.0719921 2.59396 5.28554 -3.79403 -0.726773 -2.45067 2.21717 1.69402
1 3.59 5.87058 -6.76624 2.21256 -0.404049 0.177075 2.63166 5.20615 -3.87599 -0.771074 -0.225802 1.97613 0.958583
4 3.59 1.5 0 1.5 0 0 1.57075 0 0 0 0 0 0
5 3.59 50 0.00220656 3
6 3.59 22.4373 2.79669 0.0677841 -2.35407
0 3.6 5.71455 -6.65341 2.23354 -0.338187 0.106903 2.60466 5.22729 -3.7792 -0.725868 -2.30615 2.37298 1.62498
1 3.6 5.92364 -6.80458 2.2045 -0.427232 0.218011 2.63465 5.12654 -3.87106 -0.749412 -0.697874 2.03151 0.321341
4 3.6 1.5 0 1.5 0 0 1.57075 0 0 0 0 0 0
5 3.6 50 0.00147033 2
6 3.6 24.0864 2.11496 -0.0809527 -4.16808
0 3.61 5.76278 -6.68738 2.2263 -0.358081 0.1342 2.61079 5.1706 -3.76279 -0.729902 -2.129 2.53591 1.58212
1 3.61 5.96961 -6.83789 2.1971 -0.440038 0.251382 2.63472 5.05699 -3.85783 -0.752937 -0.220362 2.01069 0.72242
4 3.61 1.5 0 1.5 0 0 1.57075 0 0 0 0 0 0
5 3.61 50 0.00165558 3
6 3.61 24.375 2.46381 -0.323208 -2.75071
0 3.62 5.832 -6.7371 2.21589 -0.376656 0.164432 2.61567 5.08601 -3.74176 -0.73657 -1.88278 2.70906 1.52984
1 3.62 6.03544 -6.88677 2.18642 -0.449138 0.287707 2.63295 4.98029 -3.82254 -0.822353 3.85117 1.25355 5.06123
4 3.62 1.5 0 1.5 0 0 1.57075 0 0 0 0 0 0
5 3.62 50 0.00698018 12
6 3.62 20.4721 6.7548 -1.43104 11.2682
0 3.64 5.90219 -6.7882 2.205 -0.408286 0.227861 2.62125 5.01382 -3.73113 -0.740933 -1.60151 2.85853 1.41038
1 3.64 6.10274 -6.93745 2.17536 -0.470867 0.355202 2.6278 4.84975 -3.83611 -0.744526 0.630263 1.87981 1.36925
4 3.64 1.5 0 1.5 0 0 1.57075 0 0 0 0 0 0
5 3.64 50 0.000950098 1
6 3.64 26.6357 2.82696 -0.935552 -0.136518
0 3.65 5.95741 -6.82894 2.19642 -0.420337 0.251975 2.6222 4.95079 -3.72334 -0.74224 -1.61866 2.84539 1.36806
1 3.65 6.15545 -6.97788 2.16673 -0.484179 0.378214 2.62583 4.76634 -3.83456 -0.727094 -0.194127 2.05505 0.28556
4 3.65 1.5 0 1.5 0 0 1.57075 0 0 0 0 0 0
5 3.65 50 0.00138545 2
6 3.65 28.2338 1.91236 -0.723099 -3.46111
0 3.66 6.0314 -6.8844 2.18452 -0.436135 0.282615 2.62279 4.84422 -3.71082 -0.739092 -1.64347 2.83078 1.34035
1 3.66 6.22517 -7.03283 2.15496 -0.501652 0.407895 2.62359 4.67885 -3.80393 -0.795928 4.44528 0.135556 6.09049
4 3.66 1.5 0 1.5 0 0 1.57075 0 0 0 0 0 0
5 3.66 50 0.00153065 2
6 3.66 23.6127 7.12314 -2.90958 15.1595
0 3.68 6.10192 -6.9385 2.17321 -0.474053 0.351856 2.62284 4.73261 -3.70039 -0.732781 -1.71942 2.79284 1.29714
1 3.68 6.29122 -7.08651 2.1439 -0.544605 0.474936 2.61769 4.51779 -3.80697 -0.760968 4.18578 -0.693093 6.47908
4 3.68 1.5 0 1.5 0 0 1.57075 0 0 0 0 0 0
5 3.68 50 0.00228286 4
6 3.68 26.7093 6.90374 -3.81449 16.5379
0 3.69 6.16224 -6.98565 2.16299 -0.492469 0.38328 2.62147 4.63201 -3.69346 -0.726014 -1.74631 2.77837 1.28151
1 3.69 6.34752 -7.13339 2.13395 -0.565296 0.505444 2.61352 4.39997 -3.80326 -0.754389 3.852 0.00122082 5.16745
4 3.69 1.5 0 1.5 0 0 1.57075 0 0 0 0 0 0
5 3.69 50 0.00344491 5
6 3.69 27.283 6.55527 -3.00067 12.4004
0 3.7 6.21272 -7.02591 2.15452 -0.510206 0.412361 2.61962 4.54159 -3.68795 -0.719183 -1.78222 2.75969 1.28
1 3.7 6.39438 -7.17343 2.12575 -0.585532 0.533694 2.60954 4.36831 -3.76687 -0.858156 7.14515 -1.41279 9.09012
4 3.7 1.5 0 1.5 0 0 1.57075 0 0 0 0 0 0
5 3.7 50 0.000800133 1
6 3.7 19.4152 10.2779 -4.59796 24.9282
0 3.71 6.27522 -7.07733 2.14355 -0.524749 0.435193 2.6179 4.44609 -3.68898 -0.713587 -1.83687 2.72684 1.30255
1 3.71 6.45306 -7.22489 2.11501 -0.602666 0.555694 2.60736 4.2292 -3.78523 -0.80552 3.12573 2.82951 2.78663
4 3.71 1.5 0 1.5 0 0 1.57075 0 0 0 0 0 0
5 3.71 50 0.00250006 5
6 3.71 23.4506 5.84325 0.316245 4.73224
0 3.73 6.34914 -7.13935 2.13071 -0.569777 0.501683 2.61216 4.32297 -3.684 -0.709055 -1.93128 2.64829 1.35708
1 3.73 6.52206 -7.28671 2.10234 -0.653301 0.620162 2.59912 4.04777 -3.79953 -0.774777 2.65858 0.415064 3.49316
4 3.73 1.5 0 1.5 0 0 1.57075 0 0 0 0 0 0
5 3.73 50 0.00128436 1
6 3.73 27.1028 5.42963 -2.34484 6.81363
0 3.74 6.39993 -7.18325 2.1214 -0.590739 0.530873 2.60917 4.20931 -3.67656 -0.706959 -1.97811 2.6063 1.38402
1 3.74 6.5683 -7.33031 2.09312 -0.67696 0.648292 2.59515 3.95536 -3.78145 -0.817372 3.64236 0.206217 4.01895
4 3.74 1.5 0 1.5 0 0 1.57075 0 0 0 0 0 0
5 3.74 50 0.0014317 2
6 3.74 24.1151 6.58387 -2.5266 8.40614
0 3.75 6.45968 -7.23649 2.11044 -0.612448 0.55986 2.60599 4.06977 -3.67149 -0.708025 -2.03346 2.55676 1.41154
1 3.75 6.62247 -7.38335 2.08212 -0.701679 0.676001 2.59113 3.60658 -3.86077 -0.619016 -2.51485 3.55025 -3.07512
4 3.75 1.5 0 1.5 0 0 1.57075 0 0 0 0 0 0
5 3.75 50 0.00435734 6
6 3.75 42.529 -0.24339 1.37793 -14.3296
0 3.76 6.50204 -7.27579 2.10209 -0.635068 0.588738 2.60245 3.97754 -3.6719 -0.711282 -2.08561 2.50032 1.44324
1 3.76 6.66114 -7.42267 2.07364 -0.727077 0.703498 2.58699 3.70006 -3.78462 -0.833747 3.29209 -0.571378 4.45964
4 3.76 1.5 0 1.5 0 0 1.57075 0 0 0 0 0 0
5 3.76 50 0.00123358 1
6 3.76 24.6954 6.31236 -3.27456 9.62394
0 3.78 6.5527 -7.3239 2.09205 -0.675818 0.637918 2.59649 3.86052 -3.67367 -0.719213 -2.16523 2.39603 1.5023
1 3.78 6.70713 -7.47085 2.06329 -0.772115 0.750283 2.58022 3.51123 -3.81596 -0.808243 1.16453 3.5554 -0.236733
4 3.78 1.5 0 1.5 0 0 1.57075 0 0 0 0 0 0
5 3.78 50 0.00268531 3
6 3.78 29.6468 4.02017 1.59998 -5.55777
0 3.79 6.5998 -7.37037 2.0821 -0.706421 0.672686 2.59249 3.73713 -3.67555 -0.730886 -2.23651 2.29444 1.54283
1 3.79 6.74929 -7.5174 2.05287 -0.805943 0.782559 2.57634 3.18392 -3.90359 -0.680344 -6.20311 8.08059 -8.4256
4 3.79 1.5 0 1.5 0 0 1.57075 0 0 0 0 0 0
5 3.79 50 0.00144744 2
6 3.79 45.5989 -4.14866 6.92479 -31.83
0 3.8 6.64525 -7.41653 2.07228 -0.725523 0.693423 2.58967 3.61209 -3.67955 -0.745982 -2.27821 2.24873 1.55823
1 3.8 6.78973 -7.56371 2.04244 -0.827499 0.802076 2.57269 3.31166 -3.80459 -0.909455 2.61149 -5.74802 9.28942
4 3.8 1.5 0 1.5 0 0 1.57075 0 0 0 0 0 0
5 3.8 50 0.00337267 7
6 3.8 24.3698 5.75779 -8.8804 24.676
0 3.82 6.69218 -7.46635 2.06132 -0.783543 0.753103 2.58081 3.45633 -3.68376 -0.766635 -2.35593 2.09483 1.59336
1 3.82 6.83043 -7.6137 2.03065 -0.890895 0.857447 2.56164 2.8703 -3.93738 -0.773524 -6.30998 10.2319 -9.52464
4 3.82 1.5 0 1.5 0 0 1.57075 0 0 0 0 0 0
5 3.82 50 0.00175714 3
6 3.82 45.6864 -4.15116 9.64716 -35.4998
0 3.83 6.73255 -7.51093 2.05147 -0.810275 0.778411 2.57622 3.31837 -3.69108 -0.786748 -2.38734 2.01583 1.57257
1 3.83 6.86529 -7.65858 2.02 -0.920618 0.879563 2.55507 2.99486 -3.83419 -0.979875 1.00317 1.70961 0.50594
4 3.83 1.5 0 1.5 0 0 1.57075 0 0 0 0 0 0
5 3.83 50 1.17906 20
6 3.83 45.6864 -4.15116 9.64716 -35.4998
