3 6.41 -10 0 0 0 0 0 0 0 0 0 0 0 0
0 6.41 0.036424 -0.193853 1.53211 -0.0229251 0.0509273 1.51257 -0.108528 0.26907 0.0770531 0.0629978 -0.0551719 0.00115549
1 6.41 0.0320829 -0.18309 1.53519 -0.0204003 0.048722 1.51267 -0.116496 0.289921 0.0839505 0.516358 -0.212817 0.0392115
4 6.41 1.5 0 1.5 0 0 1.57075 0 0 0 0 0 0
5 6.41 50 0.00102234 1
6 6.41 24.4951 0.507263 -0.180876 0.12149
0 6.42 0.0352612 -0.192471 1.53211 -0.022118 0.0501829 1.51265 -0.107853 0.270447 0.0777615 0.0642655 -0.0544583 0.000621842
1 6.42 0.0309471 -0.181653 1.53522 -0.0195437 0.0480056 1.51272 -0.115518 0.290986 0.0847279 0.51517 -0.211586 0.0387507
4 6.42 1.5 0 1.5 0 0 1.57075 0 0 0 0 0 0
5 6.42 50 0.00101805 1
6 6.42 24.498 0.504517 -0.18028 0.121722
0 6.43 0.0337467 -0.191118 1.53186 -0.0216447 0.0497905 1.51265 -0.106424 0.271772 0.0786337 0.0678941 -0.0509684 0.00155844
1 6.43 0.0294897 -0.180247 1.53501 -0.0189236 0.0477536 1.51276 -0.11391 0.292144 0.0856221 0.514551 -0.211329 0.0392193
4 6.43 1.5 0 1.5 0 0 1.57075 0 0 0 0 0 0
5 6.43 50 0.000766277 1
6 6.43 24.4986 0.499761 -0.183994 0.120228
0 6.44 0.0324572 -0.189313 1.53201 -0.0207065 0.0490478 1.51268 -0.104636 0.27329 0.0824672 0.0867666 -0.0631724 0.00121362
1 6.44 0.0282717 -0.178381 1.53531 -0.0172309 0.0465224 1.51278 -0.111761 0.293334 0.0892725 0.514234 -0.210636 0.038907
4 6.44 1.5 0 1.5 0 0 1.57075 0 0 0 0 0 0
5 6.44 50 0.000685453 1
6 6.44 24.486 0.478291 -0.169197 0.12033
0 6.45 0.0312906 -0.188461 1.53175 -0.0191916 0.0480495 1.51272 -0.102754 0.273662 0.0873402 0.165974 -0.104537 0.00461223
1 6.45 0.0271804 -0.177515 1.53524 -0.0125399 0.0438724 1.51299 -0.109298 0.29327 0.0941242 0.517102 -0.209217 0.0409116
4 6.45 1.5 0 1.5 0 0 1.57075 0 0 0 0 0 0
5 6.45 50 0.000901699 1
6 6.45 24.4828 0.392841 -0.120165 0.115866
0 6.47 0.0300439 -0.186888 1.53188 -0.0127649 0.0444972 1.5132 -0.1 0.274449 0.0948214 0.448844 -0.236496 0.0295303
1 6.47 0.0260439 -0.17591 1.53567 0.00524687 0.0350532 1.5145 -0.104079 0.29253 0.102532 0.525274 -0.202942 0.055395
4 6.47 1.5 0 1.5 0 0 1.57075 0 0 0 0 0 0
5 6.47 50 0.000763893 1
6 6.47 24.533 0.0849465 0.0373977 0.0824523
0 6.48 0.0287509 -0.185716 1.53184 -0.00750067 0.0418134 1.51356 -0.0965713 0.27508 0.105503 0.556373 -0.278481 0.0375032
1 6.48 0.0248881 -0.174713 1.53606 0.0148205 0.0306857 1.51514 -0.0986128 0.291966 0.113268 0.523247 -0.196501 0.0597596
4 6.48 1.5 0 1.5 0 0 1.57075 0 0 0 0 0 0
5 6.48 50 0.000713825 1
6 6.48 24.5322 -0.0379199 0.0923264 0.0708775
0 6.49 0.0276794 -0.18414 1.53223 -0.00277086 0.0395169 1.5139 -0.0934701 0.275873 0.11606 0.638659 -0.307527 0.0479582
1 6.49 0.0239406 -0.173105 1.53688 0.0228527 0.0272212 1.51586 -0.0936782 0.291727 0.12369 0.520482 -0.19104 0.065564
4 6.49 1.5 0 1.5 0 0 1.57075 0 0 0 0 0 0
5 6.49 50 0.000762224 1
6 6.49 24.5211 -0.133436 0.131108 0.0559832
0 6.5 0.0267247 -0.183411 1.53227 0.00585894 0.0353991 1.5145 -0.0897181 0.270314 0.125606 0.714147 -0.337437 0.0503597
1 6.5 0.023136 -0.172599 1.5373 0.0344934 0.02189 1.51643 -0.0865758 0.284342 0.133708 0.509585 -0.176672 0.0665587
4 6.5 1.5 0 1.5 0 0 1.57075 0 0 0 0 0 0
5 6.5 50 0.000937462 1
6 6.5 24.5465 -0.230276 0.181466 0.0514416
0 6.52 0.0257586 -0.181978 1.53286 0.0208387 0.0284089 1.51565 -0.086067 0.266523 0.136568 0.708663 -0.314787 0.0613028
1 6.52 0.022316 -0.171317 1.53832 0.0492474 0.0157691 1.51784 -0.0770871 0.277445 0.145331 0.481443 -0.152785 0.0719293
4 6.52 1.5 0 1.5 0 0 1.57075 0 0 0 0 0 0
5 6.52 50 0.00075531 1
6 6.52 24.5865 -0.255816 0.182266 0.0336716
0 6.53 0.0246553 -0.18092 1.53334 0.0272636 0.0255164 1.51618 -0.0823407 0.263635 0.148492 0.673897 -0.294247 0.062965
1 6.53 0.0213616 -0.170374 1.53928 0.0542755 0.0136822 1.51838 -0.0708718 0.273246 0.156661 0.467087 -0.142197 0.0724292
4 6.53 1.5 0 1.5 0 0 1.57075 0 0 0 0 0 0
5 6.53 50 0.000801325 1
6 6.53 24.552 -0.232917 0.170931 0.029989
0 6.54 0.0235536 -0.17912 1.53444 0.0325636 0.0231797 1.51671 -0.077706 0.261614 0.162232 0.627954 -0.264926 0.0650056
1 6.54 0.0204454 -0.168656 1.54093 0.057734 0.0125036 1.51896 -0.0642052 0.27016 0.169386 0.453893 -0.133737 0.0731504
4 6.54 1.5 0 1.5 0 0 1.57075 0 0 0 0 0 0
5 6.54 50 0.000770092 1
6 6.54 24.4922 -0.196167 0.14713 0.025813
0 6.56 0.02259 -0.178023 1.53529 0.0430648 0.0190319 1.51771 -0.0718029 0.259589 0.177483 0.503063 -0.18107 0.0630444
1 6.56 0.0197179 -0.167639 1.54239 0.0632294 0.0116872 1.51992 -0.0545226 0.266149 0.177384 0.460644 -0.114271 0.0767416
4 6.56 1.5 0 1.5 0 0 1.57075 0 0 0 0 0 0
5 6.56 50 0.00160909 3
6 6.56 24.0551 -0.0483961 0.0740089 0.0436249
0 6.57 0.0218407 -0.176543 1.5365 0.0480866 0.0172882 1.51834 -0.0662503 0.258174 0.190962 0.445322 -0.139677 0.0648758
1 6.57 0.0191907 -0.166216 1.54414 0.0659397 0.0115828 1.52067 -0.0471185 0.263934 0.189236 0.449295 -0.106799 0.0778129
4 6.57 1.5 0 1.5 0 0 1.57075 0 0 0 0 0 0
5 6.57 50 0.00143075 3
6 6.57 23.96 0.00370366 0.035325 0.0412312
0 6.58 0.0211086 -0.175652 1.53762 0.0529663 0.0158462 1.519 -0.0601991 0.255868 0.205361 0.397799 -0.106326 0.0621547
1 6.58 0.0187006 -0.165417 1.54583 0.0689141 0.0114675 1.52126 -0.0392542 0.260964 0.202476 0.4351 -0.10031 0.0755787
4 6.58 1.5 0 1.5 0 0 1.57075 0 0 0 0 0 0
5 6.58 50 0.00186801 3
6 6.58 23.8943 0.0411954 0.00485141 0.0428081
0 6.59 0.0205542 -0.174482 1.53893 0.0559582 0.0150506 1.51948 -0.0545295 0.254276 0.218267 0.38892 -0.0962061 0.0669657
1 6.59 0.018373 -0.164311 1.54766 0.071552 0.0110586 1.52194 -0.0325243 0.258993 0.21382 0.430401 -0.0969743 0.0786011
4 6.59 1.5 0 1.5 0 0 1.57075 0 0 0 0 0 0
5 6.59 50 0.00154233 2
6 6.59 23.8021 0.0458872 -0.00304159 0.0371035
0 6.6 0.0200556 -0.1737 1.54025 0.0605889 0.0139039 1.5203 -0.0461962 0.251531 0.234568 0.385171 -0.0884794 0.0678887
1 6.6 0.0182078 -0.163639 1.54964 0.0760304 0.0102068 1.52279 -0.0224989 0.255716 0.228788 0.418841 -0.0925139 0.0785207
4 6.6 1.5 0 1.5 0 0 1.57075 0 0 0 0 0 0
5 6.6 50 0.00143528 2
6 6.6 23.7263 0.0371822 -0.00679772 0.033904
0 6.62 0.0196257 -0.172274 1.54224 0.0683699 0.011995 1.52153 -0.036861 0.248711 0.253125 0.401503 -0.0904954 0.0721483
1 6.62 0.0181513 -0.162325 1.55236 0.0844616 0.00818649 1.52416 -0.0102873 0.252027 0.245911 0.4019 -0.086612 0.0800888
4 6.62 1.5 0 1.5 0 0 1.57075 0 0 0 0 0 0
5 6.62 50 0.00173521 2
6 6.62 23.6496 -9.03454e-05 0.00205282 0.0253089
0 6.63 0.0194002 -0.171655 1.54388 0.0714242 0.0112347 1.52197 -0.0284925 0.245821 0.269779 0.407832 -0.0952656 0.0724009
1 6.63 0.0182605 -0.161823 1.55467 0.0877669 0.00722715 1.52459 -0.000883863 0.248784 0.260761 0.396074 -0.0835747 0.0801973
4 6.63 1.5 0 1.5 0 0 1.57075 0 0 0 0 0 0
5 6.63 50 0.00113201 2
6 6.63 23.5436 -0.013721 0.0109641 0.024846
0 6.64 0.0192203 -0.170336 1.5464 0.0755463 0.0102065 1.52269 -0.0178473 0.242642 0.291425 0.416744 -0.0983618 0.0760948
1 6.64 0.0185064 -0.16063 1.55806 0.092244 0.00605353 1.52543 0.0111688 0.245142 0.280326 0.386442 -0.080017 0.0819968
4 6.64 1.5 0 1.5 0 0 1.57075 0 0 0 0 0 0
5 6.64 50 0.00347209 2
6 6.64 23.4227 -0.0345179 0.0184171 0.0187955
0 6.65 0.0192427 -0.169624 1.54874 0.0812089 0.00873415 1.52357 -0.00566393 0.238904 0.315173 0.413897 -0.0993446 0.0714699
1 6.65 0.0190161 -0.160068 1.56135 0.0977869 0.00454156 1.52609 0.0253126 0.240755 0.301865 0.371819 -0.0747318 0.0783972
4 6.65 1.5 0 1.5 0 0 1.57075 0 0 0 0 0 0
5 6.65 50 0.00343657 2
6 6.65 23.297 -0.0476623 0.0257852 0.0220689
0 6.66 0.0193362 -0.168594 1.5512 0.0849421 0.00769821 1.52413 0.00481863 0.236294 0.336345 0.410381 -0.107567 0.0717836
1 6.66 0.0195289 -0.159142 1.56465 0.101377 0.00316743 1.52663 0.0370262 0.237696 0.321013 0.361418 -0.0716805 0.0780779
4 6.66 1.5 0 1.5 0 0 1.57075 0 0 0 0 0 0
5 6.66 50 0.00177956 2
6 6.66 23.1797 -0.0554162 0.0387302 0.0200443
0 6.68 0.0196416 -0.167998 1.55392 0.0890783 0.00650761 1.52475 0.0183299 0.232409 0.364291 0.403193 -0.10789 0.073779
1 6.68 0.0203748 -0.158702 1.56849 0.105223 0.0019466 1.5273 0.0518459 0.233303 0.346281 0.349176 -0.0670178 0.0788127
4 6.68 1.5 0 1.5 0 0 1.57075 0 0 0 0 0 0
5 6.68 50 0.00126147 2
6 6.68 23.0232 -0.061092 0.0444258 0.0160207
0 6.69 0.0201727 -0.166497 1.5582 0.0957269 0.00462286 1.52577 0.0353872 0.228306 0.40124 0.374539 -0.0917021 0.0655994
1 6.69 0.0215882 -0.157365 1.57425 0.110719 0.000720762 1.52803 0.0710282 0.228416 0.379589 0.329455 -0.0599623 0.072772
4 6.69 1.5 0 1.5 0 0 1.57075 0 0 0 0 0 0
5 6.69 50 0.0014801 2
6 6.69 22.8131 -0.0509376 0.034378 0.0228595
0 6.71 0.0209591 -0.166126 1.56188 0.0992931 0.00368552 1.52633 0.0508612 0.21877 0.433487 0.361341 -0.0871729 0.0675666
1 6.71 0.0229935 -0.157376 1.57922 0.113755 -5.21421e-05 1.52867 0.0874987 0.218495 0.408614 0.317302 -0.0527647 0.0737572
4 6.71 1.5 0 1.5 0 0 1.57075 0 0 0 0 0 0
5 6.71 50 0.00127983 2
6 6.71 22.6226 -0.0497578 0.0374524 0.0197277
0 6.72 0.0216737 -0.165437 1.56541 0.102731 0.00268017 1.52689 0.0639085 0.212064 0.46273 0.332549 -0.0824399 0.0688565
1 6.72 0.0242301 -0.156955 1.58392 0.11604 -0.000882488 1.52929 0.101499 0.21139 0.434883 0.305108 -0.0468734 0.0742039
4 6.72 1.5 0 1.5 0 0 1.57075 0 0 0 0 0 0
5 6.72 50 0.00108004 2
6 6.72 22.4473 -0.0311677 0.0389069 0.0170406
0 6.73 0.0227795 -0.16511 1.56974 0.106773 0.00146744 1.52773 0.0815157 0.204231 0.504124 0.311871 -0.078431 0.0738976
1 6.73 0.0260401 -0.15694 1.5899 0.119252 -0.00196695 1.53033 0.120132 0.203096 0.472137 0.291258 -0.039856 0.0767882
4 6.73 1.5 0 1.5 0 0 1.57075 0 0 0 0 0 0
5 6.73 50 0.00113773 2
6 6.73 22.2018 -0.0235388 0.0423464 0.00920055
0 6.75 0.0237623 -0.164472 1.57384 0.111936 -6.1643e-05 1.52887 0.0959043 0.19866 0.540139 0.289864 -0.0737971 0.0679472
1 6.75 0.0275985 -0.156526 1.59545 0.123531 -0.00329865 1.53124 0.13597 0.196957 0.504502 0.275822 -0.0333034 0.0721171
4 6.75 1.5 0 1.5 0 0 1.57075 0 0 0 0 0 0
5 6.75 50 0.00112629 2
6 6.75 21.9894 -0.0161219 0.0448257 0.013288
0 6.76 0.025204 -0.164232 1.57888 0.115094 -0.00102639 1.5295 0.115359 0.191704 0.591302 0.285543 -0.0756618 0.0606626
1 6.76 0.0298184 -0.156564 1.60253 0.126513 -0.0043115 1.53156 0.155967 0.189665 0.550594 0.264981 -0.0278351 0.0671305
4 6.76 1.5 0 1.5 0 0 1.57075 0 0 0 0 0 0
5 6.76 50 0.00115156 2
6 6.76 21.6846 -0.0233823 0.0534359 0.0206243
0 6.77 0.026458 -0.163681 1.5836 0.117498 -0.00174297 1.52995 0.13088 0.1872 0.6341 0.274026 -0.0695905 0.0578905
1 6.77 0.0316932 -0.156193 1.60896 0.128455 -0.00477885 1.53192 0.171829 0.184921 0.589098 0.256191 -0.0238087 0.0650788
4 6.77 1.5 0 1.5 0 0 1.57075 0 0 0 0 0 0
5 6.77 50 0.00111556 2
6 6.77 21.4259 -0.0202851 0.0512107 0.0229271
0 6.78 0.0285522 -0.163427 1.59052 0.120099 -0.00253175 1.53046 0.155618 0.180693 0.70347 0.261785 -0.0696384 0.0596213
1 6.78 0.0347769 -0.156199 1.61866 0.130566 -0.00558295 1.53249 0.196643 0.178175 0.651581 0.245149 -0.0189057 0.06585
4 6.78 1.5 0 1.5 0 0 1.57075 0 0 0 0 0 0
5 6.78 50 0.00114441 2
6 6.78 21.0077 -0.0189531 0.0569122 0.0198646
0 6.8 0.0306216 -0.162689 1.59794 0.124839 -0.00413856 1.53148 0.177939 0.175656 0.770707 0.22867 -0.0677417 0.0621207
1 6.8 0.0377392 -0.155663 1.62877 0.133977 -0.00713654 1.53361 0.219731 0.17263 0.712023 0.228966 -0.0126562 0.0665063
4 6.8 1.5 0 1.5 0 0 1.57075 0 0 0 0 0 0
5 6.8 50 0.00106382 2
6 6.8 20.6006 -1.30321e-05 0.0620226 0.0139833
0 6.81 0.0332563 -0.16275 1.60607 0.127046 -0.00492681 1.53201 0.201342 0.169864 0.845858 0.217921 -0.068795 0.0609637
1 6.81 0.04131 -0.155955 1.63991 0.135752 -0.00796541 1.53408 0.242921 0.166642 0.779699 0.219797 -0.00803249 0.0654296
4 6.81 1.5 0 1.5 0 0 1.57075 0 0 0 0 0 0
5 6.81 50 0.00124741 2
6 6.81 20.1449 0.00175565 0.0686122 0.0142404
0 6.82 0.0355102 -0.162421 1.6136 0.129629 -0.00588501 1.53268 0.220897 0.165286 0.911577 0.199106 -0.0639591 0.0586296
1 6.82 0.0443461 -0.15581 1.65006 0.137582 -0.00872507 1.53467 0.262391 0.161824 0.838253 0.216153 -0.00312289 0.0648153
4 6.82 1.5 0 1.5 0 0 1.57075 0 0 0 0 0 0
5 6.82 50 0.00166297 3
6 6.82 19.7091 0.0187672 0.0688305 0.0197333
0 6.83 0.0393616 -0.162618 1.6255 0.131448 -0.00656795 1.53315 0.246929 0.158872 1.00272 0.190452 -0.0611146 0.0575912
1 6.83 0.0492387 -0.156263 1.66561 0.139054 -0.00929338 1.53511 0.287819 0.155294 0.920394 0.207803 0.00192838 0.0638566
4 6.83 1.5 0 1.5 0 0 1.57075 0 0 0 0 0 0
5 6.83 50 0.00142336 3
6 6.83 19.1577 0.0191265 0.0714208 0.0199891
0 6.85 0.0441171 -0.162101 1.64157 0.134664 -0.00787928 1.53404 0.280182 0.151812 1.12447 0.167161 -0.0618628 0.0562162
1 6.85 0.0553244 -0.156029 1.68655 0.141336 -0.0106333 1.53593 0.320447 0.147982 1.03009 0.19488 0.00833193 0.0622513
4 6.85 1.5 0 1.5 0 0 1.57075 0 0 0 0 0 0
5 6.85 50 0.00142002 3
6 6.85 18.421 0.0307298 0.0797566 0.0192552
0 6.86 0.0477044 -0.162544 1.65261 0.136053 -0.00850888 1.53451 0.307794 0.145397 1.23168 0.160552 -0.0617654 0.0595213
1 6.86 0.0600162 -0.156728 1.70188 0.142458 -0.0112796 1.53654 0.347068 0.141522 1.12699 0.188339 0.0134563 0.0640539
4 6.86 1.5 0 1.5 0 0 1.57075 0 0 0 0 0 0
5 6.86 50 0.00146198 3
6 6.86 17.7873 0.0307898 0.0855109 0.014459
0 6.87 0.0516524 -0.16242 1.66603 0.13795 -0.00946959 1.53516 0.337 0.13953 1.35074 0.15507 -0.0718061 0.0575584
1 6.87 0.0651324 -0.156839 1.72006 0.144135 -0.0126312 1.53705 0.375228 0.13555 1.23453 0.181255 0.0181958 0.0622779
4 6.87 1.5 0 1.5 0 0 1.57075 0 0 0 0 0 0
5 6.87 50 0.00144601 3
6 6.87 17.0797 0.0289604 0.102521 0.0150545
0 6.88 0.0570148 -0.16313 1.68309 0.139173 -0.010171 1.53556 0.369466 0.132724 1.48753 0.144605 -0.0727621 0.0551283
1 6.88 0.0717934 -0.157821 1.74259 0.144939 -0.0133592 1.53734 0.406172 0.128755 1.358 0.175161 0.0241074 0.060504
4 6.88 1.5 0 1.5 0 0 1.57075 0 0 0 0 0 0
5 6.88 50 0.00150037 3
6 6.88 16.2584 0.0338618 0.110479 0.0171498
0 6.9 0.0623694 -0.163228 1.70161 0.141272 -0.011531 1.53638 0.402303 0.126558 1.6318 0.12459 -0.0734884 0.0557346
1 6.9 0.0784615 -0.158166 1.76688 0.146235 -0.0147551 1.53818 0.437563 0.122474 1.48816 0.167261 0.0312217 0.0601841
4 6.9 1.5 0 1.5 0 0 1.57075 0 0 0 0 0 0
5 6.9 50 0.00139832 3
6 6.9 15.3907 0.0474089 0.11956 0.0141948
0 6.91 0.0685546 -0.164116 1.72209 0.142658 -0.012666 1.53691 0.442206 0.117924 1.81711 0.105423 -0.0920773 0.0509896
1 6.91 0.0862428 -0.159399 1.79477 0.146856 -0.0166016 1.53841 0.475107 0.113896 1.65457 0.156927 0.0387944 0.0557208
4 6.91 1.5 0 1.5 0 0 1.57075 0 0 0 0 0 0
5 6.91 50 0.000981808 2
6 6.91 14.2247 0.0572439 0.149706 0.0150935
0 6.92 0.0730895 -0.164454 1.7382 0.143571 -0.0142615 1.53729 0.470818 0.107646 1.94944 0.0683338 -0.138619 0.0587919
1 6.92 0.0919223 -0.160148 1.81617 0.146283 -0.0200857 1.53883 0.502037 0.103506 1.7738 0.151542 0.0478218 0.0603252
4 6.92 1.5 0 1.5 0 0 1.57075 0 0 0 0 0 0
5 6.92 50 0.00127816 2
6 6.92 13.4159 0.0924356 0.213574 0.00488435
0 6.93 0.0791136 -0.165623 1.75836 0.143868 -0.0152764 1.53749 0.502691 0.096738 2.10167 0.0549161 -0.160584 0.0591475
1 6.93 0.0992212 -0.161754 1.84243 0.146043 -0.0219726 1.53891 0.531787 0.0926863 1.91091 0.149432 0.05875 0.0605876
4 6.93 1.5 0 1.5 0 0 1.57075 0 0 0 0 0 0
5 6.93 50 0.00117707 2
6 6.93 12.4812 0.104978 0.251377 0.00458755
0 6.94 0.0858943 -0.166354 1.78297 0.144116 -0.017888 1.53775 0.537846 0.0862684 2.27496 0.00114335 -0.235742 0.0503265
1 6.94 0.107408 -0.162904 1.87396 0.144151 -0.027509 1.53839 0.564469 0.0820899 2.06684 0.145775 0.0707823 0.0547336
4 6.94 1.5 0 1.5 0 0 1.57075 0 0 0 0 0 0
5 6.94 50 0.00168252 2
6 6.94 11.4069 0.160859 0.351677 0.0140695
0 6.95 0.0923113 -0.167656 1.80515 0.143799 -0.0208941 1.53786 0.5692 0.0769076 2.43062 -0.0375572 -0.28512 0.0534541
1 6.95 0.115079 -0.16458 1.90238 0.142286 -0.0324876 1.53834 0.5935 0.07258 2.2069 0.144439 0.0862574 0.0564552
4 6.95 1.5 0 1.5 0 0 1.57075 0 0 0 0 0 0
5 6.95 50 0.00110102 2
6 6.95 10.4418 0.20239 0.426257 0.00959316
0 6.97 0.101295 -0.168678 1.83904 0.142212 -0.0278911 1.53798 0.610956 0.0651364 2.64413 -0.128816 -0.422433 0.0599017
1 6.97 0.125734 -0.166073 1.94481 0.13706 -0.0449574 1.53796 0.631865 0.0603468 2.39873 0.144417 0.11091 0.0596996
4 6.97 1.5 0 1.5 0 0 1.57075 0 0 0 0 0 0
5 6.97 50 0.00121593 2
6 6.97 9.09905 0.303652 0.612556 -0.000583362
0 6.98 0.113096 -0.170981 1.88229 0.14067 -0.0324505 1.53791 0.655331 0.0511423 2.87193 -0.168838 -0.462307 0.0575217
1 6.98 0.139309 -0.168935 1.99717 0.133927 -0.0510827 1.5376 0.672672 0.0465643 2.60292 0.148446 0.144761 0.0582751
4 6.98 1.5 0 1.5 0 0 1.57075 0 0 0 0 0 0
5 6.98 50 0.00106597 2
6 6.98 7.63694 0.352835 0.697309 0.00249406
0 6.99 0.123053 -0.172324 1.92114 0.137964 -0.0387616 1.53769 0.691116 0.0391638 3.06358 -0.239072 -0.498994 0.0539242
1 6.99 0.150698 -0.170757 2.04368 0.128425 -0.0588283 1.53708 0.705215 0.0347209 2.77365 0.15438 0.184557 0.0557895
4 6.99 1.5 0 1.5 0 0 1.57075 0 0 0 0 0 0
5 6.99 50 0.00149131 2
6 6.99 6.34102 0.438035 0.785323 0.00609061
0 7 0.130365 -0.174185 1.94771 0.135009 -0.0442275 1.53751 0.719179 0.0284748 3.21683 -0.299961 -0.51545 0.054935
1 7 0.159132 -0.173046 2.07639 0.123037 -0.0649537 1.53692 0.729045 0.0248962 2.89783 0.141605 0.211791 0.0537531
4 7 1.5 0 1.5 0 0 1.57075 0 0 0 0 0 0
5 7 50 0.00092864 1
6 7 4.54135 0.491755 0.835746 -0.00359739
0 7.02 0.138688 -0.175695 1.98041 0.127239 -0.0545847 1.53723 0.747773 0.0165013 3.3821 -0.474939 -0.550893 0.0533177
1 7.02 0.168599 -0.175035 2.11569 0.108278 -0.0767129 1.53655 0.754683 0.0132765 3.04444 0.155472 0.269855 0.0530716
4 7.02 1.5 0 1.5 0 0 1.57075 0 0 0 0 0 0
5 7.02 50 0.000858784 1
6 7.02 3.38539 0.702968 0.943763 -0.000488295
0 7.03 0.150728 -0.178742 2.02659 0.122135 -0.0602381 1.53711 0.778715 0.00134715 3.56473 -0.525863 -0.556191 0.052487
1 7.03 0.181877 -0.178688 2.16918 0.101138 -0.0825758 1.53648 0.782756 -0.000806417 3.20576 0.179618 0.344514 0.0542899
4 7.03 1.5 0 1.5 0 0 1.57075 0 0 0 0 0 0
5 7.03 50 0.000977993 1
6 7.03 2.06677 0.786979 1.03569 0.00608825
0 7.04 0.162485 -0.181093 2.0745 0.116285 -0.065905 1.53693 0.807013 -0.0142964 3.74461 -0.615117 -0.559934 0.0396312
1 7.04 0.194766 -0.181665 2.22428 0.0917484 -0.0883351 1.5359 0.808413 -0.0151498 3.36441 0.218153 0.452149 0.050045
4 7.04 1.5 0 1.5 0 0 1.57075 0 0 0 0 0 0
5 7.04 50 0.000901222 1
6 7.04 0.754183 0.930537 1.16321 0.0336375
0 7.06 0.173175 -0.184148 2.11634 0.105006 -0.075619 1.53652 0.831635 -0.0309038 3.91292 -0.717915 -0.587052 0.0461553
1 7.06 0.206441 -0.185384 2.27286 0.0763373 -0.0991652 1.53589 0.830864 -0.0303096 3.51303 0.289212 0.624256 0.0612859
4 7.06 1.5 0 1.5 0 0 1.57075 0 0 0 0 0 0
5 7.06 50 0.00071454 1
6 7.06 -0.462586 1.12467 1.39251 0.0487836
0 7.07 0.184092 -0.186655 2.16222 0.0976019 -0.0815184 1.53639 0.853892 -0.0485782 4.08198 -0.773596 -0.594142 0.0475604
1 7.07 0.218248 -0.188598 2.3255 0.0666926 -0.105356 1.53597 0.851269 -0.0462393 3.66207 0.424485 0.910387 0.0833312
4 7.07 1.5 0 1.5 0 0 1.57075 0 0 0 0 0 0
5 7.07 50 0.000773907 1
6 7.07 -1.69849 1.33823 1.72923 0.114721
0 7.08 0.194359 -0.190029 2.20337 0.0878914 -0.088929 1.53629 0.870767 -0.0643613 4.21813 -0.806091 -0.595075 0.0435658
1 7.08 0.22919 -0.192603 2.3721 0.0556793 -0.112793 1.53594 0.867012 -0.0603054 3.78172 0.669795 1.2597 0.140692
4 7.08 1.5 0 1.5 0 0 1.57075 0 0 0 0 0 0
5 7.08 50 0.000708818 1
6 7.08 -2.71667 1.64926 2.13094 0.310619
0 7.09 0.205165 -0.193082 2.24941 0.0818497 -0.0933521 1.53631 0.886649 -0.0813342 4.36278 -0.819696 -0.584277 0.0452599
1 7.09 0.240631 -0.196335 2.42392 0.0490718 -0.116793 1.5362 0.881828 -0.0754583 3.90943 1.13079 0.706041 0.287542
4 7.09 1.5 0 1.5 0 0 1.57075 0 0 0 0 0 0
5 7.09 50 0.000813961 1
6 7.09 -3.76192 2.18025 1.48349 0.774031
0 7.1 0.215789 -0.196856 2.29349 0.0736243 -0.0991595 1.53639 0.900415 -0.0979754 4.49321 -0.822484 -0.562035 0.0497502
1 7.1 0.251806 -0.200775 2.47322 0.0406921 -0.121726 1.53672 0.894964 -0.0901086 4.02367 0.516927 0.0748539 0.117219
4 7.1 1.5 0 1.5 0 0 1.57075 0 0 0 0 0 0
5 7.1 50 0.0007658 1
6 7.1 -4.76122 1.49639 0.734111 0.215921
0 7.11 0.228498 -0.200882 2.34953 0.064219 -0.105572 1.53665 0.917642 -0.124078 4.64939 -0.749466 -0.490393 0.0581561
1 7.11 0.265204 -0.205845 2.5355 0.0341278 -0.125297 1.53772 0.911669 -0.113494 4.1591 0.188351 0.0273035 0.0633421
4 7.11 1.5 0 1.5 0 0 1.57075 0 0 0 0 0 0
5 7.11 50 0.000934601 1
6 7.11 -6.04212 1.047 0.59758 0.0169741
0 7.12 0.243593 -0.206556 2.41556 0.0579434 -0.10975 1.53701 0.934059 -0.153718 4.82261 -0.578613 -0.344189 0.0608055
1 7.12 0.280955 -0.212705 2.60846 0.0346192 -0.123636 1.53865 0.927289 -0.13982 4.30623 0.0633264 0.0337905 0.0471041
4 7.12 1.5 0 1.5 0 0 1.57075 0 0 0 0 0 0
5 7.12 50 0.0013907 2
6 7.12 -7.65237 0.716559 0.436582 -0.0435152
0 7.14 0.254081 -0.21015 2.464 0.0514086 -0.11273 1.53808 0.943183 -0.174105 4.94271 -0.285313 -0.0696213 0.0759131
1 7.14 0.291808 -0.217114 2.66171 0.039669 -0.115667 1.54099 0.936429 -0.157963 4.40976 0.0343561 0.0531184 0.0499088
4 7.14 1.5 0 1.5 0 0 1.57075 0 0 0 0 0 0
5 7.14 50 0.00168419 2
6 7.14 -8.67526 0.357248 0.142619 -0.0829961
0 7.15 0.267902 -0.215977 2.52643 0.0485404 -0.113088 1.53898 0.951595 -0.204149 5.10828 -0.224284 -0.0166829 0.0774379
1 7.15 0.305966 -0.224143 2.73076 0.0392213 -0.113904 1.54206 0.944158 -0.185238 4.55153 0.007285 0.0582197 0.0464729
4 7.15 1.5 0 1.5 0 0 1.57075 0 0 0 0 0 0
5 7.15 50 0.00156832 3
6 7.15 -10.143 0.258999 0.0873781 -0.0988515
0 7.16 0.279822 -0.220553 2.58441 0.0468948 -0.113321 1.5396 0.956128 -0.229359 5.25349 -0.218691 -0.0310024 0.0820027
1 7.16 0.318067 -0.229727 2.79455 0.0377809 -0.114713 1.54284 0.947879 -0.207587 4.67214 -0.00602647 0.0618202 0.0461858
4 7.16 1.5 0 1.5 0 0 1.57075 0 0 0 0 0 0
5 7.16 50 0.00113988 2
6 7.16 -11.6608 0.237744 0.107985 -0.114338
0 7.18 0.295509 -0.228019 2.65849 0.0421596 -0.114706 1.54116 0.958996 -0.261085 5.43012 -0.25633 -0.0904467 0.0821209
1 7.18 0.333869 -0.238463 2.8757 0.0315458 -0.118459 1.54431 0.950732 -0.236434 4.82599 -0.0232547 0.057819 0.0434813
4 7.18 1.5 0 1.5 0 0 1.57075 0 0 0 0 0 0
5 7.18 50 0.0011878 2
6 7.18 -13.0664 0.260183 0.171855 -0.123331
0 7.19 0.306097 -0.232757 2.71182 0.0398386 -0.1157 1.54176 0.959471 -0.282471 5.55268 -0.290414 -0.127108 0.0841656
1 7.19 0.344476 -0.244056 2.93393 0.0278546 -0.120915 1.54495 0.951102 -0.255741 4.93248 -0.0314433 0.0550952 0.0432886
4 7.19 1.5 0 1.5 0 0 1.57075 0 0 0 0 0 0
5 7.19 50 0.00164771 2
6 7.19 -14.0582 0.28889 0.211073 -0.130458
0 7.2 0.321816 -0.241221 2.78929 0.0352704 -0.118098 1.54282 0.96085 -0.310147 5.70927 -0.337957 -0.183288 0.0842441
1 7.2 0.36025 -0.253627 3.01766 0.0213832 -0.125544 1.54595 0.952819 -0.280319 5.06746 -0.0464065 0.0526432 0.0409449
4 7.2 1.5 0 1.5 0 0 1.57075 0 0 0 0 0 0
5 7.2 50 0.00108886 2
6 7.2 -15.3926 0.324955 0.273051 -0.138162
0 7.21 0.338847 -0.249825 2.87996 0.0316808 -0.120368 1.54361 0.959453 -0.341414 5.8888 -0.370273 -0.231356 0.0824224
1 7.21 0.377225 -0.263481 3.11552 0.0165067 -0.129722 1.54663 0.951576 -0.307904 5.22123 -0.055332 0.0506244 0.0377626
4 7.21 1.5 0 1.5 0 0 1.57075 0 0 0 0 0 0
5 7.21 50 0.00132728 2
6 7.21 -16.9859 0.35083 0.326054 -0.142479
0 7.23 0.354122 -0.258867 2.95936 0.0255587 -0.124698 1.54474 0.954074 -0.373449 6.05945 -0.42017 -0.297904 0.0840222
1 7.23 0.392285 -0.273805 3.20173 0.00836896 -0.136696 1.54782 0.947286 -0.335423 5.36519 -0.0662036 0.051324 0.0363753
4 7.23 1.5 0 1.5 0 0 1.57075 0 0 0 0 0 0
5 7.23 50 0.00187588 3
6 7.23 -18.6392 0.394008 0.403606 -0.151971
0 7.24 0.366238 -0.26569 3.02784 0.0200371 -0.128789 1.54562 0.948206 -0.399192 6.19693 -0.464396 -0.350559 0.0862373
1 7.24 0.404166 -0.281658 3.27572 0.00105101 -0.142877 1.54882 0.942766 -0.357456 5.48342 -0.0759735 0.0506564 0.0360774
4 7.24 1.5 0 1.5 0 0 1.57075 0 0 0 0 0 0
5 7.24 50 0.00164223 3
6 7.24 -19.8365 0.432136 0.463645 -0.15995
0 7.26 0.382944 -0.276796 3.11983 0.0111463 -0.135813 1.54689 0.940576 -0.432433 6.36579 -0.536599 -0.418902 0.0821245
1 7.26 0.420567 -0.294093 3.37446 -0.010741 -0.152605 1.55002 0.93782 -0.385157 5.62803 -0.0941007 0.0525207 0.0311052
4 7.26 1.5 0 1.5 0 0 1.57075 0 0 0 0 0 0
5 7.26 50 0.00160265 3
6 7.26 -21.3516 0.492301 0.544529 -0.162623
0 7.27 0.393684 -0.2837 3.18313 0.00407551 -0.14135 1.54793 0.933855 -0.454142 6.47796 -0.583539 -0.453015 0.0877279
1 7.27 0.431038 -0.301865 3.44225 -0.0197549 -0.159485 1.5514 0.933546 -0.403007 5.72636 -0.107796 0.0537479 0.0328087
4 7.27 1.5 0 1.5 0 0 1.57075 0 0 0 0 0 0
5 7.27 50 0.00167799 3
6 7.27 -22.223 0.529062 0.585667 -0.175029
0 7.28 0.410141 -0.295835 3.27877 -0.00351367 -0.14728 1.54901 0.924788 -0.485145 6.63226 -0.615728 -0.479501 0.0900594
1 7.28 0.447133 -0.315241 3.54406 -0.0286872 -0.166447 1.55272 0.927373 -0.428661 5.85884 -0.121706 0.0566093 0.0319637
4 7.28 1.5 0 1.5 0 0 1.57075 0 0 0 0 0 0
5 7.28 50 0.00181246 3
6 7.28 -23.5935 0.549232 0.619691 -0.185135
0 7.29 0.425936 -0.307118 3.37865 -0.00990368 -0.15227 1.54996 0.912171 -0.517277 6.78795 -0.642664 -0.497038 0.090436
1 7.29 0.462423 -0.327809 3.65017 -0.0361956 -0.172115 1.55382 0.917525 -0.455203 5.9904 -0.131475 0.0604965 0.030205
4 7.29 1.5 0 1.5 0 0 1.57075 0 0 0 0 0 0
5 7.29 50 0.00147653 3
6 7.29 -25.1068 0.568296 0.644493 -0.191924
0 7.31 0.440738 -0.319153 3.46977 -0.0204109 -0.160246 1.55145 0.894094 -0.552598 6.93822 -0.700835 -0.530703 0.0825735
1 7.31 0.476502 -0.341257 3.7473 -0.0490481 -0.181402 1.55523 0.904167 -0.484378 6.12262 -0.14979 0.0642567 0.0236876
4 7.31 1.5 0 1.5 0 0 1.57075 0 0 0 0 0 0
5 7.31 50 0.00158572 3
6 7.31 -26.2628 0.612983 0.68741 -0.18757
0 7.32 0.452088 -0.328324 3.54601 -0.0294242 -0.166935 1.5527 0.881641 -0.58695 7.05669 -0.753531 -0.564643 0.0840242
1 7.32 0.487353 -0.351801 3.82828 -0.0602435 -0.189412 1.55678 0.895913 -0.514083 6.2304 -0.168701 0.0639642 0.0228985
4 7.32 1.5 0 1.5 0 0 1.57075 0 0 0 0 0 0
5 7.32 50 0.00105071 2
6 7.32 -26.9624 0.650489 0.726467 -0.19466
0 7.33 0.465513 -0.340633 3.63289 -0.0391736 -0.174225 1.55399 0.86719 -0.623268 7.18225 -0.783427 -0.577867 0.0880287
1 7.33 0.500201 -0.365563 3.92018 -0.0712893 -0.197184 1.55848 0.88636 -0.544651 6.34143 -0.186953 0.0677747 0.0232305
4 7.33 1.5 0 1.5 0 0 1.57075 0 0 0 0 0 0
5 7.33 50 0.00106907 2
6 7.33 -27.9097 0.663237 0.746479 -0.206353
0 7.34 0.475952 -0.350145 3.70612 -0.0453028 -0.178731 1.55482 0.853151 -0.652298 7.28472 -0.816572 -0.600039 0.0857504
1 7.34 0.510078 -0.376237 3.99751 -0.0787811 -0.202553 1.55941 0.8758 -0.569054 6.42959 -0.198179 0.0709735 0.0203698
4 7.34 1.5 0 1.5 0 0 1.57075 0 0 0 0 0 0
5 7.34 50 0.00117207 2
6 7.34 -28.8302 0.687716 0.775676 -0.208171
0 7.36 0.487835 -0.36199 3.78761 -0.0623301 -0.191209 1.55725 0.834003 -0.686469 7.39867 -0.863306 -0.63402 0.0906682
1 7.36 0.521195 -0.389449 4.08356 -0.0978688 -0.216295 1.56255 0.864313 -0.598224 6.54832 -0.235 0.0647349 0.023943
4 7.36 1.5 0 1.5 0 0 1.57075 0 0 0 0 0 0
5 7.36 50 0.00158429 2
6 7.36 -28.6258 0.698314 0.80819 -0.212398
0 7.37 0.499536 -0.373747 3.87692 -0.0732677 -0.199155 1.5589 0.811197 -0.721412 7.51709 -0.870696 -0.648311 0.0907685
1 7.37 0.531984 -0.402603 4.17761 -0.109209 -0.224752 1.56453 0.847271 -0.627614 6.65786 -0.253776 0.0642818 0.0238486
4 7.37 1.5 0 1.5 0 0 1.57075 0 0 0 0 0 0
5 7.37 50 0.000757456 1
6 7.37 -29.2483 0.685462 0.824129 -0.213
0 7.39 0.512103 -0.387604 3.97043 -0.0889283 -0.210529 1.56146 0.78157 -0.761845 7.64113 -0.876135 -0.662284 0.0941273
1 7.39 0.543366 -0.418078 4.27608 -0.125278 -0.236581 1.5677 0.826169 -0.659964 6.77004 -0.278354 0.0715155 0.0251392
4 7.39 1.5 0 1.5 0 0 1.57075 0 0 0 0 0 0
5 7.39 50 0.0011723 1
6 7.39 -30.1005 0.663762 0.848744 -0.219585
0 7.4 0.520745 -0.397364 4.04191 -0.0978423 -0.217024 1.5631 0.758808 -0.790797 7.73069 -0.863879 -0.658146 0.0944632
1 7.4 0.551098 -0.428996 4.35114 -0.133794 -0.242855 1.56958 0.808924 -0.683061 6.84795 -0.289423 0.0783058 0.0246968
4 7.4 1.5 0 1.5 0 0 1.57075 0 0 0 0 0 0
5 7.4 50 0.000759363 1
6 7.4 -30.9024 0.637678 0.851716 -0.222083
0 7.41 0.532632 -0.412137 4.13614 -0.106718 -0.223489 1.56476 0.73311 -0.826569 7.83798 -0.850156 -0.648998 0.0946623
1 7.41 0.561956 -0.4452 4.44966 -0.142208 -0.248898 1.57145 0.789314 -0.712057 6.94027 -0.30112 0.0852162 0.0240111
4 7.41 1.5 0 1.5 0 0 1.57075 0 0 0 0 0 0
5 7.41 50 0.000741482 1
6 7.41 -31.921 0.609294 0.849056 -0.224927
0 7.42 0.542933 -0.425337 4.22696 -0.115309 -0.229718 1.56641 0.706636 -0.860317 7.93723 -0.832443 -0.632247 0.0991336
1 7.42 0.571198 -0.45975 4.54445 -0.150208 -0.254383 1.57344 0.768942 -0.739145 7.0255 -0.311618 0.0926607 0.0261521
4 7.42 1.5 0 1.5 0 0 1.57075 0 0 0 0 0 0
5 7.42 50 0.000782013 1
6 7.42 -32.8858 0.577628 0.838547 -0.232395
0 7.43 0.554657 -0.441901 4.32845 -0.123957 -0.23593 1.56825 0.680943 -0.895566 8.0398 -0.800464 -0.607404 0.102984
1 7.43 0.581895 -0.477723 4.65004 -0.157681 -0.25953 1.57555 0.749752 -0.767266 7.113 -0.322362 0.100617 0.0279705
4 7.43 1.5 0 1.5 0 0 1.57075 0 0 0 0 0 0
5 7.43 50 0.000985622 1
6 7.43 -33.9253 0.529835 0.819166 -0.238927
0 7.44 0.566142 -0.458764 4.43926 -0.131854 -0.241637 1.56999 0.649865 -0.934351 8.14781 -0.781693 -0.592194 0.102758
1 7.44 0.592136 -0.496138 4.76518 -0.164894 -0.264579 1.57739 0.725238 -0.798616 7.20441 -0.331608 0.107788 0.0274859
4 7.44 1.5 0 1.5 0 0 1.57075 0 0 0 0 0 0
5 7.44 50 0.00100422 1
6 7.44 -35.0633 0.498626 0.809768 -0.239779
0 7.45 0.575023 -0.472765 4.52116 -0.139945 -0.247337 1.57187 0.623395 -0.966563 8.22685 -0.76024 -0.572088 0.104747
1 7.45 0.599959 -0.511428 4.85023 -0.172208 -0.269413 1.57944 0.704952 -0.824463 7.27204 -0.341299 0.114837 0.0286281
4 7.45 1.5 0 1.5 0 0 1.57075 0 0 0 0 0 0
5 7.45 50 0.000870943 1
6 7.45 -35.8795 0.463854 0.79473 -0.242515
0 7.46 0.584606 -0.488796 4.62239 -0.149455 -0.253892 1.57431 0.588769 -1.00563 8.3205 -0.722264 -0.538375 0.112176
1 7.46 0.608157 -0.529022 4.95521 -0.180329 -0.274519 1.58221 0.677921 -0.855729 7.35163 -0.350759 0.123885 0.0331959
4 7.46 1.5 0 1.5 0 0 1.57075 0 0 0 0 0 0
5 7.46 50 0.000930786 1
6 7.46 -36.8894 0.410739 0.766547 -0.251703
0 7.48 0.594029 -0.505813 4.71978 -0.1621 -0.262327 1.57778 0.552215 -1.04626 8.40761 -0.663439 -0.488126 0.11735
1 7.48 0.616117 -0.547663 5.05608 -0.190728 -0.280839 1.58584 0.650738 -0.887575 7.42683 -0.363884 0.135523 0.036944
4 7.48 1.5 0 1.5 0 0 1.57075 0 0 0 0 0 0
5 7.48 50 0.000957251 1
6 7.48 -37.8105 0.330489 0.721984 -0.256329
0 7.49 0.602281 -0.52204 4.81959 -0.169135 -0.26692 1.57973 0.514042 -1.08622 8.49331 -0.640096 -0.46606 0.115069
1 7.49 0.622843 -0.565489 5.15932 -0.196838 -0.284521 1.58769 0.619235 -0.920513 7.49839 -0.36925 0.141841 0.03581
4 7.49 1.5 0 1.5 0 0 1.57075 0 0 0 0 0 0
5 7.49 50 0.000843763 1
6 7.49 -38.8135 0.298664 0.703568 -0.252696
0 7.5 0.611971 -0.542892 4.93338 -0.175751 -0.271135 1.58169 0.476117 -1.13035 8.58618 -0.626423 -0.45544 0.123727
1 7.5 0.631016 -0.588106 5.27683 -0.203048 -0.288207 1.59005 0.588221 -0.957211 7.57537 -0.37593 0.147014 0.0413632
4 7.5 1.5 0 1.5 0 0 1.57075 0 0 0 0 0 0
5 7.5 50 0.000701904 1
6 7.5 -39.9292 0.275669 0.697637 -0.262622
0 7.52 0.622089 -0.56729 5.07491 -0.188827 -0.279632 1.58593 0.430598 -1.19391 8.68741 -0.600964 -0.440123 0.125256
1 7.52 0.639313 -0.615047 5.4224 -0.215228 -0.295983 1.59449 0.553994 -1.00981 7.66045 -0.392719 0.155747 0.0439147
4 7.52 1.5 0 1.5 0 0 1.57075 0 0 0 0 0 0
5 7.52 50 0.000805616 1
6 7.52 -41.1693 0.228498 0.689898 -0.259383
0 7.53 0.630308 -0.588717 5.18479 -0.193941 -0.282984 1.58762 0.39457 -1.24227 8.76478 -0.59099 -0.431076 0.124896
1 7.53 0.646091 -0.638408 5.53538 -0.219972 -0.298941 1.59619 0.524186 -1.05125 7.72308 -0.397462 0.158716 0.0441703
4 7.53 1.5 0 1.5 0 0 1.57075 0 0 0 0 0 0
5 7.53 50 0.00106978 1
6 7.53 -42.2084 0.212135 0.682805 -0.257427
0 7.54 0.637457 -0.609715 5.29897 -0.203221 -0.289017 1.59068 0.354332 -1.28999 8.8434 -0.571981 -0.419971 0.122214
1 7.54 0.651631 -0.661315 5.65271 -0.228532 -0.304483 1.59922 0.492815 -1.09021 7.78849 -0.408312 0.165745 0.0445433
4 7.54 1.5 0 1.5 0 0 1.57075 0 0 0 0 0 0
5 7.54 50 0.000975609 1
6 7.54 -43.224 0.178933 0.677803 -0.247691
0 7.55 0.642985 -0.626413 5.38078 -0.209207 -0.292833 1.59274 0.320928 -1.32774 8.89774 -0.552535 -0.407341 0.124048
1 7.55 0.655822 -0.679522 5.73668 -0.233792 -0.307741 1.60135 0.465541 -1.1218 7.83298 -0.413307 0.170084 0.0467478
4 7.55 1.5 0 1.5 0 0 1.57075 0 0 0 0 0 0
5 7.55 50 0.000776529 1
6 7.55 -43.9715 0.151649 0.668178 -0.246526
0 7.56 0.647684 -0.642726 5.46534 -0.213603 -0.295605 1.59436 0.286127 -1.36471 8.95238 -0.537717 -0.400036 0.127498
1 7.56 0.659129 -0.697315 5.82343 -0.237662 -0.310162 1.60311 0.436099 -1.15306 7.87676 -0.41547 0.173623 0.0495804
4 7.56 1.5 0 1.5 0 0 1.57075 0 0 0 0 0 0
5 7.56 50 0.000759363 1
6 7.56 -44.7616 0.13261 0.663859 -0.248506
0 7.57 0.652716 -0.66107 5.55348 -0.219693 -0.299359 1.59668 0.250057 -1.40355 9.0078 -0.52838 -0.38916 0.130101
1 7.57 0.662718 -0.717212 5.9138 -0.243443 -0.313417 1.60554 0.406535 -1.18538 7.92187 -0.42123 0.178112 0.0527458
4 7.57 1.5 0 1.5 0 0 1.57075 0 0 0 0 0 0
5 7.57 50 0.000866175 1
6 7.57 -45.551 0.115749 0.656546 -0.246723
0 7.58 0.657376 -0.68181 5.65915 -0.223892 -0.301866 1.59829 0.206944 -1.44761 9.07203 -0.516889 -0.372481 0.129933
1 7.58 0.665653 -0.739714 6.02203 -0.247176 -0.315239 1.60706 0.369501 -1.22283 7.97238 -0.422322 0.182005 0.0535557
4 7.58 1.5 0 1.5 0 0 1.57075 0 0 0 0 0 0
5 7.58 50 0.000768185 1
6 7.58 -46.532 0.101852 0.641745 -0.243616
0 7.59 0.661448 -0.699778 5.74261 -0.232296 -0.306819 1.60156 0.170887 -1.48458 9.12018 -0.494945 -0.365017 0.127747
1 7.59 0.668284 -0.759161 6.10741 -0.254734 -0.319851 1.6103 0.328074 -1.27066 8.06814 -0.434046 0.112246 0.0672952
4 7.59 1.5 0 1.5 0 0 1.57075 0 0 0 0 0 0
5 7.59 50 0.00205064 3
6 7.59 -43.5519 0.0643257 0.55282 -0.192788
0 7.61 0.66513 -0.721096 5.8477 -0.241771 -0.312404 1.60542 0.125725 -1.52883 9.17898 -0.477507 -0.348515 0.131661
1 7.61 0.670159 -0.78225 6.21486 -0.263601 -0.324678 1.6143 0.291334 -1.30711 8.11827 -0.443717 0.116434 0.0722369
4 7.61 1.5 0 1.5 0 0 1.57075 0 0 0 0 0 0
5 7.61 50 0.00212121 3
6 7.61 -44.3046 0.0340545 0.538661 -0.189524
0 7.62 0.669613 -0.749404 5.97621 -0.245743 -0.314657 1.60708 0.0802124 -1.57782 9.25194 -0.464642 -0.336695 0.134311
1 7.62 0.672821 -0.812517 6.34629 -0.267092 -0.326413 1.616 0.25245 -1.34877 8.17547 -0.443965 0.120919 0.0747999
4 7.62 1.5 0 1.5 0 0 1.57075 0 0 0 0 0 0
5 7.62 50 0.00152063 3
6 7.62 -45.4273 0.0194354 0.530207 -0.189811
0 7.63 0.672212 -0.770772 6.07717 -0.250888 -0.317664 1.6093 0.0432582 -1.61584 9.3067 -0.442954 -0.32345 0.131875
1 7.63 0.673942 -0.835405 6.44944 -0.271342 -0.328887 1.61806 0.236895 -1.3604 8.16065 -0.446401 0.205479 0.0656398
4 7.63 1.5 0 1.5 0 0 1.57075 0 0 0 0 0 0
5 7.63 50 0.0010922 1
6 7.63 -50.163 -0.0073467 0.611697 -0.211294
0 7.64 0.675614 -0.801395 6.21328 -0.258408 -0.32196 1.61259 -0.0129053 -1.67138 9.37229 -0.424837 -0.309053 0.128796
1 7.64 0.675098 -0.86825 6.58818 -0.278116 -0.332596 1.62117 0.190293 -1.40636 8.21152 -0.451718 0.212338 0.0674278
4 7.64 1.5 0 1.5 0 0 1.57075 0 0 0 0 0 0
5 7.64 50 0.00107098 1
6 7.64 -51.3154 -0.0333337 0.602742 -0.195768
0 7.66 0.677123 -0.830022 6.34741 -0.265392 -0.325745 1.61565 -0.067835 -1.7239 9.43367 -0.403829 -0.289106 0.128693
1 7.66 0.67441 -0.898979 6.72476 -0.284248 -0.335554 1.6241 0.14464 -1.44971 8.25854 -0.455911 0.219408 0.0710148
4 7.66 1.5 0 1.5 0 0 1.57075 0 0 0 0 0 0
5 7.66 50 0.00074482 1
6 7.66 -52.4389 -0.0613178 0.58774 -0.184004
0 7.67 0.679142 -0.859012 6.46778 -0.272165 -0.329248 1.61894 -0.114046 -1.77154 9.48811 -0.368495 -0.260194 0.140869
1 7.67 0.67458 -0.929874 6.8473 -0.289715 -0.337758 1.62763 0.107155 -1.48884 8.30044 -0.459983 0.225988 0.0819917
4 7.67 1.5 0 1.5 0 0 1.57075 0 0 0 0 0 0
5 7.67 50 0.000725508 1
6 7.67 -53.4421 -0.105365 0.562113 -0.187857
0 7.68 0.679761 -0.881791 6.56667 -0.275436 -0.330908 1.62061 -0.152639 -1.8097 9.53117 -0.359186 -0.253883 0.143144
1 7.68 0.673656 -0.954179 6.94791 -0.292645 -0.339123 1.62936 0.0742888 -1.52096 8.33221 -0.460614 0.229759 0.0854555
4 7.68 1.5 0 1.5 0 0 1.57075 0 0 0 0 0 0
5 7.68 50 0.000708342 1
6 7.68 -54.2815 -0.116461 0.559159 -0.184068
0 7.69 0.680661 -0.909285 6.67789 -0.280787 -0.333571 1.62328 -0.198836 -1.85552 9.57469 -0.353055 -0.247706 0.134432
1 7.69 0.672707 -0.983506 7.06087 -0.297651 -0.341601 1.63165 0.0356329 -1.55935 8.36428 -0.464219 0.234292 0.0837384
4 7.69 1.5 0 1.5 0 0 1.57075 0 0 0 0 0 0
5 7.69 50 0.000852585 1
6 7.69 -55.1873 -0.127107 0.556944 -0.161741
0 7.71 0.68013 -0.935809 6.79082 -0.287739 -0.336954 1.62684 -0.245475 -1.89995 9.61743 -0.337607 -0.239302 0.138263
1 7.71 0.670311 -1.01181 7.17552 -0.304052 -0.344563 1.63534 -0.00229162 -1.59557 8.39639 -0.469951 0.240652 0.0909063
4 7.71 1.5 0 1.5 0 0 1.57075 0 0 0 0 0 0
5 7.71 50 0.000770092 1
6 7.71 -56.0843 -0.150787 0.554533 -0.151095
0 7.72 0.680154 -0.962181 6.89353 -0.292642 -0.339425 1.62955 -0.288671 -1.95748 9.65472 -0.324256 -0.233622 0.13827
1 7.72 0.668607 -1.04048 7.27972 -0.308434 -0.346777 1.63803 -0.0383846 -1.64593 8.4231 -0.472096 0.24243 0.0939622
4 7.72 1.5 0 1.5 0 0 1.57075 0 0 0 0 0 0
5 7.72 50 0.000698805 1
6 7.72 -56.933 -0.168062 0.549904 -0.141367
0 7.73 0.678651 -0.988931 7.00305 -0.29556 -0.340934 1.63118 -0.334002 -2.01137 9.69275 -0.315065 -0.22409 0.139505
1 7.73 0.665291 -1.06939 7.39076 -0.310983 -0.347883 1.63962 -0.0776686 -1.69326 8.44895 -0.470743 0.244487 0.096474
4 7.73 1.5 0 1.5 0 0 1.57075 0 0 0 0 0 0
5 7.73 50 0.000844717 1
6 7.73 -57.8411 -0.176747 0.541255 -0.137296
0 7.75 0.676749 -1.02703 7.14906 -0.302807 -0.344458 1.63524 -0.389428 -2.07591 9.74391 -0.295898 -0.197651 0.13487
1 7.75 0.661172 -1.11006 7.53881 -0.317336 -0.350396 1.64321 -0.122733 -1.74753 8.48595 -0.475762 0.250622 0.0996607
4 7.75 1.5 0 1.5 0 0 1.57075 0 0 0 0 0 0
5 7.75 50 0.000774622 1
6 7.75 -59.0085 -0.203432 0.517624 -0.112341
0 7.76 0.673886 -1.05642 7.26609 -0.305433 -0.345654 1.63682 -0.434331 -2.12417 9.7828 -0.282181 -0.186007 0.139697
1 7.76 0.656513 -1.14138 7.6574 -0.319445 -0.35107 1.64486 -0.161463 -1.7891 8.51197 -0.473922 0.254218 0.104671
4 7.76 1.5 0 1.5 0 0 1.57075 0 0 0 0 0 0
5 7.76 50 0.000786781 1
6 7.76 -59.9614 -0.216665 0.50835 -0.111758
0 7.77 0.671808 -1.08611 7.37421 -0.31047 -0.347789 1.63995 -0.47106 -2.16663 9.82127 -0.266288 -0.170992 0.142486
1 7.77 0.652965 -1.17278 7.76706 -0.323846 -0.35256 1.64794 -0.190653 -1.82415 8.53985 -0.477756 0.25908 0.111402
4 7.77 1.5 0 1.5 0 0 1.57075 0 0 0 0 0 0
5 7.77 50 0.000912428 1
6 7.77 -60.8279 -0.238607 0.496578 -0.0991834
0 7.78 0.66779 -1.12078 7.50579 -0.31292 -0.348854 1.64142 -0.517849 -2.2159 9.86449 -0.256877 -0.168818 0.138482
1 7.78 0.647076 -1.20942 7.90037 -0.325868 -0.353574 1.64924 -0.230741 -1.86613 8.56857 -0.476275 0.263588 0.112016
4 7.78 1.5 0 1.5 0 0 1.57075 0 0 0 0 0 0
5 7.78 50 0.000802517 1
6 7.78 -61.8936 -0.247398 0.49906 -0.0844433
0 7.8 0.664413 -1.15346 7.62324 -0.319714 -0.351615 1.6457 -0.564393 -2.26219 9.89465 -0.230374 -0.152822 0.14144
1 7.8 0.641837 -1.24395 8.01903 -0.331604 -0.35564 1.65347 -0.268281 -1.90396 8.58891 -0.480319 0.270363 0.119647
4 7.8 1.5 0 1.5 0 0 1.57075 0 0 0 0 0 0
5 7.8 50 0.000725508 1
6 7.8 -62.7689 -0.281433 0.488232 -0.0695346
0 7.81 0.659686 -1.18427 7.73857 -0.321835 -0.35233 1.64714 -0.609747 -2.30498 9.92357 -0.213767 -0.131753 0.135432
1 7.81 0.635296 -1.27647 8.13552 -0.332888 -0.355616 1.65439 -0.307925 -1.94068 8.60583 -0.476345 0.27474 0.117383
4 7.81 1.5 0 1.5 0 0 1.57075 0 0 0 0 0 0
5 7.81 50 0.000871658 1
6 7.81 -63.6552 -0.295261 0.46878 -0.0575911
0 7.82 0.656664 -1.20986 7.82709 -0.324517 -0.35321 1.64899 -0.64588 -2.33979 9.94153 -0.209404 -0.130342 0.132029
1 7.82 0.630829 -1.30346 8.22475 -0.335352 -0.356468 1.65609 -0.339 -1.97044 8.61538 -0.476177 0.277609 0.117703
4 7.82 1.5 0 1.5 0 0 1.57075 0 0 0 0 0 0
5 7.82 50 0.000700474 1
6 7.82 -64.3124 -0.299902 0.470344 -0.0457044
0 7.83 0.652489 -1.23528 7.91855 -0.327776 -0.354246 1.6513 -0.682309 -2.37379 9.96032 -0.197367 -0.123395 0.13547
1 7.83 0.625197 -1.33023 8.31696 -0.338155 -0.357175 1.65847 -0.369866 -1.99901 8.62579 -0.476103 0.281538 0.122545
4 7.83 1.5 0 1.5 0 0 1.57075 0 0 0 0 0 0
5 7.83 50 0.000839949 1
6 7.83 -64.9855 -0.313248 0.466807 -0.0412344
0 7.84 0.64596 -1.27578 8.05755 -0.330386 -0.355031 1.65314 -0.72802 -2.42186 10.0005 -0.191595 -0.113046 0.140178
1 7.84 0.616839 -1.37265 8.45757 -0.34056 -0.357489 1.66036 -0.408389 -2.03952 8.65124 -0.475174 0.286145 0.129526
4 7.84 1.5 0 1.5 0 0 1.57075 0 0 0 0 0 0
5 7.84 50 0.00077796 1
6 7.84 -66.0811 -0.318594 0.460229 -0.0339819
0 7.85 0.639861 -1.30681 8.1673 -0.332711 -0.355687 1.65486 -0.764997 -2.45882 10.0302 -0.175751 -0.0991949 0.135575
1 7.85 0.609261 -1.40516 8.5685 -0.342126 -0.357666 1.66171 -0.43957 -2.07048 8.66961 -0.473829 0.291099 0.129595
4 7.85 1.5 0 1.5 0 0 1.57075 0 0 0 0 0 0
5 7.85 50 0.000741482 1
6 7.85 -66.9285 -0.334622 0.449769 -0.0190726
0 7.86 0.632864 -1.34542 8.29661 -0.334393 -0.356117 1.65619 -0.808927 -2.50362 10.0613 -0.159897 -0.0932484 0.135917
1 7.86 0.600507 -1.44557 8.69906 -0.343154 -0.357856 1.66297 -0.47747 -2.10873 8.68718 -0.470277 0.295647 0.131984
4 7.86 1.5 0 1.5 0 0 1.57075 0 0 0 0 0 0
5 7.86 50 0.000972748 1
6 7.86 -67.9188 -0.348323 0.447991 -0.0125388
0 7.88 0.622601 -1.38971 8.45116 -0.338428 -0.357061 1.65948 -0.862014 -2.55478 10.0954 -0.134209 -0.0731922 0.135259
1 7.88 0.58812 -1.4919 8.85497 -0.346063 -0.358027 1.66596 -0.522038 -2.15131 8.70642 -0.468125 0.30299 0.135799
4 7.88 1.5 0 1.5 0 0 1.57075 0 0 0 0 0 0
5 7.88 50 0.000824213 1
6 7.88 -69.0662 -0.374431 0.433108 0.00173352
0 7.89 0.616125 -1.42298 8.5588 -0.340758 -0.357395 1.66149 -0.903859 -2.59399 10.1056 -0.126392 -0.0674725 0.131144
1 7.89 0.579971 -1.52674 8.96303 -0.347997 -0.358186 1.66773 -0.558569 -2.18526 8.70691 -0.465618 0.305846 0.13484
4 7.89 1.5 0 1.5 0 0 1.57075 0 0 0 0 0 0
5 7.89 50 0.00071311 1
6 7.89 -69.8063 -0.380286 0.429691 0.0118087
0 7.9 0.609768 -1.44952 8.64795 -0.341588 -0.357484 1.66223 -0.937613 -2.62461 10.1161 -0.123205 -0.0635307 0.130396
1 7.9 0.572263 -1.55451 9.0526 -0.34867 -0.358131 1.66838 -0.588621 -2.21188 8.70865 -0.461712 0.30826 0.134855
4 7.9 1.5 0 1.5 0 0 1.57075 0 0 0 0 0 0
5 7.9 50 0.000820637 1
6 7.9 -70.435 -0.379436 0.427896 0.0142426
0 7.91 0.600175 -1.49281 8.78489 -0.343678 -0.357589 1.66423 -0.974501 -2.68237 10.1435 -0.108279 -0.0466758 0.137071
1 7.91 0.561195 -1.60011 9.19063 -0.350174 -0.357499 1.67042 -0.618961 -2.26287 8.72211 -0.460126 0.308858 0.141862
4 7.91 1.5 0 1.5 0 0 1.57075 0 0 0 0 0 0
5 7.91 50 0.00074625 1
6 7.91 -71.4614 -0.394208 0.409142 0.0152981
0 7.92 0.591609 -1.5264 8.89415 -0.345168 -0.357878 1.66577 -1.00598 -2.72475 10.1646 -0.0991701 -0.03937 0.137922
1 7.92 0.55137 -1.63539 9.30074 -0.351276 -0.357493 1.67188 -0.645417 -2.29969 8.73213 -0.457767 0.311339 0.144724
4 7.92 1.5 0 1.5 0 0 1.57075 0 0 0 0 0 0
5 7.92 50 0.000799417 1
6 7.92 -72.2736 -0.401681 0.403511 0.0217195
0 7.93 0.582316 -1.5654 9.01532 -0.346861 -0.358087 1.6675 -1.04394 -2.77139 10.1826 -0.0896207 -0.0361386 0.132357
1 7.93 0.540558 -1.67625 9.42262 -0.352493 -0.357646 1.67334 -0.677852 -2.34039 8.73831 -0.455094 0.31403 0.143508
4 7.93 1.5 0 1.5 0 0 1.57075 0 0 0 0 0 0
5 7.93 50 0.000979185 1
6 7.93 -73.1488 -0.409322 0.40274 0.0356029
0 7.94 0.572493 -1.60074 9.12871 -0.348249 -0.358158 1.66903 -1.08041 -2.81211 10.1996 -0.0855232 -0.0346356 0.130973
1 7.94 0.529277 -1.71323 9.53669 -0.353691 -0.357673 1.67479 -0.709302 -2.37568 8.74408 -0.452008 0.316987 0.144659
4 7.94 1.5 0 1.5 0 0 1.57075 0 0 0 0 0 0
5 7.94 50 0.000809908 1
6 7.94 -73.9694 -0.410433 0.404354 0.0436963
0 7.96 0.561806 -1.64198 9.25483 -0.350495 -0.358087 1.67152 -1.12291 -2.85735 10.2114 -0.0818387 -0.0235147 0.132521
1 7.96 0.516889 -1.75628 9.66329 -0.355752 -0.35715 1.67719 -0.745924 -2.41497 8.74421 -0.449498 0.319229 0.147715
4 7.96 1.5 0 1.5 0 0 1.57075 0 0 0 0 0 0
5 7.96 50 0.000738144 1
6 7.96 -74.843 -0.411631 0.394137 0.0485093
0 7.97 0.552624 -1.67288 9.35221 -0.352012 -0.357922 1.67328 -1.15533 -2.88998 10.2218 -0.0724801 -0.0236228 0.131747
1 7.97 0.506411 -1.78848 9.76108 -0.356883 -0.356992 1.67891 -0.773913 -2.44314 8.74535 -0.446492 0.321996 0.148572
4 7.97 1.5 0 1.5 0 0 1.57075 0 0 0 0 0 0
5 7.97 50 0.000842094 1
6 7.97 -75.5217 -0.418739 0.397328 0.0537155
0 7.98 0.540753 -1.71575 9.48109 -0.353124 -0.357729 1.67466 -1.20024 -2.93349 10.228 -0.0651532 -0.0165447 0.130907
1 7.98 0.492743 -1.83308 9.89021 -0.357652 -0.356539 1.68015 -0.813745 -2.48125 8.73945 -0.440915 0.324512 0.148293
4 7.98 1.5 0 1.5 0 0 1.57075 0 0 0 0 0 0
5 7.98 50 0.000706434 1
6 7.98 -76.3873 -0.42062 0.39201 0.0555061
0 8 0.528701 -1.7531 9.59734 -0.354564 -0.357286 1.6766 -1.23969 -2.96986 10.2364 -0.0455553 -0.0043107 0.125571
1 8 0.479113 -1.87189 10.0068 -0.358167 -0.355704 1.68169 -0.848333 -2.51272 8.73701 -0.435194 0.327906 0.145077
4 8 1.5 0 1.5 0 0 1.57075 0 0 0 0 0 0
5 8 50 0.00110841 1
6 8 -77.1753 -0.436014 0.381634 0.0622737
0 8.01 0.516398 -1.79609 9.72274 -0.355784 -0.356812 1.6784 -1.27808 -3.00874 10.2522 -0.0409075 -0.00369202 0.12719
1 8.01 0.465275 -1.91644 10.1328 -0.359217 -0.355178 1.68354 -0.881498 -2.54616 8.7403 -0.431552 0.330866 0.147871
4 8.01 1.5 0 1.5 0 0 1.57075 0 0 0 0 0 0
5 8.01 50 0.000946522 1
6 8.01 -78.0678 -0.437133 0.384278 0.0660225
0 8.02 0.50565 -1.82954 9.82313 -0.356267 -0.35661 1.67915 -1.30894 -3.03835 10.2648 -0.0382469 0.000918644 0.134515
1 8.02 0.453292 -1.95107 10.2337 -0.359671 -0.354699 1.68452 -0.90847 -2.57147 8.74272 -0.428477 0.333642 0.153377
4 8.02 1.5 0 1.5 0 0 1.57075 0 0 0 0 0 0
5 8.02 50 0.000776291 1
6 8.02 -78.7824 -0.436622 0.382168 0.0602168
0 8.03 0.493474 -1.87027 9.93968 -0.357351 -0.356032 1.68105 -1.34065 -3.07268 10.2876 -0.0198179 0.0109674 0.124929
1 8.03 0.439848 -1.99318 10.3512 -0.359827 -0.353873 1.68588 -0.935274 -2.60059 8.75342 -0.424244 0.337756 0.149148
4 8.03 1.5 0 1.5 0 0 1.57075 0 0 0 0 0 0
5 8.03 50 0.00078392 1
6 8.03 -79.6474 -0.452404 0.375137 0.0773186
0 8.04 0.476235 -1.92115 10.0902 -0.35778 -0.355746 1.68201 -1.3826 -3.11456 10.3136 -0.00963335 0.0151584 0.121699
1 8.04 0.420931 -2.04573 10.5027 -0.35978 -0.353473 1.68665 -0.971505 -2.63588 8.76365 -0.418335 0.343664 0.149236
4 8.04 1.5 0 1.5 0 0 1.57075 0 0 0 0 0 0
5 8.04 50 0.00134611 1
6 8.04 -80.7499 -0.457148 0.376999 0.0879132
0 8.06 0.462982 -1.96343 10.2094 -0.358818 -0.354887 1.68439 -1.41589 -3.1485 10.3292 -0.00596691 0.0195161 0.117485
1 8.06 0.406347 -2.08937 10.6226 -0.360586 -0.352505 1.68879 -1.00019 -2.66481 8.76709 -0.414914 0.346724 0.148286
4 8.06 1.5 0 1.5 0 0 1.57075 0 0 0 0 0 0
5 8.06 50 0.000726938 1
6 8.06 -81.6005 -0.457387 0.375471 0.0983314
0 8.07 0.447142 -2.00828 10.3401 -0.359206 -0.354347 1.68553 -1.45243 -3.18367 10.3456 0.0029404 0.0233913 0.115564
1 8.07 0.389044 -2.13562 10.7539 -0.360567 -0.351846 1.6898 -1.03137 -2.69391 8.76839 -0.410382 0.35331 0.148546
4 8.07 1.5 0 1.5 0 0 1.57075 0 0 0 0 0 0
5 8.07 50 0.0010066 1
6 8.07 -82.6528 -0.462249 0.378495 0.105297
0 8.08 0.433209 -2.05091 10.4587 -0.359537 -0.353644 1.68681 -1.48643 -3.21633 10.3527 0.0108201 0.0309518 0.113791
1 8.08 0.373751 -2.17956 10.8728 -0.360517 -0.350883 1.69089 -1.05933 -2.71972 8.75803 -0.405084 0.362585 0.148396
4 8.08 1.5 0 1.5 0 0 1.57075 0 0 0 0 0 0
5 8.08 50 0.00107598 2
6 8.08 -83.8578 -0.465071 0.380388 0.110474
0 8.09 0.420936 -2.08476 10.5556 -0.359634 -0.353304 1.68734 -1.51376 -3.24165 10.3596 0.0140515 0.0352753 0.114624
1 8.09 0.360386 -2.21443 10.97 -0.360472 -0.35037 1.69139 -1.07956 -2.73686 8.74453 -0.402767 0.378159 0.150996
4 8.09 1.5 0 1.5 0 0 1.57075 0 0 0 0 0 0
5 8.09 50 0.0013268 2
6 8.09 -85.2714 -0.46605 0.393265 0.116119
0 8.1 0.409437 -2.11953 10.6504 -0.35975 -0.352535 1.6884 -1.54054 -3.26687 10.3624 0.0269705 0.0460637 0.111428
1 8.1 0.347815 -2.2502 11.0649 -0.359967 -0.349241 1.69215 -1.10271 -2.75803 8.73605 -0.39768 0.381541 0.148619
4 8.1 1.5 0 1.5 0 0 1.57075 0 0 0 0 0 0
5 8.1 50 0.00123334 2
6 8.1 -86.037 -0.474725 0.384652 0.118733
0 8.11 0.390691 -2.16945 10.7907 -0.3597 -0.351371 1.68977 -1.57634 -3.32098 10.3684 0.035745 0.0494776 0.10936
1 8.11 0.327638 -2.30229 11.2054 -0.359516 -0.347979 1.69338 -1.13068 -2.80318 8.71777 -0.392002 0.390979 0.148427
4 8.11 1.5 0 1.5 0 0 1.57075 0 0 0 0 0 0
5 8.11 50 0.00155425 3
6 8.11 -87.6945 -0.478167 0.391488 0.124723
0 8.13 0.372898 -2.22017 10.9274 -0.35937 -0.350299 1.69127 -1.60784 -3.36715 10.3856 0.0543644 0.0610346 0.108463
1 8.13 0.308584 -2.35485 11.3428 -0.358366 -0.346488 1.69468 -1.14765 -2.83186 8.69018 -0.388187 0.425072 0.151986
4 8.13 1.5 0 1.5 0 0 1.57075 0 0 0 0 0 0
5 8.13 50 0.00135064 2
6 8.13 -90.7716 -0.494633 0.417179 0.13895
0 8.14 0.354171 -2.26877 11.0619 -0.359149 -0.349821 1.69195 -1.63957 -3.40763 10.4017 0.0607453 0.0653006 0.106525
1 8.14 0.288588 -2.40507 11.4779 -0.35784 -0.345878 1.69521 -1.17483 -2.86667 8.69133 -0.38387 0.42781 0.152832
4 8.14 1.5 0 1.5 0 0 1.57075 0 0 0 0 0 0
5 8.14 50 0.0018611 2
6 8.14 -91.7867 -0.496914 0.415379 0.147838
0 8.15 0.338263 -2.31321 11.18 -0.358728 -0.348835 1.6929 -1.66875 -3.44208 10.4059 0.0641558 0.0733007 0.101615
1 8.15 0.271513 -2.45089 11.5962 -0.357172 -0.344663 1.69585 -1.20068 -2.89697 8.68268 -0.377446 0.427214 0.150307
4 8.15 1.5 0 1.5 0 0 1.57075 0 0 0 0 0 0
5 8.15 50 0.0013113 2
6 8.15 -92.6351 -0.493502 0.405512 0.155454
0 8.16 0.324363 -2.34877 11.2769 -0.358217 -0.347889 1.69359 -1.69244 -3.46796 10.4111 0.0759096 0.0740792 0.100573
1 8.16 0.256666 -2.48749 11.6933 -0.35617 -0.343703 1.69649 -1.21958 -2.9171 8.67079 -0.372176 0.434838 0.150627
4 8.16 1.5 0 1.5 0 0 1.57075 0 0 0 0 0 0
5 8.16 50 0.00170326 3
6 8.16 -93.7719 -0.500757 0.413274 0.159803
0 8.18 0.3043 -2.40252 11.4185 -0.356836 -0.345834 1.69514 -1.72371 -3.50462 10.431 0.0931923 0.0828833 0.0986866
1 8.18 0.235352 -2.5427 11.8357 -0.354024 -0.341349 1.69784 -1.24154 -2.94197 8.6551 -0.365358 0.45447 0.151937
4 8.18 1.5 0 1.5 0 0 1.57075 0 0 0 0 0 0
5 8.18 50 0.00202155 4
6 8.18 -96.1297 -0.512406 0.425567 0.170009
0 8.19 0.283896 -2.45281 11.5544 -0.356283 -0.34507 1.69567 -1.75382 -3.53676 10.4487 0.100798 0.088491 0.0993698
1 8.19 0.213743 -2.59428 11.9723 -0.353146 -0.340367 1.69832 -1.25584 -2.95529 8.62379 -0.363974 0.494205 0.159844
4 8.19 1.5 0 1.5 0 0 1.57075 0 0 0 0 0 0
5 8.19 50 0.00224829 3
6 8.19 -99.4856 -0.519317 0.464654 0.193073
0 8.2 0.261733 -2.51033 11.7045 -0.355409 -0.343949 1.6963 -1.78711 -3.57151 10.4596 0.111549 0.0976458 0.0970847
1 8.2 0.190248 -2.65319 12.1229 -0.351764 -0.338936 1.69873 -1.28485 -2.98455 8.61691 -0.35622 0.494592 0.161463
4 8.2 1.5 0 1.5 0 0 1.57075 0 0 0 0 0 0
5 8.2 50 0.00167084 3
6 8.2 -100.645 -0.522615 0.454527 0.205539
0 8.22 0.241829 -2.55776 11.8316 -0.353488 -0.341742 1.69725 -1.81492 -3.59837 10.4701 0.133876 0.111035 0.0927424
1 8.22 0.169232 -2.70169 12.2504 -0.348824 -0.336291 1.69932 -1.2821 -2.97469 8.5272 -0.35624 0.571563 0.174831
4 8.22 1.5 0 1.5 0 0 1.57075 0 0 0 0 0 0
5 8.22 50 0.0012598 2
6 8.22 -107.439 -0.547553 0.527344 0.262083
0 8.23 0.224652 -2.60268 11.946 -0.351655 -0.339803 1.69807 -1.83796 -3.62359 10.484 0.145263 0.12406 0.0909992
1 8.23 0.151134 -2.74762 12.3653 -0.346449 -0.333891 1.69988 -1.30324 -2.99653 8.52418 -0.347592 0.565091 0.17708
4 8.23 1.5 0 1.5 0 0 1.57075 0 0 0 0 0 0
5 8.23 50 0.00162959 2
6 8.23 -108.467 -0.550536 0.504909 0.274833
0 8.24 0.199351 -2.66273 12.1039 -0.350316 -0.33839 1.69852 -1.86933 -3.65469 10.5017 0.156567 0.137744 0.0904059
1 8.24 0.124578 -2.80892 12.524 -0.344584 -0.331974 1.70012 -1.33023 -3.02182 8.52079 -0.339468 0.562684 0.183736
4 8.24 1.5 0 1.5 0 0 1.57075 0 0 0 0 0 0
5 8.24 50 0.00128055 2
6 8.24 -109.816 -0.553999 0.486369 0.29798
0 8.26 0.173155 -2.72788 12.2696 -0.347435 -0.335545 1.69918 -1.89969 -3.68816 10.525 0.19652 0.167151 0.0899011
1 8.26 0.0971677 -2.8754 12.6906 -0.339959 -0.328034 1.70035 -1.35277 -3.04471 8.50347 -0.32504 0.566118 0.194596
4 8.26 1.5 0 1.5 0 0 1.57075 0 0 0 0 0 0
5 8.26 50 0.00200391 3
6 8.26 -112.394 -0.582348 0.456278 0.334276
0 8.27 0.154897 -2.77055 12.3805 -0.345953 -0.334164 1.69939 -1.9201 -3.70908 10.5393 0.215182 0.17996 0.0875257
1 8.27 0.078093 -2.91891 12.802 -0.337642 -0.326205 1.70029 -1.36011 -3.04953 8.46968 -0.319322 0.595541 0.206244
4 8.27 1.5 0 1.5 0 0 1.57075 0 0 0 0 0 0
5 8.27 50 0.00145364 3
6 8.27 -115.592 -0.596772 0.475244 0.379053
0 8.28 0.138016 -2.81306 12.4865 -0.34255 -0.331133 1.69978 -1.93868 -3.72876 10.5471 0.241489 0.202073 0.0857305
1 8.28 0.0604686 -2.96222 12.9083 -0.333068 -0.322368 1.70033 -1.36513 -3.05136 8.41531 -0.306905 0.621771 0.22249
4 8.28 1.5 0 1.5 0 0 1.57075 0 0 0 0 0 0
5 8.28 50 0.00234675 4
6 8.28 -119.608 -0.612185 0.479812 0.436659
0 8.29 0.11252 -2.8715 12.6372 -0.339973 -0.328856 1.69984 -1.96417 -3.7536 10.5599 0.261885 0.220748 0.082642
1 8.29 0.0339533 -3.02164 13.0596 -0.329557 -0.319429 1.70002 -1.36824 -3.0486 8.3435 -0.301269 0.662669 0.247576
4 8.29 1.5 0 1.5 0 0 1.57075 0 0 0 0 0 0
5 8.29 50 0.0016346 3
6 8.29 -125.214 -0.628625 0.505231 0.526618
0 8.31 0.0896556 -2.92674 12.7752 -0.334828 -0.324423 1.69979 -1.98624 -3.77342 10.5601 0.311116 0.255792 0.0854124
1 8.31 0.0102061 -3.07768 13.1976 -0.322338 -0.313637 1.69964 -1.27642 -2.93091 7.95483 -0.323989 0.906985 0.438773
4 8.31 1.5 0 1.5 0 0 1.57075 0 0 0 0 0 0
5 8.31 50 0.000727892 1
6 8.31 -151.406 -0.708836 0.744924 1.12819
0 8.32 0.0688201 -2.97393 12.8956 -0.331534 -0.32188 1.69973 -1.99876 -3.80504 10.5623 0.330383 0.277494 0.0862577
1 8.32 -0.0111304 -3.12613 13.3181 -0.318202 -0.310262 1.69936 -1.29001 -2.96128 7.93394 -0.304378 0.868396 0.462608
4 8.32 1.5 0 1.5 0 0 1.57075 0 0 0 0 0 0
5 8.32 50 0.00118089 2
6 8.32 -152.678 -0.70828 0.675591 1.2016
0 8.33 0.0515289 -3.0164 12.9994 -0.328926 -0.319813 1.69962 -2.0094 -3.8302 10.5701 0.350872 0.302051 0.0838235
1 8.33 -0.0288469 -3.16961 13.4222 -0.314649 -0.307295 1.69885 -1.3017 -2.98593 7.92407 -0.288995 0.856504 0.476327
4 8.33 1.5 0 1.5 0 0 1.57075 0 0 0 0 0 0
5 8.33 50 0.00214481 3
6 8.33 -153.642 -0.713881 0.633697 1.25319
0 8.34 0.0287231 -3.06846 13.1303 -0.323977 -0.315902 1.69928 -2.02233 -3.85444 10.5756 0.392836 0.329962 0.0865625
1 8.34 -0.05217 -3.22264 13.5533 -0.307963 -0.302288 1.69832 -1.32018 -3.01363 7.90723 -0.254247 0.842838 0.496958
4 8.34 1.5 0 1.5 0 0 1.57075 0 0 0 0 0 0
5 8.34 50 0.00287342 4
6 8.34 -154.712 -0.72169 0.585613 1.31033
0 8.35 0.0068494 -3.12034 13.2577 -0.319867 -0.312611 1.6991 -2.03274 -3.8724 10.5691 0.421142 0.357149 0.0996973
1 8.35 -0.0744603 -3.27524 13.6805 -0.302793 -0.297796 1.69836 -1.33495 -3.03408 7.88054 -0.231382 0.818543 0.513347
4 8.35 1.5 0 1.5 0 0 1.57075 0 0 0 0 0 0
5 8.35 50 0.00182748 4
6 8.35 -155.7 -0.727202 0.525885 1.32075
0 8.37 -0.0194135 -3.1782 13.4041 -0.31211 -0.305903 1.69903 -2.04284 -3.88653 10.5561 0.491433 0.422578 0.139528
1 8.37 -0.101127 -3.33366 13.8263 -0.292491 -0.288103 1.69915 -1.36004 -3.06197 7.8507 -0.159217 0.801708 0.458597
4 8.37 1.5 0 1.5 0 0 1.57075 0 0 0 0 0 0
5 8.37 50 0.00227952 3
6 8.37 -156.11 -0.723194 0.429296 1.01886
0 8.38 -0.0389694 -3.2246 13.5168 -0.305841 -0.300162 1.69924 -2.04949 -3.89788 10.549 0.51779 0.466945 0.16462
1 8.38 -0.120949 -3.38051 13.9388 -0.285332 -0.280368 1.69992 -1.37596 -3.08144 7.81921 -0.135204 0.709519 0.459365
4 8.38 1.5 0 1.5 0 0 1.57075 0 0 0 0 0 0
5 8.38 50 0.00172257 4
6 8.38 -157.157 -0.724351 0.271241 0.941247
0 8.39 -0.0623509 -3.27677 13.6468 -0.299386 -0.29399 1.69968 -2.05635 -3.90719 10.5383 0.548395 0.491094 0.196707
1 8.39 -0.144605 -3.43306 14.0683 -0.277973 -0.272899 1.70148 -1.39499 -3.10271 7.79154 -0.0630294 0.642376 0.286192
4 8.39 1.5 0 1.5 0 0 1.57075 0 0 0 0 0 0
5 8.39 50 0.00195408 3
6 8.39 -157.681 -0.676224 0.164622 0.285987
0 8.4 -0.0878039 -3.33531 13.79 -0.293945 -0.288625 1.70032 -2.06171 -3.91219 10.5173 0.571894 0.513925 0.227103
1 8.4 -0.170272 -3.4918 14.2107 -0.271883 -0.266318 1.70317 -1.40717 -3.1137 7.74291 -0.051757 0.571882 0.307969
4 8.4 1.5 0 1.5 0 0 1.57075 0 0 0 0 0 0
5 8.4 50 0.00218201 3
6 8.4 -159.014 -0.68826 0.0557225 0.2585
0 8.42 -0.110415 -3.3843 13.913 -0.284203 -0.278788 1.7018 -2.06712 -3.91534 10.5076 0.575596 0.520584 0.244825
1 8.42 -0.1931 -3.54092 14.3333 -0.262199 -0.256054 1.7055 -1.42916 -3.1332 7.6973 -0.0313099 0.434647 0.304435
4 8.42 1.5 0 1.5 0 0 1.57075 0 0 0 0 0 0
5 8.42 50 0.00187731 4
6 8.42 -160.483 -0.668645 -0.110285 0.190646
0 8.43 -0.135161 -3.44131 14.0512 -0.277568 -0.271487 1.70296 -2.07405 -3.92368 10.5166 0.541769 0.562144 0.253431
1 8.43 -0.218123 -3.59826 14.4719 -0.256896 -0.247084 1.70668 -1.44524 -3.15168 7.67265 -0.0215446 0.313955 0.295032
4 8.43 1.5 0 1.5 0 0 1.57075 0 0 0 0 0 0
5 8.43 50 0.00263166 5
6 8.43 -162.069 -0.618641 -0.29614 0.133157
0 8.44 -0.155656 -3.48635 14.1629 -0.274967 -0.268285 1.70344 -2.07951 -3.92848 10.5272 0.526175 0.582809 0.255253
1 8.44 -0.238836 -3.64349 14.584 -0.254881 -0.243076 1.70707 -1.45151 -3.15802 7.65899 -0.015912 0.226604 0.276403
4 8.44 1.5 0 1.5 0 0 1.57075 0 0 0 0 0 0
5 8.44 50 0.00233483 4
6 8.44 -163.409 -0.594375 -0.419821 0.067872
0 8.46 -0.182825 -3.54779 14.3128 -0.264878 -0.253133 1.70504 -2.0853 -3.9311 10.5411 0.41819 0.685238 0.240437
1 8.46 -0.266237 -3.70504 14.7345 -0.248695 -0.224161 1.70722 -1.47318 -3.19098 7.63001 -0.0140047 -0.0157069 0.26713
4 8.46 1.5 0 1.5 0 0 1.57075 0 0 0 0 0 0
5 8.46 50 0.00203776 4
6 8.46 -165.103 -0.470108 -0.81255 0.0855431
0 8.47 -0.202716 -3.59068 14.42 -0.260339 -0.243634 1.70557 -2.08943 -3.93142 10.5541 0.360073 0.747955 0.241192
1 8.47 -0.286293 -3.74794 14.8422 -0.246339 -0.21224 1.70724 -1.48205 -3.21052 7.61616 -0.0127028 -0.165857 0.264626
4 8.47 1.5 0 1.5 0 0 1.57075 0 0 0 0 0 0
5 8.47 50 0.00274992 4
6 8.47 -166.262 -0.402344 -1.05564 0.075119
0 8.48 -0.233439 -3.6595 14.5885 -0.257166 -0.235846 1.70592 -2.09624 -3.93577 10.5887 0.327472 0.78665 0.234691
1 8.48 -0.317289 -3.81693 15.012 -0.244326 -0.203028 1.70702 -1.48802 -3.22708 7.61518 -0.00925327 -0.271745 0.251033
4 8.48 1.5 0 1.5 0 0 1.57075 0 0 0 0 0 0
5 8.48 50 0.00233483 5
6 8.48 -168.125 -0.361661 -1.22069 0.0524641
0 8.49 -0.265472 -3.7273 14.7596 -0.254125 -0.226953 1.70603 -2.10214 -3.93477 10.6224 0.286723 0.840538 0.219779
1 8.49 -0.349558 -3.88469 15.1845 -0.242669 -0.192201 1.70609 -1.49243 -3.24196 7.61334 -0.0100515 -0.405875 0.245775
4 8.49 1.5 0 1.5 0 0 1.57075 0 0 0 0 0 0
5 8.49 50 0.00260162 5
6 8.49 -169.949 -0.31695 -1.43526 0.0832636
0 8.51 -0.290176 -3.78308 14.8958 -0.249504 -0.211983 1.70588 -2.10455 -3.93235 10.6475 0.27156 0.871314 0.202665
1 8.51 -0.374358 -3.94038 15.3217 -0.23848 -0.176208 1.70511 -1.49638 -3.2736 7.6027 -0.00190375 -0.599856 0.204298
4 8.51 1.5 0 1.5 0 0 1.57075 0 0 0 0 0 0
5 8.51 50 0.00239205 5
6 8.51 -171.49 -0.291535 -1.69247 0.00548162
0 8.52 -0.314519 -3.83588 15.0277 -0.245946 -0.201424 1.70549 -2.09946 -3.93871 10.668 0.290808 0.860896 0.181752
1 8.52 -0.398497 -3.99343 15.4544 -0.234042 -0.166255 1.70412 -1.49225 -3.30395 7.59443 0.00436197 -0.742098 0.19345
4 8.52 1.5 0 1.5 0 0 1.57075 0 0 0 0 0 0
5 8.52 50 0.00236154 5
6 8.52 -172.812 -0.307706 -1.84354 0.0376302
0 8.53 -0.332124 -3.87586 15.1253 -0.242724 -0.193043 1.70508 -2.0939 -3.93736 10.6766 0.3187 0.847361 0.168556
1 8.53 -0.41588 -4.03335 15.5524 -0.229663 -0.158521 1.70344 -1.48901 -3.32263 7.58205 0.0127483 -0.842927 0.176301
4 8.53 1.5 0 1.5 0 0 1.57075 0 0 0 0 0 0
5 8.53 50 0.00387812 6
6 8.53 -173.735 -0.330647 -1.94376 0.0250345
0 8.54 -0.359548 -3.93441 15.2736 -0.238751 -0.18455 1.70456 -2.08783 -3.92956 10.6933 0.378576 0.799609 0.144642
1 8.54 -0.443061 -4.09159 15.7013 -0.223246 -0.152105 1.70259 -1.48556 -3.33402 7.56941 0.0293609 -0.912954 0.140576
4 8.54 1.5 0 1.5 0 0 1.57075 0 0 0 0 0 0
5 8.54 50 0.00363302 7
6 8.54 -175.162 -0.381278 -1.9694 -0.0126359
0 8.56 -0.37461 -3.96841 15.3571 -0.23094 -0.172002 1.70355 -2.08144 -3.91849 10.6934 0.499216 0.699427 0.0997609
1 8.56 -0.457868 -4.12515 15.7848 -0.210533 -0.143855 1.70099 -1.49318 -3.35718 7.54653 0.0531927 -1.00379 0.0602292
4 8.56 1.5 0 1.5 0 0 1.57075 0 0 0 0 0 0
5 8.56 50 0.00276852 7
6 8.56 -175.909 -0.49335 -1.95827 -0.125808
0 8.57 -0.395297 -4.0124 15.4693 -0.224319 -0.164381 1.70272 -2.07465 -3.90301 10.7013 0.577959 0.633322 0.0753743
1 8.57 -0.478283 -4.16852 15.8974 -0.200754 -0.139012 1.69999 -1.49712 -3.36052 7.52494 0.0762391 -1.0699 -0.0340886
4 8.57 1.5 0 1.5 0 0 1.57075 0 0 0 0 0 0
5 8.57 50 0.00374818 5
6 8.57 -177.291 -0.557473 -1.95776 -0.349044
0 8.58 -0.416767 -4.05955 15.5877 -0.217365 -0.158304 1.70202 -2.07238 -3.89743 10.7298 0.662586 0.567053 0.0540991
1 8.58 -0.499662 -4.21545 16.0169 -0.190418 -0.135689 1.6992 -1.50765 -3.37012 7.52564 0.0942567 -1.11212 -0.0771763
4 8.58 1.5 0 1.5 0 0 1.57075 0 0 0 0 0 0
5 8.58 50 0.00203419 5
6 8.58 -178.607 -0.633398 -1.92952 -0.41867
0 8.59 -0.443813 -4.11654 15.7348 -0.210027 -0.153 1.70123 -2.06897 -3.88595 10.7648 0.724659 0.518377 0.0391566
1 8.59 -0.526572 -4.27198 16.1654 -0.18061 -0.132394 1.69841 -1.51836 -3.37186 7.53131 0.101843 -1.05825 -0.181879
4 8.59 1.5 0 1.5 0 0 1.57075 0 0 0 0 0 0
5 8.59 50 0.00296068 7
6 8.59 -180.029 -0.695213 -1.81126 -0.70523
0 8.6 -0.467464 -4.16778 15.8655 -0.20444 -0.149712 1.70067 -2.06296 -3.87021 10.789 0.797278 0.465093 0.0146455
1 8.6 -0.549982 -4.32259 16.2971 -0.172066 -0.131376 1.69743 -1.5225 -3.36319 7.52766 0.112925 -1.05811 -0.238678
4 8.6 1.5 0 1.5 0 0 1.57075 0 0 0 0 0 0
5 8.6 50 0.00517511 8
6 8.6 -181.492 -0.76517 -1.74857 -0.808315
0 8.62 -0.496831 -4.2285 16.0257 -0.188891 -0.142898 1.69904 -2.05425 -3.84772 10.8143 0.92022 0.370122 -0.0395043
1 8.62 -0.579001 -4.3824 16.4583 -0.151459 -0.128654 1.69466 -1.54989 -3.36012 7.50913 0.137554 -1.08115 -0.378166
4 8.62 1.5 0 1.5 0 0 1.57075 0 0 0 0 0 0
5 8.62 50 0.00273991 7
6 8.62 -183.509 -0.876927 -1.66206 -1.08079
0 8.63 -0.522485 -4.28372 16.1687 -0.174335 -0.138427 1.69728 -2.0465 -3.83078 10.8382 1.00476 0.312903 -0.0703452
1 8.63 -0.604345 -4.43695 16.6022 -0.133456 -0.126589 1.69229 -1.57749 -3.35643 7.49291 0.157248 -1.09354 -0.507485
4 8.63 1.5 0 1.5 0 0 1.57075 0 0 0 0 0 0
5 8.63 50 0.00512934 9
6 8.63 -185.422 -0.950084 -1.60779 -1.39521
0 8.64 -0.543755 -4.32803 16.2863 -0.163295 -0.135881 1.69584 -2.03921 -3.81503 10.8542 1.05976 0.267234 -0.112045
1 8.64 -0.625323 -4.48063 16.7205 -0.120063 -0.126062 1.68962 -1.59775 -3.34836 7.47788 0.167405 -1.08759 -0.618859
4 8.64 1.5 0 1.5 0 0 1.57075 0 0 0 0 0 0
5 8.64 50 0.00325298 8
6 8.64 -186.954 -1.00092 -1.54457 -1.61768
0 8.65 -0.570686 -4.3854 16.4374 -0.158327 -0.134851 1.69515 -2.02475 -3.789 10.8593 1.07134 0.257469 -0.123943
1 8.65 -0.651676 -4.53696 16.8718 -0.114589 -0.125463 1.68857 -1.59439 -3.32387 7.45852 0.170873 -1.03106 -0.695812
4 8.65 1.5 0 1.5 0 0 1.57075 0 0 0 0 0 0
5 8.65 50 0.00240755 6
6 8.65 -188.307 -1.01015 -1.46735 -1.82538
0 8.67 -0.599083 -4.44346 16.5955 -0.132961 -0.13032 1.69061 -2.00863 -3.76135 10.8565 1.13091 0.216152 -0.21289
1 8.67 -0.679428 -4.59392 17.0297 -0.0864679 -0.122879 1.68094 -1.64704 -3.31419 7.40652 0.198079 -1.07638 -0.913818
4 8.67 1.5 0 1.5 0 0 1.57075 0 0 0 0 0 0
5 8.67 50 0.00392294 6
6 8.67 -190.562 -1.04751 -1.46298 -2.23743
0 8.68 -0.618031 -4.48442 16.7036 -0.118291 -0.12812 1.6872 -1.99693 -3.74427 10.852 1.15054 0.211156 -0.258705
1 8.68 -0.697908 -4.63419 17.1376 -0.0708175 -0.120954 1.67584 -1.67573 -3.30633 7.37269 0.201943 -1.11503 -1.05146
4 8.68 1.5 0 1.5 0 0 1.57075 0 0 0 0 0 0
5 8.68 50 0.00375676 8
6 8.68 -191.975 -1.06586 -1.49687 -2.53058
0 8.69 -0.641634 -4.53356 16.8372 -0.105991 -0.126397 1.68391 -1.98147 -3.72285 10.8416 1.16627 0.201466 -0.313872
1 8.69 -0.720892 -4.68248 17.2708 -0.0576457 -0.119712 1.67047 -1.69613 -3.29472 7.35503 0.0975723 -1.07405 -1.10701
4 8.69 1.5 0 1.5 0 0 1.57075 0 0 0 0 0 0
5 8.69 50 0.00601959 15
6 8.69 -192.12 -1.20095 -1.43307 -2.53184
0 8.7 -0.65924 -4.57149 16.9384 -0.0971546 -0.125254 1.68119 -1.96725 -3.70438 10.8255 1.17615 0.193108 -0.348223
1 8.7 -0.737929 -4.71966 17.3714 -0.0482688 -0.118917 1.66646 -1.70659 -3.28126 7.32117 0.0990397 -1.10645 -1.1681
4 8.7 1.5 0 1.5 0 0 1.57075 0 0 0 0 0 0
5 8.7 50 0.00880027 14
6 8.7 -193.018 -1.21068 -1.45705 -2.6172
0 8.71 -0.680105 -4.61535 17.0582 -0.0827928 -0.123448 1.67658 -1.94533 -3.69269 10.8024 1.18747 0.18762 -0.379711
1 8.71 -0.757919 -4.76306 17.4903 -0.0333389 -0.117225 1.6607 -1.72586 -3.27846 7.27705 0.100093 -1.16295 -1.25108
4 8.71 1.5 0 1.5 0 0 1.57075 0 0 0 0 0 0
5 8.71 50 0.00565648 14
6 8.71 -194.03 -1.2225 -1.51214 -2.78158
0 8.73 -0.702323 -4.66289 17.1871 -0.0596823 -0.121116 1.6682 -1.92782 -3.68461 10.7934 1.19645 0.171455 -0.477187
1 8.73 -0.779436 -4.81028 17.6189 -0.00945561 -0.115408 1.6486 -1.77595 -3.28344 7.24188 0.101357 -1.23275 -1.41808
4 8.73 1.5 0 1.5 0 0 1.57075 0 0 0 0 0 0
5 8.73 50 0.00848937 17
6 8.73 -195.273 -1.232 -1.56372 -3.00357
0 8.74 -0.728906 -4.71845 17.3411 -0.0438095 -0.119643 1.66163 -1.90553 -3.67014 10.778 1.21395 0.15729 -0.538357
1 8.74 -0.805127 -4.86525 17.7723 0.00736802 -0.114301 1.63968 -1.80021 -3.27607 7.2006 0.103195 -1.31187 -1.52309
4 8.74 1.5 0 1.5 0 0 1.57075 0 0 0 0 0 0
5 8.74 50 0.00701714 18
6 8.74 -196.675 -1.24976 -1.6314 -3.14354
0 8.75 -0.750585 -4.76488 17.4683 -0.037649 -0.119101 1.65892 -1.88441 -3.65409 10.7577 1.21761 0.153042 -0.555729
1 8.75 -0.825962 -4.91104 17.8986 0.0137411 -0.11382 1.63632 -1.79713 -3.2617 7.16321 0.103548 -1.32902 -1.5597
4 8.75 1.5 0 1.5 0 0 1.57075 0 0 0 0 0 0
5 8.75 50 0.00670576 18
6 8.75 -197.665 -1.25349 -1.64428 -3.20497
0 8.77 -0.778111 -4.82246 17.63 -0.00689571 -0.116227 1.6442 -1.85658 -3.63172 10.731 1.23081 0.134025 -0.655346
1 8.77 -0.852374 -4.96773 18.0593 0.0454015 -0.111047 1.61778 -1.86188 -3.25362 7.10553 0.110872 -1.53064 -1.77852
4 8.77 1.5 0 1.5 0 0 1.57075 0 0 0 0 0 0
5 8.77 50 0.00780368 19
6 8.77 -199.376 -1.26029 -1.843 -3.58553
0 8.78 -0.802171 -4.87426 17.7736 0.00783357 -0.114957 1.63642 -1.83361 -3.61521 10.7157 1.23702 0.114636 -0.70299
1 8.78 -0.875516 -5.01887 18.2022 0.0605568 -0.110152 1.60815 -1.88386 -3.24198 7.06934 0.112278 -1.60933 -1.87078
4 8.78 1.5 0 1.5 0 0 1.57075 0 0 0 0 0 0
5 8.78 50 0.00708461 20
6 8.78 -200.634 -1.26507 -1.90582 -3.72801
0 8.79 -0.825711 -4.92413 17.9145 0.0212651 -0.113833 1.62893 -1.80928 -3.59673 10.6981 1.23838 0.106499 -0.734023
1 8.79 -0.898082 -5.068 18.3425 0.0741461 -0.10895 1.59948 -1.90101 -3.22705 7.03104 0.113151 -1.70461 -1.94257
4 8.79 1.5 0 1.5 0 0 1.57075 0 0 0 0 0 0
5 8.79 50 0.00715137 17
6 8.79 -201.927 -1.26543 -2.00253 -3.85813
0 8.8 -0.84622 -4.96871 18.0389 0.0310563 -0.113012 1.62327 -1.78185 -3.57385 10.6674 1.24643 0.0936787 -0.775833
1 8.8 -0.917493 -5.11166 18.4656 0.0844206 -0.108303 1.59217 -1.90412 -3.20646 6.98592 0.113262 -1.74478 -2.00601
4 8.8 1.5 0 1.5 0 0 1.57075 0 0 0 0 0 0
5 8.8 50 0.00977373 16
6 8.8 -202.85 -1.27385 -2.0291 -3.92719
0 8.81 -0.864632 -5.00818 18.1514 0.0461723 -0.111882 1.61414 -1.75744 -3.55351 10.6418 1.26594 0.0627457 -0.82647
1 8.81 -0.934929 -5.15032 18.5771 0.100507 -0.107849 1.58102 -1.9269 -3.18952 6.94734 0.114923 -1.81279 -2.09953
4 8.81 1.5 0 1.5 0 0 1.57075 0 0 0 0 0 0
5 8.81 50 0.00642061 16
6 8.81 -203.741 -1.29212 -2.06506 -4.06417
0 8.83 -0.883634 -5.04987 18.2688 0.0711376 -0.109855 1.59839 -1.72507 -3.52534 10.5994 1.25968 0.0528541 -0.869495
1 8.83 -0.952637 -5.19088 18.6928 0.125335 -0.105275 1.56364 -1.97446 -3.16386 6.86863 0.126575 -2.32984 -2.18903
4 8.83 1.5 0 1.5 0 0 1.57075 0 0 0 0 0 0
5 8.83 50 0.0092237 20
6 8.83 -206.238 -1.2716 -2.64287 -4.21253
0 8.84 -0.906127 -5.09859 18.4098 0.0846364 -0.108719 1.58958 -1.68799 -3.49505 10.5579 1.26268 0.0358361 -0.904647
1 8.84 -0.973647 -5.2384 18.8321 0.139066 -0.104232 1.55343 -1.98321 -3.13176 6.78686 0.191051 -2.17823 -2.56431
4 8.84 1.5 0 1.5 0 0 1.57075 0 0 0 0 0 0
5 8.84 50 0.00808501 20
6 8.84 -208.918 -1.2017 -2.44551 -5.29842
0 8.86 -0.926362 -5.14372 18.5381 0.115196 -0.106206 1.56805 -1.64644 -3.46114 10.5033 1.27063 -0.00674538 -1.00897
1 8.86 -0.99222 -5.28216 18.9582 0.170298 -0.101835 1.5277 -2.02301 -3.11425 6.8666 1.41472 -1.86732 -1.91388
4 8.86 1.5 0 1.5 0 0 1.57075 0 0 0 0 0 0
5 8.86 50 0.00671744 16
6 8.86 -201.17 0.161778 -2.02834 -2.88895
0 8.87 -0.942642 -5.17982 18.6433 0.129786 -0.105143 1.55706 -1.61408 -3.43625 10.4667 1.28507 -0.0432365 -1.06485
1 8.87 -1.00721 -5.31727 19.0619 0.185669 -0.101345 1.51436 -2.02825 -3.09375 6.88301 1.48478 -1.86608 -1.86062
4 8.87 1.5 0 1.5 0 0 1.57075 0 0 0 0 0 0
5 8.87 50 0.00470662 12
6 8.87 -198.217 0.227224 -1.97789 -2.54056
0 8.88 -0.95798 -5.2147 18.7427 0.143022 -0.104167 1.5468 -1.58722 -3.41911 10.4441 1.28479 -0.0484024 -1.08789
1 8.88 -1.02147 -5.35147 19.1604 0.198945 -0.099881 1.50321 -2.03694 -3.07768 6.88999 1.54377 -1.88107 -1.82513
4 8.88 1.5 0 1.5 0 0 1.57075 0 0 0 0 0 0
5 8.88 50 0.00623417 13
6 8.88 -196.716 0.294089 -1.98673 -2.35373
0 8.89 -0.977001 -5.2579 18.8686 0.153573 -0.103382 1.53841 -1.55269 -3.39761 10.417 1.28151 -0.0650242 -1.12076
1 8.89 -1.03911 -5.3938 19.2853 0.209471 -0.0990942 1.49347 -2.03493 -3.05304 6.85574 1.58125 -1.90726 -1.84029
4 8.89 1.5 0 1.5 0 0 1.57075 0 0 0 0 0 0
5 8.89 50 0.00632405 12
6 8.89 -197.458 0.341348 -1.9945 -2.29717
0 8.9 -0.99482 -5.29908 18.9875 0.170908 -0.102087 1.52397 -1.51684 -3.37543 10.3847 1.28043 -0.0934258 -1.1729
1 8.9 -1.05549 -5.4341 19.4029 0.226926 -0.0977906 1.47686 -2.04663 -3.02817 6.84837 1.647 -1.95113 -1.87387
4 8.9 1.5 0 1.5 0 0 1.57075 0 0 0 0 0 0
5 8.9 50 0.00689578 13
6 8.9 -196.437 0.419128 -2.00682 -2.23798
0 8.91 -1.00905 -5.33238 19.0849 0.184882 -0.101047 1.51182 -1.48442 -3.36406 10.3584 1.27515 -0.121254 -1.21899
1 8.91 -1.06842 -5.46695 19.4993 0.240838 -0.0968512 1.46275 -2.05797 -3.00954 6.80897 1.70881 -2.01119 -1.90824
4 8.91 1.5 0 1.5 0 0 1.57075 0 0 0 0 0 0
5 8.91 50 0.00512481 12
6 8.91 -197.727 0.49732 -2.03944 -2.20061
0 8.93 -1.02777 -5.37678 19.2143 0.206234 -0.0996226 1.49278 -1.45126 -3.35572 10.3451 1.27739 -0.146612 -1.25393
1 8.93 -1.08582 -5.51101 19.6281 0.262357 -0.0950918 1.44223 -2.08889 -2.98912 6.79333 1.80463 -2.08277 -1.91531
4 8.93 1.5 0 1.5 0 0 1.57075 0 0 0 0 0 0
5 8.93 50 0.00623798 13
6 8.93 -198.688 0.604973 -2.08854 -2.11165
0 8.94 -1.04619 -5.42094 19.3449 0.223384 -0.0984488 1.47686 -1.41601 -3.34502 10.3281 1.26909 -0.18014 -1.3214
1 8.94 -1.10283 -5.55474 19.758 0.279396 -0.0937661 1.42346 -2.11542 -2.96086 6.72755 1.89441 -2.19592 -1.99526
4 8.94 1.5 0 1.5 0 0 1.57075 0 0 0 0 0 0
5 8.94 50 0.00592446 14
6 8.94 -202.486 0.71915 -2.17365 -2.15154
0 8.95 -1.06214 -5.45968 19.4586 0.241494 -0.0970354 1.45911 -1.38171 -3.33246 10.305 1.26412 -0.202161 -1.35253
1 8.95 -1.11741 -5.59298 19.8708 0.297361 -0.0919486 1.40439 -2.14513 -2.92874 6.66505 2.00168 -2.31396 -2.03903
4 8.95 1.5 0 1.5 0 0 1.57075 0 0 0 0 0 0
5 8.95 50 0.00773454 15
6 8.95 -205.828 0.847626 -2.2811 -2.19194
0 8.96 -1.08211 -5.50918 19.6063 0.251296 -0.0962428 1.44927 -1.33568 -3.31501 10.2736 1.26375 -0.22573 -1.38251
1 8.96 -1.13553 -5.64178 20.0173 0.307234 -0.0912373 1.3932 -2.14792 -2.89247 6.55659 2.07706 -2.44243 -2.13949
4 8.96 1.5 0 1.5 0 0 1.57075 0 0 0 0 0 0
5 8.96 50 0.00740266 19
6 8.96 -211.213 0.935543 -2.39835 -2.41698
0 8.98 -1.10478 -5.5668 19.7778 0.282399 -0.0935413 1.41624 -1.28776 -3.30104 10.2514 1.23941 -0.289484 -1.48261
1 8.98 -1.15629 -5.69885 20.1879 0.337622 -0.0881362 1.3558 -2.25644 -2.81386 6.31734 2.35097 -2.95698 -2.43893
4 8.98 1.5 0 1.5 0 0 1.57075 0 0 0 0 0 0
5 8.98 50 0.00812459 20
6 8.98 -226.863 1.27883 -2.90806 -3.05346
0 8.99 -1.12365 -5.61602 19.9261 0.293468 -0.0925205 1.40402 -1.24288 -3.28734 10.227 1.23685 -0.31247 -1.51112
1 8.99 -1.17337 -5.74751 20.3352 0.348646 -0.0869999 1.34228 -2.32081 -2.7486 6.0374 2.55523 -3.53522 -2.80475
4 8.99 1.5 0 1.5 0 0 1.57075 0 0 0 0 0 0
5 8.99 50 0.00806975 20
6 8.99 -244.007 1.51377 -3.54251 -4.13037
0 9 -1.13687 -5.65083 20.0297 0.306521 -0.0911743 1.38922 -1.2012 -3.26984 10.1859 1.2278 -0.329963 -1.53986
1 9 -1.18492 -5.78162 20.4372 0.361366 -0.085172 1.32625 -2.33661 -2.70491 5.95869 2.64106 -3.72936 -2.84024
4 9 1.5 0 1.5 0 0 1.57075 0 0 0 0 0 0
5 9 50 0.00984001 20
6 9 -247.392 1.62287 -3.74339 -4.15193
0 9.01 -1.14809 -5.68134 20.1217 0.320179 -0.0895907 1.373 -1.16509 -3.2557 10.1521 1.21755 -0.354594 -1.57545
1 9.01 -1.19469 -5.81157 20.5278 0.374656 -0.0832196 1.30846 -2.35996 -2.66169 5.89 2.72095 -3.93652 -2.87417
4 9.01 1.5 0 1.5 0 0 1.57075 0 0 0 0 0 0
5 9.01 50 0.00840688 20
6 9.01 -250.714 1.72787 -3.95052 -4.14666
0 9.03 -1.16717 -5.73485 20.283 0.346682 -0.0863562 1.33966 -1.1129 -3.24204 10.1202 1.18098 -0.414951 -1.65524
1 9.03 -1.21168 -5.86454 20.6878 0.3998 -0.0794701 1.2715 -2.46416 -2.5633 5.67182 1.07812 -6.69512 -5.03175
4 9.03 1.5 0 1.5 0 0 1.57075 0 0 0 0 0 0
5 9.03 50 0.00896573 19
6 9.03 -265.135 -0.058898 -7.04324 -10.7801
0 9.04 -1.18209 -5.77834 20.4154 0.360024 -0.084605 1.32195 -1.06831 -3.23075 10.0906 1.16281 -0.44896 -1.70777
1 9.04 -1.22482 -5.90757 20.819 0.412494 -0.0773464 1.25144 -2.41941 -2.54499 5.78491 0.895543 -6.78054 -4.76783
4 9.04 1.5 0 1.5 0 0 1.57075 0 0 0 0 0 0
5 9.04 50 0.00607991 15
6 9.04 -257.029 -0.236323 -7.09966 -9.76986
0 9.05 -1.19446 -5.81473 20.5251 0.372838 -0.0827633 1.30449 -1.02095 -3.21495 10.0426 1.15509 -0.464193 -1.73116
1 9.05 -1.2353 -5.94333 20.9268 0.424952 -0.0748316 1.23299 -2.4537 -2.47884 5.63478 1.03272 -6.84772 -4.9808
4 9.05 1.5 0 1.5 0 0 1.57075 0 0 0 0 0 0
5 9.05 50 0.00695682 14
6 9.05 -264.997 -0.071181 -7.1581 -10.3751
0 9.06 -1.20468 -5.84634 20.6213 0.386527 -0.0805434 1.28516 -0.980204 -3.20322 10.0035 1.14104 -0.48744 -1.75738
1 9.06 -1.24389 -5.97447 21.0214 0.438017 -0.0721031 1.21247 -2.3937 -2.4659 5.78085 0.791192 -6.88869 -4.5429
4 9.06 1.5 0 1.5 0 0 1.57075 0 0 0 0 0 0
5 9.06 50 0.0061183 14
6 9.06 -254.113 -0.321365 -7.17798 -8.8934
0 9.07 -1.21607 -5.88199 20.7292 0.401548 -0.0778969 1.26316 -0.934354 -3.19157 9.95847 1.10604 -0.524175 -1.80946
1 9.07 -1.25344 -6.00965 21.1275 0.451629 -0.0689075 1.18811 -2.40856 -2.40733 5.70969 0.865978 -7.04472 -4.71865
4 9.07 1.5 0 1.5 0 0 1.57075 0 0 0 0 0 0
5 9.07 50 0.00595403 13
6 9.07 -257.395 -0.191014 -7.31517 -9.28824
