3 17.9 -10 0 0 0 0 0 0 0 0 0 0 0 0
0 17.9 0.0282844 0.134425 1.75358 -0.0185574 0.0285515 1.51226 -0.0145027 0.033534 0.0531588 0.00720332 0.00652655 0.00689343
1 17.9 0.0277043 0.135766 1.7557 -0.0182615 0.0288177 1.51253 -0.0207042 0.0444175 0.0284858 0.6221 -0.121345 0.041882
4 17.9 1.5 0 1.5 0 0 1.57075 0 0 0 0 0 0
5 17.9 50 0.00940251 20
6 17.9 22.5363 0.688017 -0.146714 0.111701
0 17.91 0.0281194 0.134465 1.75341 -0.0185378 0.0285979 1.51229 -0.0143329 0.034082 0.0535353 -0.000407191 0.00290552 0.00751347
1 17.91 0.0275461 0.135829 1.75555 -0.0185455 0.0287197 1.51259 -0.0205261 0.0449811 0.0288339 0.621513 -0.122039 0.042189
4 17.91 1.5 0 1.5 0 0 1.57075 0 0 0 0 0 0
5 17.91 50 0.00677299 20
6 17.91 22.5346 0.695873 -0.143352 0.110702
0 17.92 0.0279447 0.134619 1.75348 -0.0185196 0.0286122 1.5124 -0.0142918 0.034444 0.0541053 0.00523309 0.000620813 0.00952233
1 17.92 0.027373 0.135996 1.75564 -0.0182994 0.0286441 1.51278 -0.0204784 0.0453459 0.0293566 0.621983 -0.122531 0.0433413
4 17.92 1.5 0 1.5 0 0 1.57075 0 0 0 0 0 0
5 17.92 50 0.0102985 20
6 17.92 22.5317 0.690087 -0.141299 0.107967
0 17.94 0.027761 0.134682 1.75329 -0.0182765 0.0283807 1.51242 -0.0137602 0.0345023 0.0529128 0.0527085 -0.0264393 0.00141925
1 17.94 0.0272106 0.136062 1.75541 -0.016166 0.0273244 1.51249 -0.0198658 0.0453195 0.0283585 0.624376 -0.1244 0.0376553
4 17.94 1.5 0 1.5 0 0 1.57075 0 0 0 0 0 0
5 17.94 50 0.00739813 20
6 17.94 22.5434 0.63964 -0.112399 0.115682
0 17.95 0.0275799 0.134851 1.75328 -0.0161403 0.0276362 1.51249 -0.0123099 0.0342835 0.0463799 0.249558 -0.0795506 0.0129753
1 17.95 0.0270875 0.136222 1.75514 -0.00614223 0.0244629 1.51306 -0.0176621 0.0448099 0.0228477 0.631679 -0.127179 0.0445202
4 17.95 1.5 0 1.5 0 0 1.57075 0 0 0 0 0 0
5 17.95 50 0.00900865 20
6 17.95 22.6047 0.427474 -0.0549136 0.100685
0 17.96 0.0274369 0.134902 1.75296 -0.014487 0.0271388 1.51254 -0.00979985 0.032789 0.031957 0.325848 -0.0980955 0.0164716
1 17.96 0.027045 0.136214 1.75424 -0.00143366 0.0232249 1.51326 -0.0145737 0.0431392 0.00995884 0.6302 -0.126729 0.0467742
4 17.96 1.5 0 1.5 0 0 1.57075 0 0 0 0 0 0
5 17.96 50 0.00742197 20
6 17.96 22.6979 0.340409 -0.0332968 0.0967049
0 17.97 0.0273334 0.135044 1.75266 -0.00875152 0.025546 1.51275 -0.00628394 0.0317523 0.0124577 0.548479 -0.141468 0.0258097
1 17.97 0.0270821 0.136314 1.75316 0.0132153 0.0198965 1.51383 -0.00899106 0.0414568 -0.00692837 0.628191 -0.125966 0.0518713
4 17.97 1.5 0 1.5 0 0 1.57075 0 0 0 0 0 0
5 17.97 50 0.00836802 20
6 17.97 22.8554 0.0888908 0.0166118 0.0831137
0 17.99 0.0272442 0.135113 1.7519 0.00585284 0.0220546 1.51324 -0.00236539 0.0308824 -0.0109493 0.829056 -0.187764 0.0351772
1 17.99 0.0271496 0.136349 1.75147 0.0390451 0.014536 1.51461 0.000316389 0.0390576 -0.0263493 0.608336 -0.120313 0.0558167
4 17.99 1.5 0 1.5 0 0 1.57075 0 0 0 0 0 0
5 17.99 50 0.00756931 20
6 17.99 23.0973 -0.247506 0.074969 0.0657148
0 18 0.0272125 0.135266 1.75102 0.0122033 0.020656 1.51349 0.00153311 0.0301333 -0.0394103 0.903954 -0.194458 0.0387371
1 18 0.0272739 0.136472 1.74944 0.0483916 0.0128594 1.51495 0.00661647 0.0377094 -0.051595 0.593182 -0.116697 0.0573921
4 18 1.5 0 1.5 0 0 1.57075 0 0 0 0 0 0
5 18 50 0.00950909 20
6 18 23.2949 -0.348342 0.0863124 0.0593561
0 18.01 0.0271995 0.135311 1.74987 0.0213945 0.0188342 1.51394 0.00561716 0.0287705 -0.0717236 0.943953 -0.182464 0.0496076
1 18.01 0.0274242 0.136462 1.747 0.059187 0.0114949 1.51577 0.0142316 0.0355239 -0.0801892 0.56826 -0.109877 0.0638652
4 18.01 1.5 0 1.5 0 0 1.57075 0 0 0 0 0 0
5 18.01 50 0.00813699 20
6 18.01 23.5255 -0.421106 0.0793967 0.0453216
0 18.03 0.0272745 0.135463 1.74808 0.0448368 0.0146625 1.51512 0.0102404 0.0270494 -0.115437 0.856943 -0.147998 0.0545587
1 18.03 0.0276841 0.136545 1.74346 0.0791427 0.00865067 1.51703 0.0280031 0.0317779 -0.11846 0.498362 -0.0947537 0.064998
4 18.03 1.5 0 1.5 0 0 1.57075 0 0 0 0 0 0
5 18.03 50 0.00926089 20
6 18.03 23.8759 -0.40188 0.0572107 0.0331834
0 18.04 0.0273387 0.135486 1.74613 0.0493694 0.013871 1.51538 0.0132998 0.0255154 -0.148917 0.825229 -0.14178 0.0548143
1 18.04 0.0278707 0.136506 1.74018 0.0824051 0.00809851 1.51729 0.0329704 0.0298782 -0.148744 0.479917 -0.0910644 0.0650785
4 18.04 1.5 0 1.5 0 0 1.57075 0 0 0 0 0 0
5 18.04 50 0.00795221 20
6 18.04 24.0768 -0.387009 0.0544347 0.0326355
0 18.05 0.0275136 0.135603 1.74291 0.0564959 0.0126546 1.51588 0.0172126 0.0238139 -0.203371 0.759698 -0.125232 0.0637986
1 18.05 0.0282021 0.136556 1.73477 0.0869125 0.00750919 1.51814 0.0399486 0.0276045 -0.19808 0.450129 -0.0852007 0.0707023
4 18.05 1.5 0 1.5 0 0 1.57075 0 0 0 0 0 0
5 18.05 50 0.00757623 20
6 18.05 24.3995 -0.347032 0.041909 0.0219318
0 18.06 0.0276022 0.135614 1.74072 0.0635467 0.0115046 1.51648 0.0199488 0.0225776 -0.24456 0.670113 -0.102083 0.0672457
1 18.06 0.0284002 0.136517 1.73093 0.0903791 0.00725875 1.51891 0.0457126 0.0258031 -0.235451 0.42098 -0.0793353 0.0726238
4 18.06 1.5 0 1.5 0 0 1.57075 0 0 0 0 0 0
5 18.06 50 0.00987554 20
6 18.06 24.6438 -0.279318 0.0223612 0.0170917
0 18.07 0.0277953 0.135692 1.73717 0.0710526 0.0104667 1.51729 0.0231428 0.0210021 -0.303774 0.522872 -0.0600011 0.0640815
1 18.07 0.0287211 0.136532 1.72502 0.0919925 0.00789079 1.51967 0.0522835 0.0237054 -0.289375 0.384504 -0.0716308 0.0706982
4 18.07 1.5 0 1.5 0 0 1.57075 0 0 0 0 0 0
5 18.07 50 0.00821042 20
6 18.07 24.9808 -0.155136 -0.0161222 0.021088
0 18.09 0.0280397 0.135736 1.73209 0.0784256 0.00981363 1.51827 0.0266517 0.0195941 -0.365835 0.391614 -0.0198904 0.058051
1 18.09 0.0291058 0.136519 1.71746 0.0941123 0.00883854 1.52053 0.0592294 0.0219343 -0.345845 0.34904 -0.0652944 0.0667829
4 18.09 1.5 0 1.5 0 0 1.57075 0 0 0 0 0 0
5 18.09 50 0.00773621 20
6 18.09 25.338 -0.0477312 -0.0539787 0.0278676
0 18.1 0.0284426 0.135843 1.72478 0.0821914 0.00970253 1.51887 0.0311955 0.0171119 -0.454238 0.350212 -0.00165307 0.0577517
1 18.1 0.0296904 0.136527 1.70661 0.0962222 0.00944697 1.52116 0.0659912 0.0193876 -0.426265 0.325784 -0.061828 0.066984
4 18.1 1.5 0 1.5 0 0 1.57075 0 0 0 0 0 0
5 18.1 50 0.0102508 20
6 18.1 25.8363 -0.0273407 -0.0707177 0.0294733
0 18.12 0.0287405 0.135865 1.71841 0.0883177 0.00977345 1.51994 0.0353975 0.0146785 -0.543807 0.305043 0.0110286 0.0579977
1 18.12 0.0301564 0.136452 1.69665 0.100542 0.0100082 1.52229 0.0734962 0.0169317 -0.507817 0.296763 -0.0590972 0.0671407
4 18.12 1.5 0 1.5 0 0 1.57075 0 0 0 0 0 0
5 18.12 50 0.00858426 20
6 18.12 26.3428 -0.0092118 -0.0819243 0.0291928
0 18.13 0.0290115 0.135899 1.71315 0.0913916 0.00980651 1.52053 0.0386179 0.0130479 -0.609199 0.307628 0.00744867 0.0639722
1 18.13 0.0305562 0.13642 1.68878 0.103722 0.00986967 1.5231 0.078586 0.0153015 -0.567296 0.281733 -0.0584795 0.070853
4 18.13 1.5 0 1.5 0 0 1.57075 0 0 0 0 0 0
5 18.13 50 0.010792 20
6 18.13 26.7138 -0.0289353 -0.0772732 0.0219696
0 18.14 0.0293284 0.135923 1.70569 0.0953431 0.00973748 1.5213 0.0418024 0.0111274 -0.67922 0.321156 -0.0039698 0.0699075
1 18.14 0.0310005 0.136368 1.67852 0.108216 0.00931321 1.52407 0.0841177 0.0133285 -0.630845 0.264829 -0.0580315 0.0742003
4 18.14 1.5 0 1.5 0 0 1.57075 0 0 0 0 0 0
5 18.14 50 0.00700617 20
6 18.14 27.1219 -0.0630478 -0.0638884 0.0137031
0 18.15 0.0297814 0.135957 1.69608 0.0986284 0.00959342 1.52191 0.0455213 0.00875059 -0.765106 0.331324 -0.00871395 0.0668702
1 18.15 0.0316022 0.136307 1.66548 0.111907 0.00898317 1.52453 0.0900794 0.0108803 -0.708805 0.247934 -0.0566899 0.0720211
4 18.15 1.5 0 1.5 0 0 1.57075 0 0 0 0 0 0
5 18.15 50 0.00838399 20
6 18.15 27.6184 -0.0933526 -0.0568815 0.0164409
0 18.16 0.0301807 0.135963 1.68646 0.101141 0.00946555 1.52239 0.0494056 0.00526445 -0.855936 0.339982 -0.00999994 0.067819
1 18.16 0.0321569 0.136174 1.65222 0.114765 0.0087937 1.52505 0.0955874 0.00732534 -0.794822 0.235211 -0.0527596 0.088291
4 18.16 1.5 0 1.5 0 0 1.57075 0 0 0 0 0 0
5 18.16 50 0.000594854 0
6 18.16 27.6184 -0.0933526 -0.0568815 0.0164409
0 18.17 0.0308008 0.135942 1.67317 0.106325 0.00915099 1.52341 0.0542884 0.00112198 -0.966463 0.351522 -0.0128546 0.0692465
1 18.17 0.0329724 0.135987 1.63451 0.120411 0.00834576 1.52611 0.104646 0.00304384 -0.888429 0.207331 -0.0535177 0.0614125
4 18.17 1.5 0 1.5 0 0 1.57075 0 0 0 0 0 0
5 18.17 50 0.00140786 1
6 18.17 28.979 -0.161409 -0.0486726 -0.025015
0 18.18 0.0312239 0.135964 1.66214 0.109818 0.00898085 1.52406 0.0577988 -0.0016274 -1.0422 0.34509 -0.00612841 0.0707605
1 18.18 0.0335358 0.135899 1.62045 0.123647 0.00842698 1.52685 0.112383 0.000258357 -0.940921 0.183858 -0.0581214 0.0128128
4 18.18 1.5 0 1.5 0 0 1.57075 0 0 0 0 0 0
5 18.18 50 0.000664711 1
6 18.18 30.4226 -0.180439 -0.0616781 -0.185001
0 18.2 0.0317162 0.135953 1.65055 0.115853 0.00879478 1.52535 0.0612033 -0.00437307 -1.11819 0.316109 -0.000179139 0.0723502
1 18.2 0.0341643 0.135778 1.60582 0.128523 0.00845314 1.52822 0.120722 -0.00258794 -1.00039 0.157274 -0.0543424 0.0103317
4 18.2 1.5 0 1.5 0 0 1.57075 0 0 0 0 0 0
5 18.2 50 0.00221682 2
6 18.2 31.462 -0.177722 -0.0640397 -0.197994
0 18.21 0.0324034 0.135958 1.63316 0.11933 0.00872456 1.52622 0.0667245 -0.00828865 -1.2243 0.290225 0.00499388 0.0764011
1 18.21 0.0350724 0.135626 1.58418 0.130966 0.00855908 1.52928 0.136496 -0.00633047 -1.03612 0.123269 -0.0743428 -0.125601
4 18.21 1.5 0 1.5 0 0 1.57075 0 0 0 0 0 0
5 18.21 50 0.000769377 1
6 18.21 35.8167 -0.186778 -0.092864 -0.644889
0 18.22 0.0332 0.135887 1.61528 0.122085 0.00867933 1.52703 0.0722077 -0.0116782 -1.32369 0.260172 0.00630538 0.0798348
1 18.22 0.0360883 0.13542 1.56233 0.13252 0.00854077 1.53023 0.14596 -0.00969737 -1.11629 0.112376 -0.0782094 -0.111532
4 18.22 1.5 0 1.5 0 0 1.57075 0 0 0 0 0 0
5 18.22 50 0.000916481 1
6 18.22 37.0144 -0.165329 -0.0986886 -0.610937
0 18.23 0.0337925 0.135922 1.5991 0.124054 0.00859694 1.5276 0.0771456 -0.0143809 -1.39838 0.241962 -0.00456243 0.0709008
1 18.23 0.0368784 0.135346 1.54316 0.133756 0.00806493 1.53039 0.153996 -0.0124105 -1.17575 0.100413 -0.0767944 -0.110358
4 18.23 1.5 0 1.5 0 0 1.57075 0 0 0 0 0 0
5 18.23 50 0.000698566 1
6 18.23 37.9636 -0.158406 -0.0842962 -0.578669
0 18.25 0.0345696 0.135872 1.58106 0.12752 0.00803486 1.52852 0.0838048 -0.0175427 -1.46773 0.185531 -0.0438902 0.0478938
1 18.25 0.0379218 0.13517 1.52235 0.134955 0.00604987 1.5302 0.165912 -0.0158751 -1.22089 0.0809768 -0.062448 -0.0967469
4 18.25 1.5 0 1.5 0 0 1.57075 0 0 0 0 0 0
5 18.25 50 0.00111699 2
6 18.25 39.4752 -0.117159 -0.0220288 -0.461774
0 18.26 0.0353449 0.135884 1.56187 0.129188 0.00736282 1.52882 0.0927141 -0.0208207 -1.52926 0.158246 -0.0756922 0.0235472
1 18.26 0.0390535 0.135051 1.5007 0.135521 0.00423902 1.52936 0.179862 -0.0195453 -1.25185 0.0683215 -0.0495239 -0.0663211
4 18.26 1.5 0 1.5 0 0 1.57075 0 0 0 0 0 0
5 18.26 50 0.00105524 2
6 18.26 41.3714 -0.100763 0.0297144 -0.286918
0 18.27 0.0363013 0.135789 1.54268 0.131228 0.00590936 1.52871 0.102411 -0.0235504 -1.58066 0.136129 -0.109507 -0.00551603
1 18.27 0.0403977 0.134847 1.47945 0.136669 0.00159563 1.52792 0.193905 -0.0233073 -1.28056 0.0563108 -0.0431085 -0.0951652
4 18.27 1.5 0 1.5 0 0 1.57075 0 0 0 0 0 0
5 18.27 50 0.00159407 3
6 18.27 42.7844 -0.0892601 0.0762423 -0.286222
0 18.29 0.0372928 0.135776 1.52196 0.133327 0.00369657 1.5279 0.115127 -0.0267484 -1.63574 0.115245 -0.143582 -0.0446301
1 18.29 0.0418979 0.134706 1.45653 0.137928 -0.00175841 1.52536 0.217822 -0.0283243 -1.26267 0.0458336 -0.00445563 0.0162854
4 18.29 1.5 0 1.5 0 0 1.57075 0 0 0 0 0 0
5 18.29 50 0.00122261 2
6 18.29 47.3054 -0.0771411 0.160049 0.194454
0 18.3 0.0383974 0.135646 1.50343 0.13443 0.00231693 1.52715 0.125771 -0.0295894 -1.68308 0.114597 -0.15292 -0.0601612
1 18.3 0.0434283 0.134462 1.43611 0.139007 -0.00342216 1.52394 0.231589 -0.0323961 -1.29292 0.0354151 -0.0128969 -0.00920967
4 18.3 1.5 0 1.5 0 0 1.57075 0 0 0 0 0 0
5 18.3 50 0.00155449 2
6 18.3 48.3688 -0.0878448 0.161224 0.162643
0 18.31 0.0393536 0.135651 1.48524 0.135584 0.000858541 1.52625 0.134283 -0.0317675 -1.7254 0.116124 -0.156109 -0.0667598
1 18.31 0.0447249 0.13438 1.41622 0.140226 -0.00496757 1.52276 0.243126 -0.035933 -1.31938 0.0311968 -0.00962266 -0.0260579
4 18.31 1.5 0 1.5 0 0 1.57075 0 0 0 0 0 0
5 18.31 50 0.00158739 2
6 18.31 49.356 -0.094173 0.168711 0.12992
0 18.32 0.0407681 0.135517 1.46269 0.136757 -0.000571464 1.52528 0.144238 -0.0345601 -1.77937 0.115868 -0.153591 -0.0863683
1 18.32 0.0465376 0.134134 1.39151 0.141394 -0.00618675 1.52102 0.257779 -0.0402043 -1.3457 0.0253093 -0.0212317 -0.0809957
4 18.32 1.5 0 1.5 0 0 1.57075 0 0 0 0 0 0
5 18.32 50 0.00173211 3
6 18.32 51.0737 -0.100242 0.152689 0.0171316
0 18.33 0.0420992 0.135466 1.44059 0.137892 -0.00191554 1.52426 0.153713 -0.037371 -1.83648 0.109373 -0.146577 -0.0925982
1 18.33 0.0482477 0.133971 1.36713 0.142275 -0.00721385 1.51979 0.273438 -0.0446033 -1.36464 0.0117412 -0.0466986 -0.165475
4 18.33 1.5 0 1.5 0 0 1.57075 0 0 0 0 0 0
5 18.33 50 0.00203943 3
6 18.33 53.4417 -0.10813 0.115433 -0.232676
0 18.34 0.0433473 0.135325 1.42225 0.138773 -0.00300447 1.52321 0.160958 -0.0395942 -1.88564 0.0758738 -0.115454 -0.0975316
1 18.34 0.0497856 0.133742 1.34682 0.141821 -0.00703857 1.51871 0.284724 -0.0481595 -1.39 0.0139716 -0.0620114 -0.171947
4 18.34 1.5 0 1.5 0 0 1.57075 0 0 0 0 0 0
5 18.34 50 0.0032239 4
6 18.34 54.9205 -0.0683417 0.0619296 -0.237582
0 18.35 0.044455 0.135289 1.40447 0.139347 -0.00384876 1.5221 0.167272 -0.0421765 -1.9369 0.0450048 -0.089622 -0.0959585
1 18.35 0.0511459 0.133601 1.32699 0.141164 -0.00686576 1.5178 0.32733 -0.0543854 -1.18524 0.0408515 -0.0869462 -0.645548
4 18.35 1.5 0 1.5 0 0 1.57075 0 0 0 0 0 0
5 18.35 50 0.000683784 1
6 18.35 70.76 -0.00394361 0.00342822 -1.75457
0 18.36 0.0461321 0.135072 1.3809 0.139688 -0.00454354 1.52076 0.175502 -0.0452916 -2.00216 0.0192998 -0.0603414 -0.0960205
1 18.36 0.0531522 0.13326 1.30082 0.140479 -0.00639891 1.51662 0.340654 -0.0589216 -1.21661 0.0300333 -0.0889873 -0.570872
4 18.36 1.5 0 1.5 0 0 1.57075 0 0 0 0 0 0
5 18.36 50 0.000684738 1
6 18.36 72.86 0.0124838 -0.0327124 -1.51596
0 18.37 0.047259 0.135036 1.3636 0.139814 -0.00488815 1.5196 0.182096 -0.047697 -2.05031 0.0101067 -0.0434019 -0.102904
1 18.37 0.0545428 0.133128 1.28159 0.14024 -0.00603366 1.51528 0.351026 -0.0622466 -1.23865 0.0209975 -0.0924062 -0.51311
4 18.37 1.5 0 1.5 0 0 1.57075 0 0 0 0 0 0
5 18.37 50 0.000718594 1
6 18.37 74.4762 0.0125511 -0.0561375 -1.30958
0 18.39 0.0494919 0.13471 1.33484 0.13974 -0.00513629 1.51783 0.196818 -0.0519726 -2.09462 -0.00698439 -0.0321378 -0.117817
1 18.39 0.0573647 0.132631 1.25105 0.139485 -0.00575287 1.51298 0.369984 -0.0675067 -1.25178 0.0131518 -0.0946842 -0.430362
4 18.39 1.5 0 1.5 0 0 1.57075 0 0 0 0 0 0
5 18.39 50 0.000683308 1
6 18.39 76.4038 0.0228403 -0.0718291 -0.9978
0 18.4 0.0511321 0.134625 1.31244 0.139427 -0.00542647 1.51582 0.211381 -0.0556529 -2.10815 -0.0255445 -0.0586471 -0.170218
1 18.4 0.0595873 0.132399 1.22812 0.138444 -0.00680334 1.50875 0.386895 -0.0721337 -1.24535 -0.026423 -0.228091 -0.0373218
4 18.4 1.5 0 1.5 0 0 1.57075 0 0 0 0 0 0
5 18.4 50 0.00296378 4
6 18.4 77.6354 -0.000166354 -0.194767 0.424274
0 18.41 0.0531758 0.134337 1.28933 0.138797 -0.00609818 1.51319 0.227676 -0.0596539 -2.10807 -0.0507372 -0.0939381 -0.218852
1 18.41 0.0622829 0.13195 1.20501 0.136824 -0.00860843 1.504 0.403739 -0.077538 -1.23488 -0.0658401 -0.271132 -0.149106
4 18.41 1.5 0 1.5 0 0 1.57075 0 0 0 0 0 0
5 18.41 50 0.00280261 4
6 18.41 78.2717 -0.015217 -0.20422 0.222669
0 18.42 0.0550673 0.134226 1.26644 0.138075 -0.00685669 1.51049 0.241811 -0.063194 -2.10535 -0.0722177 -0.119265 -0.268312
1 18.42 0.0647397 0.131698 1.18222 0.135263 -0.0101047 1.49921 0.418578 -0.0826464 -1.21957 0.0904586 -0.419143 -0.221158
4 18.42 1.5 0 1.5 0 0 1.57075 0 0 0 0 0 0
5 18.42 50 0.00197768 4
6 18.42 79.0424 0.184638 -0.345664 0.150548
0 18.44 0.0573336 0.133938 1.24285 0.136854 -0.00833124 1.50581 0.256557 -0.0669334 -2.10122 -0.0828941 -0.155207 -0.298777
1 18.44 0.0675959 0.131261 1.1588 0.133644 -0.012851 1.49312 0.433188 -0.089201 -1.20328 0.095139 -0.455827 -0.230209
4 18.44 1.5 0 1.5 0 0 1.57075 0 0 0 0 0 0
5 18.44 50 0.00232387 5
6 18.44 79.7818 0.202996 -0.346962 0.218918
0 18.45 0.06011 0.133663 1.21467 0.13592 -0.0100891 1.50164 0.272732 -0.071743 -2.1056 -0.0748167 -0.204311 -0.308418
1 18.45 0.0710193 0.130793 1.13044 0.133062 -0.0165145 1.48831 0.451293 -0.0974142 -1.1826 0.0402389 -0.402047 -0.120625
4 18.45 1.5 0 1.5 0 0 1.57075 0 0 0 0 0 0
5 18.45 50 0.00316262 7
6 18.45 81.3226 0.133892 -0.228781 0.599547
0 18.46 0.0629727 0.133204 1.18903 0.135482 -0.012073 1.49829 0.286009 -0.0765416 -2.12115 -0.0405488 -0.267292 -0.297799
1 18.46 0.0744131 0.130143 1.10419 0.13402 -0.0210577 1.48505 0.464221 -0.105454 -1.19438 0.026968 -0.589304 -0.538422
4 18.46 1.5 0 1.5 0 0 1.57075 0 0 0 0 0 0
5 18.46 50 0.00372529 7
6 18.46 81.5525 0.0820568 -0.370453 -0.768177
0 18.47 0.065622 0.13291 1.16462 0.135468 -0.0147119 1.495 0.29809 -0.0816796 -2.14765 -0.00610723 -0.321819 -0.287826
1 18.47 0.0775456 0.129643 1.07872 0.135417 -0.0259118 1.48186 0.479475 -0.115307 -1.19458 -0.0656228 -0.684114 -0.516013
4 18.47 1.5 0 1.5 0 0 1.57075 0 0 0 0 0 0
5 18.47 50 0.00442791 6
6 18.47 83.1811 -0.0590148 -0.415815 -0.728482
0 18.49 0.0687423 0.132349 1.13892 0.136636 -0.0218706 1.48831 0.310103 -0.0869998 -2.1735 0.0804458 -0.457442 -0.274101
1 18.49 0.0811464 0.128869 1.05197 0.140146 -0.0385043 1.47495 0.497441 -0.132888 -1.18083 0.0867626 -0.419604 -0.514926
4 18.49 1.5 0 1.5 0 0 1.57075 0 0 0 0 0 0
5 18.49 50 0.00303698 7
6 18.49 85.654 0.0173253 0.0452404 -0.768876
0 18.5 0.0723464 0.131873 1.10921 0.137481 -0.0263045 1.48487 0.323409 -0.0929024 -2.19138 0.0768078 -0.502964 -0.281178
1 18.5 0.0852828 0.128157 1.02155 0.140919 -0.0446918 1.47097 0.51416 -0.146472 -1.17741 -0.179423 -0.508521 -0.921637
4 18.5 1.5 0 1.5 0 0 1.57075 0 0 0 0 0 0
5 18.5 50 0.00244689 3
6 18.5 86.991 -0.275129 -0.00458418 -2.04471
0 18.51 0.0754862 0.131301 1.08527 0.13797 -0.0314828 1.48109 0.335158 -0.098374 -2.19655 0.0266446 -0.592172 -0.307421
1 18.51 0.0888925 0.127366 0.997407 0.139522 -0.0532534 1.46565 0.527771 -0.160634 -1.16788 -0.204105 -0.375711 -0.678037
4 18.51 1.5 0 1.5 0 0 1.57075 0 0 0 0 0 0
5 18.51 50 0.00152802 3
6 18.51 87.9193 -0.243294 0.24903 -1.18321
0 18.52 0.0789849 0.130782 1.05835 0.138011 -0.0373717 1.47696 0.350147 -0.105145 -2.19008 -0.0239412 -0.677554 -0.349554
1 18.52 0.0929908 0.126576 0.97075 0.137711 -0.0622926 1.45937 0.54453 -0.177562 -1.14129 -0.0527576 -0.209608 -0.57031
4 18.52 1.5 0 1.5 0 0 1.57075 0 0 0 0 0 0
5 18.52 50 0.00213051 3
6 18.52 89.1827 -0.0128675 0.53619 -0.704745
0 18.53 0.0821225 0.130152 1.03638 0.137692 -0.0454267 1.47095 0.363314 -0.111474 -2.17753 -0.044547 -0.714795 -0.389207
1 18.53 0.096655 0.125693 0.94928 0.13679 -0.071611 1.45159 0.556875 -0.197108 -1.11992 0.0801245 -0.215347 -0.369355
4 18.53 1.5 0 1.5 0 0 1.57075 0 0 0 0 0 0
5 18.53 50 0.00212526 3
6 18.53 89.7538 0.162255 0.571589 0.0634135
0 18.54 0.0862963 0.129403 1.00764 0.137347 -0.0523503 1.46574 0.378769 -0.119392 -2.1605 -0.0581573 -0.744762 -0.413956
1 18.54 0.101447 0.124627 0.921217 0.136094 -0.0795932 1.44523 0.572718 -0.217171 -1.08525 0.115694 -0.236907 -0.119301
4 18.54 1.5 0 1.5 0 0 1.57075 0 0 0 0 0 0
5 18.54 50 0.00157261 3
6 18.54 90.8729 0.219745 0.580677 0.940735
0 18.55 0.0908503 0.12838 0.978817 0.13703 -0.0573109 1.46191 0.394993 -0.127961 -2.14411 -0.0764955 -0.775771 -0.450146
1 18.55 0.10665 0.123262 0.893053 0.135237 -0.0855912 1.43979 0.58883 -0.234508 -1.05761 0.179703 0.414011 -0.572451
4 18.55 1.5 0 1.5 0 0 1.57075 0 0 0 0 0 0
5 18.55 50 0.00140786 3
6 18.55 91.5905 0.31523 1.36221 -0.390391
0 18.57 0.0962341 0.12718 0.946019 0.136462 -0.0728767 1.44837 0.414758 -0.139508 -2.12493 -0.0389587 -0.730271 -0.517599
1 18.57 0.112824 0.1216 0.861022 0.136691 -0.0989994 1.42382 0.607574 -0.274266 -1.00782 0.195191 0.415887 0.360849
4 18.57 1.5 0 1.5 0 0 1.57075 0 0 0 0 0 0
5 18.57 50 0.00231504 5
6 18.57 93.5732 0.292914 1.31334 2.80448
0 18.58 0.10011 0.126155 0.924222 0.136595 -0.0773415 1.44395 0.428048 -0.148074 -2.11127 -0.0264866 -0.688331 -0.519646
1 18.58 0.117232 0.120233 0.839771 0.137421 -0.101788 1.41953 0.619969 -0.290656 -0.991901 0.0690812 0.721502 0.883611
4 18.58 1.5 0 1.5 0 0 1.57075 0 0 0 0 0 0
5 18.58 50 0.00184751 4
6 18.58 93.7469 0.136193 1.61639 4.47992
0 18.59 0.105633 0.124739 0.893994 0.137121 -0.0829553 1.43784 0.447461 -0.161437 -2.09297 0.0191481 -0.623862 -0.527705
1 18.59 0.123532 0.118281 0.810275 0.139909 -0.10479 1.41343 0.64168 -0.316495 -0.946616 0.0529253 0.568671 1.16
4 18.59 1.5 0 1.5 0 0 1.57075 0 0 0 0 0 0
5 18.59 50 0.00257039 6
6 18.59 95.4701 0.0647257 1.36906 5.38797
0 18.61 0.11178 0.122813 0.86373 0.14173 -0.0918059 1.42447 0.46728 -0.177697 -2.06378 0.21802 -0.418786 -0.514478
1 18.61 0.130471 0.115705 0.781179 0.152544 -0.105482 1.40163 0.66721 -0.352138 -0.898303 0.115966 0.632552 -0.897932
4 18.61 1.5 0 1.5 0 0 1.57075 0 0 0 0 0 0
5 18.61 50 0.00760365 14
6 18.61 96.7939 -0.0965627 1.21553 -1.22428
0 18.62 0.11675 0.121398 0.839119 0.1431 -0.0934721 1.42166 0.48417 -0.192883 -2.03079 0.223756 -0.414097 -0.503382
1 18.62 0.136117 0.113683 0.757887 0.15414 -0.106995 1.39927 0.682744 -0.36844 -0.886024 -0.0553782 0.34158 -0.845966
4 18.62 1.5 0 1.5 0 0 1.57075 0 0 0 0 0 0
5 18.62 50 0.00224042 3
6 18.62 95.5411 -0.295273 0.876348 -1.0938
0 18.64 0.124151 0.118762 0.806797 0.14942 -0.101187 1.41006 0.507101 -0.216567 -1.97651 0.234516 -0.441047 -0.40789
1 18.64 0.144435 0.110099 0.727737 0.160705 -0.116204 1.3912 0.711716 -0.407851 -0.831781 -0.0918957 0.479905 -0.736603
4 18.64 1.5 0 1.5 0 0 1.57075 0 0 0 0 0 0
5 18.64 50 0.00167894 3
6 18.64 95.6995 -0.350507 1.06456 -1.04953
0 18.65 0.129541 0.116991 0.783343 0.152112 -0.105032 1.40552 0.522956 -0.233335 -1.93829 0.225167 -0.460911 -0.376165
1 18.65 0.150459 0.107658 0.705811 0.162981 -0.120976 1.38775 0.731267 -0.433362 -0.78422 -0.0126647 0.524788 -0.774853
4 18.65 1.5 0 1.5 0 0 1.57075 0 0 0 0 0 0
5 18.65 50 0.00150824 3
6 18.65 96.3589 -0.251928 1.13794 -1.27293
0 18.66 0.134746 0.11503 0.762448 0.154305 -0.108434 1.4018 0.538133 -0.249895 -1.89857 0.213151 -0.480504 -0.366369
1 18.66 0.156271 0.105034 0.686505 0.164729 -0.125174 1.38426 0.747177 -0.45541 -0.752984 -0.0649997 0.638035 -0.589674
4 18.66 1.5 0 1.5 0 0 1.57075 0 0 0 0 0 0
5 18.66 50 0.0016706 3
6 18.66 95.8974 -0.296823 1.2898 -0.713018
0 18.67 0.140967 0.112677 0.738472 0.156592 -0.112391 1.39766 0.556878 -0.271241 -1.84626 0.197857 -0.50789 -0.37818
1 18.67 0.163242 0.101827 0.664622 0.16655 -0.130099 1.37944 0.766804 -0.483439 -0.707117 -0.117486 0.688088 -0.253076
4 18.67 1.5 0 1.5 0 0 1.57075 0 0 0 0 0 0
5 18.67 50 0.00164008 3
6 18.67 95.5722 -0.337127 1.37838 0.39928
0 18.68 0.147676 0.109767 0.715026 0.159476 -0.118125 1.39164 0.576157 -0.29391 -1.79295 0.168393 -0.556866 -0.414886
1 18.68 0.170722 0.0980104 0.643308 0.168577 -0.137481 1.37158 0.787937 -0.517042 -0.653284 -0.0737708 0.838005 -0.407935
4 18.68 1.5 0 1.5 0 0 1.57075 0 0 0 0 0 0
5 18.68 50 0.00151062 3
6 18.68 95.7124 -0.252058 1.60616 0.0220856
0 18.69 0.154561 0.106809 0.692065 0.161916 -0.12344 1.38579 0.593872 -0.314178 -1.75092 0.165 -0.567733 -0.457699
1 18.69 0.178316 0.094242 0.622029 0.171212 -0.142901 1.3639 0.806167 -0.546737 -0.615646 -0.00545706 0.895267 -0.140307
4 18.69 1.5 0 1.5 0 0 1.57075 0 0 0 0 0 0
5 18.69 50 0.00144243 3
6 18.69 95.5369 -0.169468 1.6848 1.01317
0 18.71 0.161931 0.103331 0.669193 0.167358 -0.131264 1.37491 0.611285 -0.334271 -1.71558 0.240738 -0.41608 -0.499918
1 18.71 0.186382 0.0899601 0.60057 0.179957 -0.144344 1.35222 0.827683 -0.583128 -0.57811 -0.0345153 0.985723 -0.0313885
4 18.71 1.5 0 1.5 0 0 1.57075 0 0 0 0 0 0
5 18.71 50 0.00160789 3
6 18.71 95.8572 -0.290967 1.6183 1.49567
0 18.72 0.167953 0.100547 0.65093 0.169947 -0.132937 1.37065 0.624912 -0.350321 -1.6905 0.263921 -0.24756 -0.51427
1 18.72 0.192949 0.0865342 0.58331 0.183439 -0.139217 1.3485 0.8442 -0.603922 -0.550356 -0.0938158 1.07816 0.0126347
4 18.72 1.5 0 1.5 0 0 1.57075 0 0 0 0 0 0
5 18.72 50 0.00152707 3
6 18.72 96.0884 -0.38986 1.53229 1.68207
0 18.73 0.174199 0.0974243 0.633051 0.173189 -0.13378 1.36525 0.637957 -0.365904 -1.66833 0.240095 -0.146865 -0.510757
1 18.73 0.199717 0.0827882 0.566318 0.185638 -0.136047 1.34392 0.861752 -0.624264 -0.520859 0.110507 1.23982 0.585816
4 18.73 1.5 0 1.5 0 0 1.57075 0 0 0 0 0 0
5 18.73 50 0.00185537 4
6 18.73 96.6131 -0.138861 1.60115 3.50077
0 18.74 0.180548 0.0942873 0.615417 0.175697 -0.133386 1.36018 0.650665 -0.381271 -1.6454 0.154 -0.00941482 -0.493968
1 18.74 0.206574 0.0790364 0.5496 0.184476 -0.130303 1.34049 0.877577 -0.641432 -0.495326 0.123359 1.65222 1.95089
4 18.74 1.5 0 1.5 0 0 1.57075 0 0 0 0 0 0
5 18.74 50 0.00204372 4
6 18.74 96.8139 -0.033904 1.91274 7.80522
0 18.75 0.189046 0.0897194 0.593323 0.17714 -0.130916 1.35466 0.667806 -0.40321 -1.60889 0.0161213 0.160865 -0.442474
1 18.75 0.215759 0.073591 0.528967 0.17993 -0.121463 1.33823 0.895808 -0.660774 -0.462015 0.0710678 1.44156 1.70855
4 18.75 1.5 0 1.5 0 0 1.57075 0 0 0 0 0 0
5 18.75 50 0.00292706 4
6 18.75 96.6062 0.0556571 1.46996 6.86715
0 18.76 0.198084 0.0848874 0.570832 0.177424 -0.128288 1.35088 0.688635 -0.427884 -1.56352 -0.0243552 0.194912 -0.409501
1 18.76 0.225629 0.067772 0.508291 0.178352 -0.117723 1.33601 0.914077 -0.679214 -0.435749 0.00332098 1.38845 1.38171
4 18.76 1.5 0 1.5 0 0 1.57075 0 0 0 0 0 0
5 18.76 50 0.00211978 4
6 18.76 95.3793 0.0244375 1.36854 5.71843
0 18.78 0.213916 0.0758828 0.534778 0.176696 -0.122674 1.34388 0.723118 -0.47051 -1.48436 -0.0909301 0.168312 -0.293116
1 18.78 0.24284 0.0570624 0.475404 0.174336 -0.113985 1.33344 0.947582 -0.714822 -0.355583 0.117915 1.81617 2.48587
4 18.78 1.5 0 1.5 0 0 1.57075 0 0 0 0 0 0
5 18.78 50 0.00263786 4
6 18.78 95.3621 0.229642 1.88842 8.87191
0 18.8 0.225045 0.0691425 0.51177 0.175447 -0.119819 1.34059 0.745438 -0.499169 -1.42924 -0.121701 0.138626 -0.228993
1 18.8 0.254862 0.0491757 0.454601 0.171548 -0.11276 1.33248 0.966018 -0.737218 -0.31462 -0.0868357 1.38546 1.5407
4 18.8 1.5 0 1.5 0 0 1.57075 0 0 0 0 0 0
5 18.8 50 0.00196552 4
6 18.8 94.4212 0.0364141 1.4282 5.64974
0 18.81 0.233464 0.0641429 0.494848 0.173587 -0.11782 1.33832 0.763675 -0.523454 -1.37816 -0.15894 0.0954559 -0.152813
1 18.81 0.264011 0.0432047 0.439721 0.167864 -0.113003 1.33292 0.97975 -0.756435 -0.275797 -0.138474 1.27317 1.17043
4 18.81 1.5 0 1.5 0 0 1.57075 0 0 0 0 0 0
5 18.81 50 0.00190043 3
6 18.81 93.6001 0.0217062 1.34921 4.22445
0 18.82 0.241878 0.0587802 0.479316 0.1717 -0.116916 1.33732 0.780686 -0.546289 -1.3302 -0.193974 0.0603938 -0.0915
1 18.82 0.273105 0.0369287 0.426108 0.164316 -0.11391 1.33411 0.992712 -0.776104 -0.236661 0.119675 1.35869 1.41874
4 18.82 1.5 0 1.5 0 0 1.57075 0 0 0 0 0 0
5 18.82 50 0.00188375 3
6 18.82 93.007 0.350493 1.48809 4.82142
0 18.84 0.254726 0.0506383 0.457091 0.1676 -0.116282 1.33665 0.80291 -0.574979 -1.274 -0.236848 0.00594241 -0.000324316
1 18.84 0.286842 0.0276391 0.406131 0.158123 -0.116045 1.33667 1.00728 -0.800816 -0.19171 -0.00507763 1.57508 1.30833
4 18.84 1.5 0 1.5 0 0 1.57075 0 0 0 0 0 0
5 18.84 50 0.00189233 3
6 18.84 92.2309 0.25933 1.8003 4.17789
0 18.85 0.263387 0.0449038 0.44295 0.164804 -0.116515 1.33705 0.817446 -0.594083 -1.23524 -0.269808 -0.0234242 0.0629128
1 18.85 0.296085 0.0211405 0.39354 0.153739 -0.117852 1.33939 1.01688 -0.818285 -0.158883 0.0800213 1.47641 1.45967
4 18.85 1.5 0 1.5 0 0 1.57075 0 0 0 0 0 0
5 18.85 50 0.00153089 3
6 18.85 91.8198 0.391306 1.7222 4.45914
0 18.86 0.270841 0.0401447 0.43092 0.163327 -0.116801 1.33745 0.830662 -0.612153 -1.19434 -0.287682 -0.0484859 0.0961069
1 18.86 0.304068 0.0156586 0.383147 0.151412 -0.119339 1.34095 1.02673 -0.834827 -0.126801 0.0466367 1.48027 1.31417
4 18.86 1.5 0 1.5 0 0 1.57075 0 0 0 0 0 0
5 18.86 50 0.00175238 3
6 18.86 91.2493 0.373691 1.75627 3.88867
0 18.87 0.280352 0.0336666 0.41687 0.159394 -0.117919 1.33885 0.846429 -0.634251 -1.14461 -0.31262 -0.0832436 0.140876
1 18.87 0.314209 0.00829659 0.371085 0.146293 -0.122101 1.34392 1.01986 -0.837222 -0.206124 -0.0256256 1.51877 1.75956
4 18.87 1.5 0 1.5 0 0 1.57075 0 0 0 0 0 0
5 18.87 50 0.00390339 7
6 18.87 83.1407 0.320161 1.84168 5.16767
0 18.89 0.292088 0.0257204 0.400422 0.153092 -0.120403 1.34192 0.863597 -0.659959 -1.08572 -0.356018 -0.130506 0.221106
1 18.89 0.326632 -0.000677974 0.356994 0.13789 -0.12691 1.34992 1.00469 -0.834271 -0.339538 -0.248696 1.21396 1.20597
4 18.89 1.5 0 1.5 0 0 1.57075 0 0 0 0 0 0
5 18.89 50 0.00154734 3
6 18.89 71.0778 0.117723 1.54906 3.14424
0 18.9 0.300821 0.0195163 0.389055 0.14809 -0.122801 1.34492 0.875802 -0.678683 -1.04322 -0.388072 -0.17303 0.281721
1 18.9 0.335853 -0.00763101 0.347327 0.131318 -0.13131 1.35512 1.01405 -0.857749 -0.272488 -0.208692 1.30108 1.2709
4 18.9 1.5 0 1.5 0 0 1.57075 0 0 0 0 0 0
5 18.9 50 0.00264335 4
6 18.9 72.577 0.196722 1.70034 3.15803
0 18.91 0.310683 0.0126988 0.37669 0.143653 -0.125291 1.34779 0.887999 -0.697322 -1.00369 -0.419907 -0.217071 0.328821
1 18.91 0.346203 -0.0151941 0.336543 0.125374 -0.135767 1.35965 1.02015 -0.876582 -0.240134 -0.152941 1.36488 1.27772
4 18.91 1.5 0 1.5 0 0 1.57075 0 0 0 0 0 0
5 18.91 50 0.00223422 4
6 18.91 72.1043 0.292871 1.82646 3.02948
0 18.92 0.325001 0.00220856 0.360256 0.137759 -0.128801 1.35183 0.904221 -0.724734 -0.944907 -0.446901 -0.250375 0.379367
1 18.92 0.36117 -0.0267808 0.32246 0.118114 -0.140805 1.3656 1.0284 -0.904475 -0.190942 -0.172536 1.36587 1.23059
4 18.92 1.5 0 1.5 0 0 1.57075 0 0 0 0 0 0
5 18.92 50 0.00240588 4
6 18.92 71.4785 0.299219 1.86841 2.71765
0 18.93 0.333946 -0.00414154 0.350145 0.133787 -0.131351 1.35476 0.913972 -0.742782 -0.902866 -0.46618 -0.280209 0.417759
1 18.93 0.370505 -0.0338528 0.314031 0.11315 -0.144688 1.36996 1.03286 -0.923066 -0.15525 -0.0352225 1.42516 1.1718
4 18.93 1.5 0 1.5 0 0 1.57075 0 0 0 0 0 0
5 18.93 50 0.00261521 4
6 18.93 71.0677 0.472625 1.97276 2.40741
0 18.95 0.34687 -0.0139516 0.337032 0.124529 -0.137631 1.36184 0.926159 -0.768876 -0.843837 -0.508345 -0.340824 0.493181
1 18.95 0.383916 -0.0447067 0.303279 0.101719 -0.153609 1.37989 1.03323 -0.951341 -0.107871 -0.17922 1.50065 1.32931
4 18.95 1.5 0 1.5 0 0 1.57075 0 0 0 0 0 0
5 18.95 50 0.00195479 4
6 18.95 70.3167 0.35451 2.13357 2.66954
0 18.96 0.359844 -0.0236487 0.32462 0.118648 -0.141862 1.36666 0.937688 -0.791786 -0.793039 -0.529997 -0.370945 0.533699
1 18.96 0.397352 -0.0553202 0.292898 0.0946712 -0.159123 1.3863 1.03733 -0.975765 -0.065444 -0.244601 1.52263 1.39424
4 18.96 1.5 0 1.5 0 0 1.57075 0 0 0 0 0 0
5 18.96 50 0.0028975 4
6 18.96 69.7864 0.303137 2.19601 2.74749
0 18.98 0.375122 -0.0357404 0.311427 0.106138 -0.15127 1.3775 0.949118 -0.819713 -0.732055 -0.572694 -0.436691 0.614688
1 18.98 0.413087 -0.068529 0.282145 0.0797858 -0.171244 1.40036 1.03392 -1.00853 -0.0157137 -0.0141011 1.53241 1.21183
4 18.98 1.5 0 1.5 0 0 1.57075 0 0 0 0 0 0
5 18.98 50 0.00277352 4
6 18.98 69.0836 0.603055 2.28839 1.90666
0 18.99 0.385929 -0.0440942 0.30243 0.0974824 -0.158132 1.38537 0.956557 -0.838496 -0.692182 -0.597377 -0.498813 0.688707
1 18.99 0.424191 -0.077634 0.274742 0.0695249 -0.180671 1.41116 1.03139 -1.03126 0.0170035 -0.240763 1.58864 1.3648
4 18.99 1.5 0 1.5 0 0 1.57075 0 0 0 0 0 0
5 18.99 50 0.00218987 4
6 18.99 68.6505 0.370914 2.4291 2.15875
0 19 0.400012 -0.0555822 0.291812 0.0906156 -0.163804 1.39193 0.964571 -0.864086 -0.637922 -0.613271 -0.532699 0.728633
1 19 0.438595 -0.0901457 0.266295 0.0616059 -0.187662 1.4194 1.03113 -1.05872 0.0568394 -0.103858 1.80904 1.2367
4 19 1.5 0 1.5 0 0 1.57075 0 0 0 0 0 0
5 19 50 0.00197434 4
6 19 67.7702 0.538233 2.72379 1.62238
0 19.01 0.409573 -0.0632514 0.284779 0.0812746 -0.171553 1.40091 0.969145 -0.882209 -0.598218 -0.646296 -0.577412 0.778319
1 19.01 0.448339 -0.0985397 0.26085 0.0503715 -0.1971 1.4305 1.02553 -1.0818 0.0897645 -0.266047 1.74826 1.40974
4 19.01 1.5 0 1.5 0 0 1.57075 0 0 0 0 0 0
5 19.01 50 0.00272155 4
6 19.01 67.3817 0.388699 2.71002 2.01623
0 19.02 0.42363 -0.0752753 0.275705 0.0753977 -0.176489 1.40664 0.97356 -0.910283 -0.539797 -0.659586 -0.606565 0.814386
1 19.02 0.462573 -0.111687 0.254113 0.0435471 -0.203136 1.43778 1.02325 -1.11145 0.135066 -0.14087 1.72308 1.20122
4 19.02 1.5 0 1.5 0 0 1.57075 0 0 0 0 0 0
5 19.02 50 0.00308299 4
6 19.02 66.5905 0.539984 2.7174 1.23543
0 19.03 0.432144 -0.0822507 0.270345 0.0672459 -0.183497 1.41481 0.969089 -0.898568 -0.465732 -0.684515 -0.661314 0.867325
1 19.03 0.470907 -0.118193 0.251716 0.0337712 -0.212221 1.4482 1.00989 -1.10239 0.192662 -0.0959142 1.82616 1.20276
4 19.03 1.5 0 1.5 0 0 1.57075 0 0 0 0 0 0
5 19.03 50 0.00180173 4
6 19.03 65.6084 0.611667 2.90318 1.07138
0 19.04 0.440939 -0.0894967 0.266292 0.058034 -0.192078 1.42378 0.941162 -0.838841 -0.282163 -0.837826 -0.788485 0.958727
1 19.04 0.478586 -0.12305 0.255005 0.0174313 -0.225788 1.46092 0.972544 -1.04872 0.369353 -0.0632656 2.06947 1.28866
4 19.04 1.5 0 1.5 0 0 1.57075 0 0 0 0 0 0
5 19.04 50 0.0025773 6
6 19.04 65.2476 0.80482 3.34562 1.05407
0 19.05 0.451892 -0.0985348 0.261957 0.0399507 -0.204787 1.43734 0.914955 -0.7946 -0.114587 -1.56836 -0.980599 1.22894
1 19.05 0.48849 -0.130319 0.257374 -0.0326603 -0.245943 1.4859 0.928094 -1.01106 0.517509 -0.0146166 2.34915 0.875532
4 19.05 1.5 0 1.5 0 0 1.57075 0 0 0 0 0 0
5 19.05 50 0.00235987 5
6 19.05 64.1407 1.63991 3.98016 -1.1265
0 19.07 0.464936 -0.1093 0.259964 -0.00317942 -0.222804 1.46429 0.889053 -0.766954 0.0333688 -1.90872 -0.93617 1.34077
1 19.07 0.500498 -0.139979 0.261299 -0.0917059 -0.26008 1.5194 0.856345 -1.03617 0.837848 -0.0145395 2.82195 0.980462
4 19.07 1.5 0 1.5 0 0 1.57075 0 0 0 0 0 0
5 19.07 50 0.000881195 1
6 19.07 75.1673 2.01672 4.52404 -1.14826
0 19.08 0.479086 -0.120981 0.258843 -0.02642 -0.228068 1.47837 0.868965 -0.755946 0.138522 -1.99022 -0.663196 1.34969
1 19.08 0.513844 -0.151219 0.264383 -0.118718 -0.253161 1.53449 0.815389 -1.00882 0.852246 -0.207386 3.02995 -0.0801656
4 19.08 1.5 0 1.5 0 0 1.57075 0 0 0 0 0 0
5 19.08 50 0.00369239 9
6 19.08 69.5754 1.9216 4.46003 -4.56333
0 19.1 0.488348 -0.128775 0.259155 -0.0705919 -0.229237 1.50609 0.856993 -0.753763 0.193667 -1.74675 0.0118889 1.3225
1 19.1 0.522628 -0.158925 0.266901 -0.152767 -0.225032 1.56024 0.7576 -1.0128 0.93661 -0.0641045 2.67291 1.18434
4 19.1 1.5 0 1.5 0 0 1.57075 0 0 0 0 0 0
5 19.1 50 0.000788689 1
6 19.1 71.586 1.88402 3.24465 -0.441093
0 19.11 0.499105 -0.137763 0.260002 -0.0844592 -0.225987 1.51601 0.843051 -0.754786 0.242112 -1.45556 0.363764 1.30153
1 19.11 0.532827 -0.167954 0.269686 -0.154326 -0.207097 1.56798 0.734082 -1.00142 0.946764 -0.0541454 2.58081 1.025
4 19.11 1.5 0 1.5 0 0 1.57075 0 0 0 0 0 0
5 19.11 50 0.000825405 1
6 19.11 69.1942 1.60678 2.7008 -0.883442
0 19.12 0.510422 -0.147665 0.262227 -0.099006 -0.217533 1.52834 0.826072 -0.76387 0.286453 -1.10108 0.782866 1.26462
1 19.12 0.543465 -0.17822 0.273685 -0.153491 -0.181371 1.57672 0.70868 -0.992816 0.951472 -0.0317581 2.45219 0.794298
4 19.12 1.5 0 1.5 0 0 1.57075 0 0 0 0 0 0
5 19.12 50 0.000859261 1
6 19.12 66.6565 1.27746 2.03074 -1.50248
0 19.13 0.522667 -0.158513 0.265459 -0.114141 -0.20354 1.54298 0.812353 -0.775558 0.317798 -0.894991 1.05867 1.20909
1 19.13 0.555162 -0.189535 0.278171 -0.158862 -0.155961 1.58712 0.685132 -0.986018 0.961821 0.0226707 2.32627 0.446653
4 19.13 1.5 0 1.5 0 0 1.57075 0 0 0 0 0 0
5 19.13 50 0.000681639 1
6 19.13 65.2435 1.13149 1.54409 -2.43514
0 19.15 0.535377 -0.170353 0.269697 -0.131753 -0.174396 1.56325 0.794416 -0.790721 0.35034 -0.557748 1.51057 1.13958
1 19.15 0.567154 -0.201982 0.28371 -0.160625 -0.108508 1.60108 0.656604 -0.968369 0.97211 0.015181 2.08055 0.0119463
4 19.15 1.5 0 1.5 0 0 1.57075 0 0 0 0 0 0
5 19.15 50 0.000950575 1
6 19.15 63.6261 0.781879 0.706672 -3.60094
0 19.16 0.54329 -0.177725 0.272312 -0.136658 -0.161093 1.57006 0.777573 -0.806004 0.386466 -0.48021 1.62817 1.10123
1 19.16 0.574393 -0.209965 0.28777 -0.161515 -0.0905722 1.60528 0.63805 -0.968503 0.994681 0.0221722 1.99479 -0.177595
4 19.16 1.5 0 1.5 0 0 1.57075 0 0 0 0 0 0
5 19.16 50 0.000726223 1
6 19.16 62.6759 0.708798 0.464489 -4.08352
0 19.17 0.551128 -0.185607 0.275734 -0.142339 -0.143406 1.5782 0.757706 -0.821902 0.424611 -0.468883 1.66906 1.06602
1 19.17 0.581436 -0.218483 0.292718 -0.165822 -0.0712702 1.61128 0.615142 -0.966196 1.02415 0.0302024 1.90382 -0.460136
4 19.17 1.5 0 1.5 0 0 1.57075 0 0 0 0 0 0
5 19.17 50 0.0012331 1
6 19.17 62.0137 0.703986 0.310799 -4.87313
0 19.18 0.561252 -0.196093 0.280379 -0.149612 -0.120947 1.58785 0.734451 -0.839327 0.468638 -0.516831 1.66139 0.998662
1 19.18 0.59063 -0.229666 0.299125 -0.173882 -0.04928 1.61767 0.586913 -0.961604 1.06145 0.0215946 1.81152 -0.880312
4 19.18 1.5 0 1.5 0 0 1.57075 0 0 0 0 0 0
5 19.18 50 0.000919819 1
6 19.18 61.475 0.73818 0.21506 -5.9996
0 19.19 0.56911 -0.204729 0.284714 -0.155971 -0.10315 1.59483 0.713885 -0.852701 0.506095 -0.586746 1.62136 0.930239
1 19.19 0.597665 -0.238837 0.304958 -0.182203 -0.0333023 1.62165 0.56147 -0.957821 1.0935 0.00644022 1.75886 -1.26132
4 19.19 1.5 0 1.5 0 0 1.57075 0 0 0 0 0 0
5 19.19 50 0.000871181 1
6 19.19 61.0753 0.787106 0.203033 -6.99764
0 19.21 0.579924 -0.217161 0.291236 -0.167926 -0.0733904 1.60561 0.680747 -0.869555 0.562436 -0.679023 1.5516 0.848034
1 19.21 0.607153 -0.251943 0.313734 -0.196783 -0.00652993 1.62875 0.518143 -0.946713 1.14186 0.0163138 1.66627 -2.00364
4 19.21 1.5 0 1.5 0 0 1.57075 0 0 0 0 0 0
5 19.21 50 0.000698805 1
6 19.21 60.5363 0.88566 0.179332 -9.10516
0 19.22 0.587171 -0.226062 0.296484 -0.177628 -0.0520024 1.61276 0.65577 -0.879754 0.603007 -0.730613 1.51113 0.795722
1 19.22 0.613402 -0.261252 0.320604 -0.207927 0.0131158 1.63343 0.518367 -0.925867 0.985051 0.101848 1.2264 -1.76499
4 19.22 1.5 0 1.5 0 0 1.57075 0 0 0 0 0 0
5 19.22 50 0.00231481 4
6 19.22 48.2582 1.02981 -0.27846 -8.17631
0 19.23 0.594887 -0.235733 0.302158 -0.182889 -0.0412836 1.6161 0.623407 -0.888673 0.652011 -0.770174 1.4771 0.760074
1 19.23 0.619823 -0.271279 0.328238 -0.214487 0.0223444 1.63527 0.486589 -0.925781 1.00703 0.140668 1.18495 -1.88585
4 19.23 1.5 0 1.5 0 0 1.57075 0 0 0 0 0 0
5 19.23 50 0.0021801 5
6 19.23 46.5959 1.11099 -0.286637 -8.44839
0 19.24 0.600898 -0.243878 0.307577 -0.191704 -0.0245514 1.6209 0.596517 -0.894182 0.69246 -0.832237 1.42094 0.698892
1 19.24 0.624759 -0.279645 0.335275 -0.225401 0.0365715 1.63752 0.454982 -0.919341 1.03465 0.13926 1.17408 -2.04354
4 19.24 1.5 0 1.5 0 0 1.57075 0 0 0 0 0 0
5 19.24 50 0.00180697 3
6 19.24 45.8471 1.16826 -0.234989 -8.75655
0 19.26 0.609255 -0.255681 0.31567 -0.207498 0.00179054 1.62735 0.554771 -0.898178 0.751954 -0.904966 1.343 0.614174
1 19.26 0.631446 -0.291608 0.345748 -0.243673 0.0594192 1.64032 0.404915 -0.905383 1.07216 0.212782 1.10945 -2.45617
4 19.26 1.5 0 1.5 0 0 1.57075 0 0 0 0 0 0
5 19.26 50 0.00214314 4
6 19.26 44.6038 1.31813 -0.221852 -9.80346
0 19.27 0.615935 -0.266106 0.323847 -0.218532 0.0184501 1.63069 0.517682 -0.898647 0.802838 -0.95181 1.29624 0.554807
1 19.27 0.636642 -0.302052 0.355961 -0.256412 0.0738779 1.64112 0.363715 -0.895107 1.10142 0.259921 1.00808 -2.41952
4 19.27 1.5 0 1.5 0 0 1.57075 0 0 0 0 0 0
5 19.27 50 0.00291944 6
6 19.27 43.3611 1.41465 -0.286816 -9.49694
0 19.28 0.623875 -0.278942 0.33393 -0.229863 0.033992 1.63305 0.472345 -0.896143 0.861792 -0.989862 1.24568 0.496999
1 19.28 0.642769 -0.314787 0.368401 -0.269186 0.0870382 1.64106 0.31718 -0.883394 1.12744 0.26852 0.987743 -2.41414
4 19.28 1.5 0 1.5 0 0 1.57075 0 0 0 0 0 0
5 19.28 50 0.00344324 7
6 19.28 41.4181 1.45866 -0.25513 -9.29521
0 19.3 0.629989 -0.289956 0.343725 -0.248687 0.0576407 1.63581 0.432107 -0.891405 0.912189 -1.04438 1.17752 0.419224
1 19.3 0.647273 -0.325612 0.380212 -0.290194 0.10742 1.64048 0.269938 -0.865556 1.14938 0.402585 0.969582 -2.72051
4 19.3 1.5 0 1.5 0 0 1.57075 0 0 0 0 0 0
5 19.3 50 0.00232244 5
6 19.3 39.8526 1.65941 -0.202258 -10.025
0 19.31 0.635313 -0.299743 0.352215 -0.257929 0.0682618 1.63652 0.399041 -0.886609 0.95317 -1.07116 1.15183 0.380147
1 19.31 0.651275 -0.335208 0.390342 -0.300573 0.11669 1.63948 0.235658 -0.855645 1.16964 0.407043 0.98517 -2.70983
4 19.31 1.5 0 1.5 0 0 1.57075 0 0 0 0 0 0
5 19.31 50 0.00242639 5
6 19.31 38.6589 1.6898 -0.157439 -9.86614
0 19.32 0.640753 -0.310948 0.363112 -0.266072 0.0770115 1.6368 0.358039 -0.878367 1.00092 -1.09407 1.11597 0.336149
1 19.32 0.655075 -0.346082 0.403149 -0.309739 0.123615 1.63804 0.195288 -0.843825 1.1943 0.426806 0.942319 -2.77948
4 19.32 1.5 0 1.5 0 0 1.57075 0 0 0 0 0 0
5 19.32 50 0.00371504 4
6 19.32 37.2979 1.73241 -0.16873 -9.94802
0 19.33 0.645089 -0.320234 0.372113 -0.280317 0.0913534 1.63666 0.322842 -0.869614 1.04011 -1.1318 1.06509 0.272477
1 19.33 0.658003 -0.355019 0.413718 -0.325709 0.135309 1.63534 0.154896 -0.828336 1.21797 0.469252 0.972182 -2.86669
4 19.33 1.5 0 1.5 0 0 1.57075 0 0 0 0 0 0
5 19.33 50 0.00193453 4
6 19.33 36.4997 1.81517 -0.0810122 -10.0232
0 19.34 0.649616 -0.331462 0.38434 -0.291458 0.101558 1.636 0.277179 -0.856546 1.08831 -1.15453 1.01968 0.21011
1 19.34 0.660703 -0.365724 0.427873 -0.338013 0.14304 1.63231 0.107125 -0.811183 1.24883 0.53323 0.974593 -3.00471
4 19.34 1.5 0 1.5 0 0 1.57075 0 0 0 0 0 0
5 19.34 50 0.0019033 4
6 19.34 35.5409 1.90597 -0.0316063 -10.2646
0 19.36 0.653639 -0.342224 0.396466 -0.315189 0.121268 1.633 0.225345 -0.835046 1.15261 -1.19357 0.964279 0.118842
1 19.36 0.662653 -0.375626 0.442571 -0.363838 0.159412 1.62551 0.0470489 -0.781245 1.29179 0.599043 0.963548 -3.18406
4 19.36 1.5 0 1.5 0 0 1.57075 0 0 0 0 0 0
5 19.36 50 0.00269508 4
6 19.36 34.4995 2.01515 0.010927 -10.5458
0 19.37 0.657078 -0.354159 0.412073 -0.327239 0.130371 1.63101 0.164607 -0.810094 1.21864 -1.20795 0.931382 0.0729702
1 19.37 0.663663 -0.386563 0.460818 -0.376765 0.166587 1.62172 -0.0135832 -0.75389 1.33591 0.64854 1.00155 -3.17102
4 19.37 1.5 0 1.5 0 0 1.57075 0 0 0 0 0 0
5 19.37 50 0.00216079 5
6 19.37 33.2489 2.0828 0.0878115 -10.3577
0 19.38 0.660023 -0.365484 0.42618 -0.339635 0.139073 1.62841 0.111652 -0.788944 1.27131 -1.21702 0.906382 0.0307269
1 19.38 0.664489 -0.397042 0.477033 -0.389844 0.173667 1.61739 -0.0663575 -0.730689 1.36762 0.631886 0.898854 -3.23296
4 19.38 1.5 0 1.5 0 0 1.57075 0 0 0 0 0 0
5 19.38 50 0.00244427 5
6 19.38 32.0568 2.07103 -0.00553512 -10.4206
0 19.39 0.661803 -0.374904 0.439383 -0.353512 0.148119 1.62486 0.0636859 -0.769502 1.31488 -1.23337 0.872086 -0.0338717
1 19.39 0.664351 -0.405684 0.491978 -0.404838 0.180377 1.61137 -0.116264 -0.708593 1.39526 0.664412 0.952236 -3.14732
4 19.39 1.5 0 1.5 0 0 1.57075 0 0 0 0 0 0
5 19.39 50 0.00281787 4
6 19.39 31.2085 2.12102 0.0884929 -9.94092
0 19.41 0.663515 -0.386825 0.456097 -0.374777 0.160668 1.61848 -0.00409255 -0.740685 1.36916 -1.25041 0.833177 -0.0989404
1 19.41 0.663352 -0.416453 0.510864 -0.427367 0.190233 1.60239 -0.189727 -0.675316 1.43425 0.752546 1.03421 -3.27751
4 19.41 1.5 0 1.5 0 0 1.57075 0 0 0 0 0 0
5 19.41 50 0.00241566 6
6 19.41 30.5037 2.23437 0.220383 -10.1488
0 19.42 0.663976 -0.39374 0.466907 -0.393112 0.170342 1.6122 -0.0457358 -0.722806 1.40069 -1.25569 0.804035 -0.154687
1 19.42 0.662147 -0.422652 0.522934 -0.446442 0.19768 1.5939 -0.245301 -0.650715 1.47506 0.752542 1.12753 -3.78871
4 19.42 1.5 0 1.5 0 0 1.57075 0 0 0 0 0 0
5 19.42 50 0.00335813 5
6 19.42 31.4049 2.23685 0.35504 -11.6028
0 19.43 0.664127 -0.40484 0.484033 -0.404631 0.175901 1.60792 -0.104261 -0.698556 1.44293 -1.26602 0.779802 -0.212834
1 19.43 0.659957 -0.432782 0.541751 -0.458845 0.201223 1.5875 -0.307271 -0.624269 1.51059 0.620291 1.09081 -3.82973
4 19.43 1.5 0 1.5 0 0 1.57075 0 0 0 0 0 0
5 19.43 50 0.00150204 3
6 19.43 31.1343 2.09703 0.334478 -11.5481
0 19.44 0.663218 -0.415099 0.50202 -0.418065 0.18186 1.60265 -0.165506 -0.672497 1.48343 -1.26438 0.76173 -0.243575
1 19.44 0.656598 -0.441999 0.561357 -0.472552 0.20575 1.58102 -0.358301 -0.601079 1.5126 0.72485 1.06511 -3.45801
4 19.44 1.5 0 1.5 0 0 1.57075 0 0 0 0 0 0
5 19.44 50 0.00181675 4
6 19.44 28.728 2.21058 0.32253 -10.2632
0 19.46 0.662118 -0.424264 0.517481 -0.442949 0.191751 1.59209 -0.228268 -0.644863 1.51958 -1.27247 0.731394 -0.322337
1 19.46 0.652987 -0.450058 0.578264 -0.498543 0.212657 1.56745 -0.42557 -0.570438 1.53209 0.873574 1.17837 -3.68297
4 19.46 1.5 0 1.5 0 0 1.57075 0 0 0 0 0 0
5 19.46 50 0.00257826 5
6 19.46 27.9627 2.38194 0.478809 -10.7299
0 19.47 0.660441 -0.431227 0.530859 -0.459287 0.19738 1.58449 -0.280286 -0.621611 1.54779 -1.27739 0.704588 -0.375622
1 19.47 0.64923 -0.456092 0.59277 -0.515575 0.215983 1.55801 -0.479373 -0.545807 1.54803 0.825303 1.17199 -3.58113
4 19.47 1.5 0 1.5 0 0 1.57075 0 0 0 0 0 0
5 19.47 50 0.00199008 4
6 19.47 27.361 2.33107 0.496464 -10.2346
0 19.48 0.65786 -0.440071 0.547496 -0.473303 0.201695 1.5775 -0.347148 -0.591658 1.58039 -1.27191 0.690966 -0.416389
1 19.48 0.643974 -0.463738 0.610712 -0.529787 0.218704 1.54951 -0.56282 -0.508957 1.59951 0.65283 1.17323 -3.70489
4 19.48 1.5 0 1.5 0 0 1.57075 0 0 0 0 0 0
5 19.48 50 0.00166249 3
6 19.48 28.9049 2.13007 0.509382 -10.4995
0 19.49 0.654059 -0.448165 0.565319 -0.487387 0.205528 1.57006 -0.416149 -0.560681 1.61117 -1.27195 0.67137 -0.483312
1 19.49 0.637413 -0.470592 0.629766 -0.544447 0.220202 1.53976 -0.623138 -0.480807 1.60117 0.655971 1.12676 -3.61176
4 19.49 1.5 0 1.5 0 0 1.57075 0 0 0 0 0 0
5 19.49 50 0.001683 3
6 19.49 27.0792 2.13062 0.471494 -9.98853
0 19.5 0.649331 -0.457187 0.58445 -0.501682 0.208871 1.56221 -0.486734 -0.529805 1.64073 -1.27617 0.656937 -0.520567
1 19.5 0.629862 -0.478379 0.650079 -0.559277 0.221897 1.53063 -0.689764 -0.451051 1.61164 0.641371 1.20447 -3.54928
4 19.5 1.5 0 1.5 0 0 1.57075 0 0 0 0 0 0
5 19.5 50 0.00262547 5
6 19.5 25.944 2.11757 0.573097 -9.67011
0 19.51 0.644688 -0.463837 0.600524 -0.516359 0.211816 1.55382 -0.545511 -0.504058 1.66384 -1.26809 0.637024 -0.573658
1 19.51 0.622867 -0.483999 0.667078 -0.574079 0.222646 1.52054 -0.742295 -0.427366 1.6125 0.705604 1.16721 -3.55153
4 19.51 1.5 0 1.5 0 0 1.57075 0 0 0 0 0 0
5 19.51 50 0.00273871 6
6 19.51 24.5708 2.17848 0.547961 -9.50777
0 19.53 0.638931 -0.47156 0.618582 -0.541394 0.21569 1.53856 -0.617564 -0.471571 1.68885 -1.26374 0.621635 -0.651177
1 19.53 0.614229 -0.490423 0.686136 -0.599642 0.223577 1.50259 -0.812558 -0.395002 1.61706 0.70799 1.26039 -3.4531
4 19.53 1.5 0 1.5 0 0 1.57075 0 0 0 0 0 0
5 19.53 50 0.00304198 7
6 19.53 23.4574 2.17306 0.664598 -8.94605
0 19.54 0.630195 -0.479612 0.641716 -0.555631 0.217352 1.52956 -0.706589 -0.4309 1.71687 -1.25743 0.617963 -0.685891
1 19.54 0.601932 -0.496848 0.710391 -0.613955 0.22388 1.49234 -0.81827 -0.386872 1.50282 1.16485 0.857276 -2.43077
4 19.54 1.5 0 1.5 0 0 1.57075 0 0 0 0 0 0
5 19.54 50 0.00184226 3
6 19.54 13.1679 2.67564 0.203033 -5.5714
0 19.55 0.62161 -0.487263 0.662228 -0.573978 0.218983 1.51763 -0.789565 -0.397644 1.74724 -1.24872 0.61188 -0.723113
1 19.55 0.590027 -0.503169 0.732118 -0.63229 0.223831 1.47913 -0.885434 -0.359654 1.50241 1.13998 0.98128 -2.82856
4 19.55 1.5 0 1.5 0 0 1.57075 0 0 0 0 0 0
5 19.55 50 0.00160003 2
6 19.55 11.0269 2.63654 0.348927 -6.72249
0 19.58 0.610606 -0.494385 0.685715 -0.604759 0.220314 1.49649 -0.88196 -0.358562 1.77535 -1.23514 0.58946 -0.814457
1 19.58 0.575328 -0.508727 0.756728 -0.663169 0.221188 1.45528 -0.958826 -0.327811 1.4944 1.33403 0.756852 -2.04975
4 19.58 1.5 0 1.5 0 0 1.57075 0 0 0 0 0 0
5 19.58 50 0.00217009 3
6 19.58 8.50361 2.83538 0.108614 -3.94451
0 19.59 0.603291 -0.499576 0.700605 -0.613682 0.220266 1.49002 -0.949081 -0.329468 1.79124 -1.22701 0.583722 -0.849402
1 19.59 0.565328 -0.512755 0.772255 -0.671991 0.219789 1.44777 -1.01476 -0.303116 1.49249 1.40777 0.659755 -1.93847
4 19.59 1.5 0 1.5 0 0 1.57075 0 0 0 0 0 0
5 19.59 50 0.00156879 2
6 19.59 7.18941 2.90751 0.000788109 -3.47767
0 19.6 0.594719 -0.504098 0.716588 -0.635645 0.21954 1.4734 -1.01784 -0.29952 1.8056 -1.21656 0.58028 -0.901624
1 19.6 0.554006 -0.516079 0.788812 -0.693858 0.216807 1.42954 -1.06911 -0.278778 1.48337 1.51407 0.612478 -2.10042
4 19.6 1.5 0 1.5 0 0 1.57075 0 0 0 0 0 0
5 19.6 50 0.00177693 3
6 19.6 5.47242 3.01252 -0.0540381 -3.82796
0 19.61 0.583919 -0.509614 0.73543 -0.648926 0.218665 1.46311 -1.1038 -0.261605 1.81927 -1.21612 0.577208 -0.932305
1 19.61 0.539767 -0.520078 0.808201 -0.707274 0.214523 1.41838 -1.14466 -0.244988 1.48146 1.43538 0.638893 -1.73078
4 19.61 1.5 0 1.5 0 0 1.57075 0 0 0 0 0 0
5 19.61 50 0.00139451 2
6 19.61 4.29835 2.92276 -0.0232683 -2.54994
0 19.62 0.571787 -0.513944 0.754823 -0.663344 0.21722 1.45169 -1.18816 -0.22398 1.83038 -1.20435 0.56713 -0.989149
1 19.62 0.52426 -0.522903 0.828039 -0.721481 0.210731 1.40546 -1.21357 -0.213588 1.47105 1.55318 0.620697 -1.65308
4 19.62 1.5 0 1.5 0 0 1.57075 0 0 0 0 0 0
5 19.62 50 0.00162935 2
6 19.62 2.63247 3.03953 -0.0373506 -2.12037
0 19.63 0.560449 -0.518475 0.772183 -0.677602 0.215298 1.44008 -1.27385 -0.18555 1.83717 -1.19411 0.563564 -1.03438
1 19.63 0.509495 -0.525897 0.84567 -0.735506 0.206921 1.39262 -1.28874 -0.179426 1.46366 1.48753 0.519891 -1.83452
4 19.63 1.5 0 1.5 0 0 1.57075 0 0 0 0 0 0
5 19.63 50 0.00228 4
6 19.63 1.52023 2.95282 -0.152556 -2.5552
0 19.65 0.546791 -0.521981 0.791315 -0.702676 0.21089 1.4188 -1.36195 -0.145913 1.84269 -1.17947 0.563226 -1.09325
1 19.65 0.492313 -0.527818 0.865023 -0.760115 0.199821 1.36978 -1.35876 -0.14724 1.44642 1.56446 0.487743 -1.80836
4 19.65 1.5 0 1.5 0 0 1.57075 0 0 0 0 0 0
5 19.65 50 0.0021956 4
6 19.65 -0.317746 3.01983 -0.193555 -2.28375
0 19.66 0.531287 -0.526459 0.81196 -0.716849 0.207703 1.40627 -1.45066 -0.106906 1.84645 -1.16221 0.561296 -1.16122
1 19.66 0.47326 -0.530735 0.885818 -0.773825 0.194112 1.35541 -1.43403 -0.113876 1.43435 1.53022 0.549561 -1.37463
4 19.66 1.5 0 1.5 0 0 1.57075 0 0 0 0 0 0
5 19.66 50 0.00216079 4
6 19.66 -1.63596 2.95926 -0.125403 -0.682047
0 19.67 0.517562 -0.52919 0.829188 -0.734866 0.202821 1.38974 -1.52379 -0.0744078 1.84824 -1.14918 0.554626 -1.21015
1 19.67 0.456611 -0.532166 0.903117 -0.791278 0.186825 1.33789 -1.49084 -0.0883514 1.41799 1.60557 0.448023 -1.719
4 19.67 1.5 0 1.5 0 0 1.57075 0 0 0 0 0 0
5 19.67 50 0.00233054 4
6 19.67 -3.18982 3.02741 -0.237656 -1.62524
0 19.68 0.500056 -0.532928 0.850065 -0.745226 0.19965 1.37996 -1.61554 -0.0339718 1.84733 -1.14121 0.554888 -1.23801
1 19.68 0.435435 -0.534287 0.923958 -0.801285 0.182381 1.32747 -1.56825 -0.0541065 1.40156 1.70769 0.397985 -1.61555
4 19.68 1.5 0 1.5 0 0 1.57075 0 0 0 0 0 0
5 19.68 50 0.00289464 6
6 19.68 -4.53831 3.13146 -0.297204 -1.206
0 19.69 0.481266 -0.535251 0.871046 -0.76219 0.193873 1.36353 -1.70597 0.00683073 1.84437 -1.12501 0.55794 -1.29593
1 19.69 0.413027 -0.534977 0.944821 -0.817578 0.174222 1.30962 -1.64277 -0.020368 1.38265 1.74246 0.446124 -1.27853
4 19.69 1.5 0 1.5 0 0 1.57075 0 0 0 0 0 0
5 19.69 50 0.00276637 5
6 19.69 -5.98242 3.14928 -0.249216 0.0548416
0 19.71 0.459562 -0.538369 0.893906 -0.786061 0.184365 1.33938 -1.80073 0.0486085 1.83982 -1.11146 0.564145 -1.37308
1 19.71 0.387533 -0.536425 0.967499 -0.840734 0.161449 1.28366 -1.71992 0.0132482 1.36224 1.52334 0.418624 -1.35318
4 19.71 1.5 0 1.5 0 0 1.57075 0 0 0 0 0 0
5 19.71 50 0.00236225 5
6 19.71 -7.51044 2.88473 -0.293541 0.062806
0 19.72 0.432506 -0.54 0.920591 -0.803082 0.176653 1.32145 -1.91269 0.0993555 1.83121 -1.08979 0.567746 -1.42672
1 19.72 0.355999 -0.536026 0.99384 -0.856666 0.151364 1.26459 -1.80949 0.0535962 1.33306 1.64546 0.370607 -1.4829
4 19.72 1.5 0 1.5 0 0 1.57075 0 0 0 0 0 0
5 19.72 50 0.00309658 5
6 19.72 -9.47439 2.99423 -0.355145 -0.180081
0 19.74 0.406541 -0.542174 0.944501 -0.822822 0.16653 1.29989 -2.0098 0.141702 1.8225 -1.07434 0.569571 -1.4816
1 19.74 0.326149 -0.536506 1.0174 -0.875378 0.138581 1.24208 -1.87719 0.0819206 1.29855 1.72795 0.409996 -1.27242
4 19.74 1.5 0 1.5 0 0 1.57075 0 0 0 0 0 0
5 19.74 50 0.00114894 2
6 19.74 -12.0129 3.06647 -0.31511 0.667135
0 19.75 0.385266 -0.542855 0.963325 -0.842045 0.155375 1.27787 -2.08726 0.176446 1.81382 -1.0505 0.572255 -1.558
1 19.75 0.301776 -0.535797 1.03588 -0.89324 0.124127 1.21858 -1.93643 0.107235 1.27644 1.58075 0.361387 -1.44709
4 19.75 1.5 0 1.5 0 0 1.57075 0 0 0 0 0 0
5 19.75 50 0.00139594 2
6 19.75 -13.4972 2.87119 -0.377686 0.353395
0 19.76 0.353251 -0.543823 0.989373 -0.851611 0.14927 1.26654 -2.19574 0.220263 1.80211 -1.04046 0.573908 -1.58575
1 19.76 0.265421 -0.535012 1.06146 -0.902111 0.116672 1.20682 -2.0265 0.141878 1.24956 1.56609 0.345451 -1.40921
4 19.76 1.5 0 1.5 0 0 1.57075 0 0 0 0 0 0
5 19.76 50 0.00197411 3
6 19.76 -15.0572 2.84204 -0.398962 0.562909
0 19.77 0.321497 -0.543263 1.01418 -0.861151 0.142894 1.2551 -2.30161 0.265256 1.78707 -1.03141 0.573969 -1.61426
1 19.77 0.229432 -0.532653 1.08567 -0.910967 0.10887 1.19499 -2.10767 0.174564 1.214 1.80769 0.382808 -1.14981
4 19.77 1.5 0 1.5 0 0 1.57075 0 0 0 0 0 0
5 19.77 50 0.00379777 7
6 19.77 -17.1588 3.10089 -0.357421 1.48209
0 19.78 0.293474 -0.543258 1.03485 -0.876577 0.131812 1.23622 -2.40341 0.310235 1.76698 -1.02151 0.583728 -1.66874
1 19.78 0.197338 -0.530849 1.10553 -0.925478 0.0954494 1.17504 -2.19602 0.211701 1.18623 1.48188 0.346265 -1.25575
4 19.78 1.5 0 1.5 0 0 1.57075 0 0 0 0 0 0
5 19.78 50 0.00540495 10
6 19.78 -18.1897 2.72137 -0.413835 1.31781
0 19.79 0.262992 -0.541605 1.05623 -0.891976 0.119675 1.21652 -2.50747 0.357364 1.74474 -1.00413 0.591381 -1.71378
1 19.79 0.162693 -0.52731 1.12602 -0.939531 0.0811727 1.15463 -2.29624 0.255254 1.16529 1.52542 0.462367 -0.920803
4 19.79 1.5 0 1.5 0 0 1.57075 0 0 0 0 0 0
5 19.79 50 0.0048871 8
6 19.79 -18.3781 2.74742 -0.290755 2.5309
0 19.81 0.222515 -0.539661 1.08234 -0.914794 0.0997123 1.18584 -2.62926 0.412233 1.71689 -0.977737 0.600795 -1.78128
1 19.81 0.117345 -0.523171 1.15102 -0.960157 0.0579084 1.12302 -2.37995 0.288266 1.11187 1.5473 0.498309 -0.970652
4 19.81 1.5 0 1.5 0 0 1.57075 0 0 0 0 0 0
5 19.81 50 0.00377393 9
6 19.81 -21.4579 2.73773 -0.262042 2.58727
0 19.82 0.191123 -0.536946 1.10185 -0.92605 0.0887246 1.16978 -2.72147 0.455366 1.69381 -0.959909 0.605832 -1.83138
1 19.82 0.0822642 -0.518731 1.1696 -0.970086 0.0447392 1.10614 -2.44303 0.314788 1.0683 1.65606 0.524438 -0.783203
4 19.82 1.5 0 1.5 0 0 1.57075 0 0 0 0 0 0
5 19.82 50 0.00470257 8
6 19.82 -23.8503 2.83626 -0.239197 3.34565
0 19.83 0.163728 -0.535315 1.11796 -0.937163 0.0770462 1.15321 -2.81034 0.498296 1.66663 -0.945769 0.603681 -1.87211
1 19.83 0.0513146 -0.515384 1.18463 -0.979918 0.0309951 1.08923 -2.47488 0.326169 0.998477 1.49248 0.522935 -1.1345
4 19.83 1.5 0 1.5 0 0 1.57075 0 0 0 0 0 0
5 19.83 50 0.00286698 7
6 19.83 -28.6112 2.63572 -0.2395 2.35418
0 19.84 0.131539 -0.531821 1.13602 -0.944843 0.0684176 1.14134 -2.90794 0.546604 1.636 -0.930736 0.607007 -1.89628
1 19.84 0.0152219 -0.509957 1.20146 -0.986465 0.0211724 1.07707 -2.60773 0.390756 0.999943 1.54553 0.479378 -0.719125
4 19.84 1.5 0 1.5 0 0 1.57075 0 0 0 0 0 0
5 19.84 50 0.00517249 9
6 19.84 -25.5334 2.67655 -0.292822 3.75744
0 19.85 0.0987961 -0.528822 1.15307 -0.957467 0.0533 1.12121 -2.99327 0.587041 1.61065 -0.914598 0.618817 -1.94002
1 19.85 -0.0209346 -0.505341 1.2175 -0.997514 0.00409036 1.05621 -2.61854 0.388577 0.920413 1.69717 0.507051 -0.818108
4 19.85 1.5 0 1.5 0 0 1.57075 0 0 0 0 0 0
5 19.85 50 0.00472546 8
6 19.85 -31.739 2.82411 -0.275402 3.58107
0 19.87 0.0507711 -0.522332 1.17706 -0.97656 0.0277903 1.08874 -3.11559 0.647437 1.57108 -0.878648 0.622124 -2.01713
1 19.87 -0.0738527 -0.496435 1.2399 -1.01353 -0.0251309 1.02292 -2.71523 0.428287 0.870448 1.40829 0.604948 -0.0733981
4 19.87 1.5 0 1.5 0 0 1.57075 0 0 0 0 0 0
5 19.87 50 0.00414705 7
6 19.87 -33.7334 2.45621 -0.166711 6.20473
0 19.88 0.0129237 -0.517832 1.19445 -0.985619 0.0139775 1.07193 -3.20377 0.690169 1.54327 -0.85267 0.618388 -2.05561
1 19.88 -0.115227 -0.490225 1.25618 -1.02065 -0.0409034 1.00589 -2.79505 0.462552 0.840939 1.30319 0.42115 -1.07269
4 19.88 1.5 0 1.5 0 0 1.57075 0 0 0 0 0 0
5 19.88 50 0.00413036 7
6 19.88 -34.3722 2.30822 -0.371676 3.13736
0 19.89 -0.0305967 -0.511228 1.21386 -0.991938 0.00366538 1.05983 -3.30447 0.741059 1.50898 -0.835664 0.617006 -2.0803
1 19.89 -0.162775 -0.481586 1.27422 -1.02561 -0.0524886 0.993651 -2.888 0.506262 0.804129 1.45842 0.436578 -0.569391
4 19.89 1.5 0 1.5 0 0 1.57075 0 0 0 0 0 0
5 19.89 50 0.00245047 5
6 19.89 -34.9825 2.46187 -0.351201 4.823
0 19.9 -0.0729351 -0.505157 1.23144 -1.00199 -0.0143203 1.03916 -3.4081 0.795256 1.47397 -0.803102 0.622182 -2.11752
1 19.9 -0.209259 -0.473347 1.2904 -1.03316 -0.0722795 0.972564 -2.99317 0.556319 0.775528 1.23697 0.326494 -0.751572
4 19.9 1.5 0 1.5 0 0 1.57075 0 0 0 0 0 0
5 19.9 50 0.0100584 20
6 19.9 -34.8057 2.17487 -0.480303 4.36022
0 19.92 -0.116629 -0.497359 1.24896 -1.0117 -0.03712 1.01146 -3.51659 0.854384 1.44202 -0.575865 0.776251 -2.13994
1 19.92 -0.257292 -0.463183 1.30665 -1.03207 -0.0932143 0.939686 -3.04594 0.57474 0.707403 1.34319 0.398862 -0.682978
4 19.92 1.5 0 1.5 0 0 1.57075 0 0 0 0 0 0
5 19.92 50 0.00867629 20
6 19.92 -39.5442 2.01136 -0.5352 4.65085
0 19.93 -0.167024 -0.488838 1.26733 -1.01644 -0.0566794 0.985348 -3.63149 0.915953 1.41118 -0.389234 0.848659 -2.15053
1 19.93 -0.312284 -0.4522 1.32378 -1.0278 -0.111949 0.911085 -3.12972 0.608046 0.655103 1.29057 0.391953 -0.780736
4 19.93 1.5 0 1.5 0 0 1.57075 0 0 0 0 0 0
5 19.93 50 0.00938416 19
6 19.93 -42.3838 1.73024 -0.593418 4.37269
0 19.94 -0.207934 -0.480856 1.28192 -1.01822 -0.069457 0.968445 -3.72375 0.966537 1.3852 -0.292729 0.833918 -2.18303
1 19.94 -0.356884 -0.442195 1.33733 -1.02477 -0.126274 0.89404 -3.19552 0.635671 0.609714 1.34354 0.411233 -0.77158
4 19.94 1.5 0 1.5 0 0 1.57075 0 0 0 0 0 0
5 19.94 50 0.0079124 18
6 19.94 -44.8111 1.6819 -0.537961 4.50578
0 19.95 -0.25373 -0.472352 1.29697 -1.01945 -0.0822878 0.952007 -3.84293 1.02649 1.34621 -0.258896 0.815784 -2.2036
1 19.95 -0.407447 -0.431293 1.35082 -1.02371 -0.140277 0.877787 -3.2989 0.679101 0.558714 1.29846 0.441985 -0.642849
4 19.95 1.5 0 1.5 0 0 1.57075 0 0 0 0 0 0
5 19.95 50 0.0071609 13
6 19.95 -46.3538 1.59547 -0.476188 4.98246
0 19.96 -0.302298 -0.461811 1.31237 -1.02066 -0.100579 0.929434 -3.95802 1.08754 1.305 -0.223241 0.781579 -2.23957
1 19.96 -0.460619 -0.418309 1.36457 -1.02218 -0.1606 0.855576 -3.39413 0.718215 0.502059 1.46372 0.575413 -0.55894
4 19.96 1.5 0 1.5 0 0 1.57075 0 0 0 0 0 0
5 19.96 50 0.00390673 7
6 19.96 -48.3416 1.74435 -0.278008 5.3652
0 19.97 -0.337491 -0.454906 1.32289 -1.02096 -0.116211 0.910915 -4.04337 1.13494 1.26967 -0.196234 0.752077 -2.27141
1 19.97 -0.499226 -0.409508 1.37368 -1.02028 -0.177957 0.837293 -3.47757 0.756977 0.464108 1.19698 0.441382 -0.563347
4 19.97 1.5 0 1.5 0 0 1.57075 0 0 0 0 0 0
5 19.97 50 0.00273466 6
6 19.97 -48.758 1.41913 -0.393438 5.45281
0 19.99 -0.383963 -0.444171 1.3362 -1.01989 -0.148209 0.87442 -4.14482 1.19474 1.22553 -0.159194 0.695126 -2.33702
1 19.99 -0.549755 -0.396381 1.38522 -1.01541 -0.213305 0.80099 -3.58259 0.805208 0.419232 1.05507 0.422828 -0.437092
4 19.99 1.5 0 1.5 0 0 1.57075 0 0 0 0 0 0
5 19.99 50 0.00283313 5
6 19.99 -48.9673 1.22576 -0.343272 6.06538
0 20 -0.442162 -0.430996 1.35148 -1.0186 -0.164807 0.855975 -4.2517 1.25769 1.18314 -0.14737 0.681626 -2.36406
1 20 -0.61223 -0.380688 1.3988 -1.01238 -0.231013 0.782158 -3.68945 0.861303 0.374749 1.03324 0.439037 -0.359644
4 20 1.5 0 1.5 0 0 1.57075 0 0 0 0 0 0
5 20 50 0.00279832 5
6 20 -49.2406 1.18917 -0.307225 6.39897
0 20.01 -0.488125 -0.419605 1.36322 -1.01777 -0.173563 0.846334 -4.33588 1.30988 1.15091 -0.150611 0.673289 -2.38791
1 20.01 -0.66156 -0.367209 1.40925 -1.01098 -0.240696 0.772131 -3.74539 0.889872 0.320423 1.43015 0.649148 -0.206189
4 20.01 1.5 0 1.5 0 0 1.57075 0 0 0 0 0 0
5 20.01 50 0.00265908 6
6 20.01 -51.864 1.6372 -0.0575272 6.96503
0 20.02 -0.539288 -0.407323 1.37548 -1.01537 -0.194677 0.822864 -4.43829 1.37789 1.11483 -0.159447 0.682003 -2.41005
1 20.02 -0.716819 -0.352207 1.42007 -1.00715 -0.262203 0.747426 -3.85658 0.955145 0.287716 1.05491 0.449317 -0.16531
4 20.02 1.5 0 1.5 0 0 1.57075 0 0 0 0 0 0
5 20.02 50 0.00418973 9
6 20.02 -51.4674 1.22429 -0.29884 7.16622
0 20.03 -0.592633 -0.392929 1.38784 -1.01175 -0.215411 0.79862 -4.54513 1.4531 1.08649 -0.111725 0.754546 -2.41209
1 20.03 -0.774438 -0.334804 1.4313 -0.99942 -0.281198 0.720044 -3.9638 1.02097 0.255293 1.0472 0.450318 -0.124092
4 20.03 1.5 0 1.5 0 0 1.57075 0 0 0 0 0 0
5 20.03 50 0.00432205 10
6 20.03 -51.8719 1.14784 -0.3714 7.30435
0 20.05 -0.643818 -0.379738 1.39895 -1.00428 -0.239052 0.767455 -4.65233 1.53244 1.06443 0.122506 0.963484 -2.39026
1 20.05 -0.829911 -0.31844 1.44153 -0.978951 -0.299042 0.681169 -4.04169 1.06451 0.201924 1.40185 0.738986 -0.374909
4 20.05 1.5 0 1.5 0 0 1.57075 0 0 0 0 0 0
5 20.05 50 0.00469565 9
6 20.05 -55.2213 1.24307 -0.233284 6.43413
0 20.06 -0.701442 -0.362947 1.41118 -0.990155 -0.260042 0.732441 -4.76797 1.62172 1.04754 0.47245 1.20484 -2.36201
1 20.06 -0.892161 -0.298079 1.45308 -0.946746 -0.312601 0.637113 -4.17823 1.15331 0.184284 1.33699 0.610522 -0.511916
4 20.06 1.5 0 1.5 0 0 1.57075 0 0 0 0 0 0
5 20.06 50 0.00465822 10
6 20.06 -54.4027 0.734536 -0.589313 5.90706
0 20.07 -0.774444 -0.342097 1.42562 -0.97654 -0.271991 0.707101 -4.89855 1.72306 1.03409 0.767809 1.39614 -2.32777
1 20.07 -0.970386 -0.273175 1.46698 -0.918382 -0.317871 0.604942 -4.21938 1.1692 0.0804311 0.550286 3.69398 -0.993328
4 20.07 1.5 0 1.5 0 0 1.57075 0 0 0 0 0 0
5 20.07 50 0.00481558 11
6 20.07 -63.7425 -0.509252 2.78461 4.26141
0 20.09 -0.849693 -0.318274 1.4403 -0.940422 -0.292213 0.652919 -5.01943 1.82164 1.01574 1.1824 1.57151 -2.30824
1 20.09 -1.05047 -0.245409 1.48093 -0.861478 -0.329745 0.543059 -4.5087 1.38203 0.162539 -0.49276 5.11539 -2.58754
4 20.09 1.5 0 1.5 0 0 1.57075 0 0 0 0 0 0
5 20.09 50 0.00698161 15
6 20.09 -50.0016 -2.1711 4.29235 -0.889546
0 20.1 -0.913728 -0.298951 1.45202 -0.925283 -0.299546 0.632035 -5.11191 1.89819 0.996131 1.23941 1.53528 -2.31652
1 20.1 -1.1182 -0.223024 1.49186 -0.84334 -0.336617 0.52235 -4.52799 1.38598 0.0580955 0.636715 5.14553 -2.37239
4 20.1 1.5 0 1.5 0 0 1.57075 0 0 0 0 0 0
5 20.1 50 0.00890827 18
6 20.1 -58.1404 -0.965304 4.38027 -0.176183
0 20.11 -0.978834 -0.277541 1.46374 -0.89959 -0.311667 0.597999 -5.19567 1.97119 0.97299 1.3049 1.43547 -2.34999
1 20.11 -1.18666 -0.198693 1.50266 -0.814074 -0.349565 0.48934 -4.56432 1.40173 -0.0438901 2.59264 6.21863 -0.827514
4 20.11 1.5 0 1.5 0 0 1.57075 0 0 0 0 0 0
5 20.11 50 0.0082643 17
6 20.11 -64.6138 1.1649 5.74217 4.86264
0 20.13 -1.02851 -0.261982 1.47227 -0.8616 -0.329438 0.550291 -5.25652 2.02809 0.949921 1.36181 1.27613 -2.40486
1 20.13 -1.23878 -0.180859 1.51027 -0.772466 -0.369197 0.443148 -4.37081 1.20344 -0.389318 -7.66993 5.58648 -6.85826
4 20.13 1.5 0 1.5 0 0 1.57075 0 0 0 0 0 0
5 20.13 50 0.00590444 13
6 20.13 -94.1148 -10.3567 5.217 -14.2155
0 20.14 -1.08567 -0.242449 1.48186 -0.838982 -0.339922 0.523189 -5.31807 2.08812 0.923022 1.40202 1.17377 -2.43419
1 20.14 -1.29839 -0.158924 1.51878 -0.747539 -0.380986 0.417128 -4.6765 1.48243 -0.185117 0.827729 1.48471 -0.802314
4 20.14 1.5 0 1.5 0 0 1.57075 0 0 0 0 0 0
5 20.14 50 0.00511765 12
6 20.14 -69.5874 -0.876313 0.639823 5.21163
0 20.15 -1.14512 -0.222613 1.49141 -0.812707 -0.351774 0.492765 -5.37567 2.15061 0.891714 1.43139 1.13823 -2.46161
1 20.15 -1.36015 -0.136589 1.52708 -0.718469 -0.391971 0.385434 -4.77689 1.57845 -0.200512 -0.404844 6.67363 -2.30786
4 20.15 1.5 0 1.5 0 0 1.57075 0 0 0 0 0 0
5 20.15 50 0.0119004 20
6 20.15 -66.4118 -2.28379 6.64314 0.492682
0 20.16 -1.20182 -0.202294 1.50002 -0.796503 -0.358684 0.473999 -5.43313 2.20281 0.857328 1.42111 1.13932 -2.48152
1 20.16 -1.41915 -0.114182 1.53431 -0.701424 -0.397783 0.365083 -4.69896 1.49647 -0.4175 1.80074 2.21541 -0.439892
4 20.16 1.5 0 1.5 0 0 1.57075 0 0 0 0 0 0
5 20.16 50 0.00713825 13
6 20.16 -82.5533 0.193477 1.52713 6.51975
0 20.17 -1.25915 -0.182505 1.50847 -0.770761 -0.369162 0.444194 -5.48315 2.24733 0.831706 1.40619 1.15027 -2.49631
1 20.17 -1.47847 -0.0926112 1.54174 -0.674397 -0.40572 0.333016 -4.79011 1.57416 -0.430441 -0.713038 3.00415 -2.34286
4 20.17 1.5 0 1.5 0 0 1.57075 0 0 0 0 0 0
5 20.17 50 0.00788617 12
6 20.17 -79.6232 -2.60612 2.41815 0.491741
0 20.18 -1.3301 -0.156416 1.51862 -0.739476 -0.380986 0.407762 -5.53938 2.30404 0.804955 1.39638 1.13849 -2.50837
1 20.18 -1.55167 -0.0642542 1.55082 -0.641635 -0.414956 0.294848 -4.81199 1.59027 -0.54787 -1.47711 4.40532 -2.88636
4 20.18 1.5 0 1.5 0 0 1.57075 0 0 0 0 0 0
5 20.18 50 0.00848937 12
6 20.18 -85.7713 -3.44879 4.03863 -1.20492
0 20.2 -1.40835 -0.127812 1.5295 -0.685484 -0.398718 0.343698 -5.59412 2.36646 0.779384 1.31597 1.15558 -2.52156
1 20.2 -1.63212 -0.0331535 1.56068 -0.587625 -0.426787 0.227221 -4.98997 1.76418 -0.481467 -1.2507 2.97877 -2.85918
4 20.2 1.5 0 1.5 0 0 1.57075 0 0 0 0 0 0
5 20.2 50 0.00421333 9
6 20.2 -74.5631 -3.11024 2.36701 -1.07614
0 20.21 -1.46379 -0.106507 1.53702 -0.666598 -0.403903 0.321243 -5.62975 2.40982 0.764682 1.33185 1.17826 -2.52732
1 20.21 -1.68898 -0.0101139 1.56761 -0.566911 -0.429369 0.203147 -5.11919 1.89838 -0.383341 0.941226 1.98397 -0.825154
4 20.21 1.5 0 1.5 0 0 1.57075 0 0 0 0 0 0
5 20.21 50 0.00437665 8
6 20.21 -64.0412 -0.680678 1.2036 5.43594
0 20.22 -1.5318 -0.0809431 1.54612 -0.643995 -0.40942 0.294968 -5.66703 2.46489 0.746657 1.38505 1.18039 -2.5329
1 20.22 -1.75848 0.0176527 1.57598 -0.541133 -0.432492 0.175744 -5.06281 1.85716 -0.570871 -0.0984964 3.2982 -2.17707
4 20.22 1.5 0 1.5 0 0 1.57075 0 0 0 0 0 0
5 20.22 50 0.00400901 9
6 20.22 -77.2401 -1.90453 2.72079 1.13786
0 20.23 -1.58763 -0.0586797 1.55338 -0.614677 -0.415824 0.261721 -5.69502 2.50709 0.734107 1.44727 1.13042 -2.54988
1 20.23 -1.81543 0.0416037 1.58275 -0.508477 -0.437704 0.142127 -5.21003 2.01829 -0.432779 0.818232 2.42176 -0.445532
4 20.23 1.5 0 1.5 0 0 1.57075 0 0 0 0 0 0
5 20.23 50 0.00552201 7
6 20.23 -63.4747 -0.939639 1.78767 6.72
0 20.25 -1.6457 -0.0364245 1.56093 -0.568244 -0.424851 0.210878 -5.71951 2.55033 0.726129 1.56546 1.08335 -2.57179
1 20.25 -1.87448 0.0655888 1.58997 -0.45585 -0.443688 0.0901167 -5.264 2.09366 -0.439545 1.62765 2.27508 -0.680386
4 20.25 1.5 0 1.5 0 0 1.57075 0 0 0 0 0 0
5 20.25 50 0.00542021 7
6 20.25 -61.6772 -0.158341 1.70123 6.04025
0 20.26 -1.71986 -0.00585211 1.57037 -0.539583 -0.429072 0.180572 -5.74802 2.6011 0.723912 1.63364 1.09731 -2.57107
1 20.26 -1.94978 0.098192 1.59933 -0.423555 -0.444254 0.0587463 -5.3002 2.15537 -0.456432 1.47438 2.51622 -0.868435
4 20.26 1.5 0 1.5 0 0 1.57075 0 0 0 0 0 0
5 20.26 50 0.00317669 6
6 20.26 -61.8616 -0.408994 1.97633 5.4377
0 20.27 -1.78177 0.0185787 1.5783 -0.50655 -0.43273 0.146413 -5.772 2.63871 0.727236 1.738 1.10501 -2.56298
1 20.27 -2.01265 0.124127 1.60739 -0.385714 -0.443819 0.0240442 -5.28803 2.16264 -0.55131 0.730632 3.02721 -0.77325
4 20.27 1.5 0 1.5 0 0 1.57075 0 0 0 0 0 0
5 20.27 50 0.00430012 8
6 20.27 -68.3735 -1.35884 2.57484 5.71588
0 20.28 -1.84744 0.0458984 1.58672 -0.46917 -0.434968 0.110323 -5.79611 2.67685 0.738341 2.04422 1.16595 -2.51218
1 20.28 -2.07928 0.152973 1.61625 -0.335957 -0.438805 -0.0117611 -5.32633 2.22408 -0.551671 0.67524 2.83002 -0.94592
4 20.28 1.5 0 1.5 0 0 1.57075 0 0 0 0 0 0
5 20.28 50 0.00709462 14
6 20.28 -67.9682 -1.77138 2.33519 5.00298
0 20.3 -1.91351 0.0727651 1.59535 -0.402769 -0.432865 0.0538841 -5.81712 2.71277 0.758616 2.52207 1.37052 -2.46924
1 20.3 -2.14619 0.181276 1.6257 -0.249968 -0.421146 -0.0698855 -5.43507 2.3644 -0.418772 1.96511 2.17622 -0.45478
4 20.3 1.5 0 1.5 0 0 1.57075 0 0 0 0 0 0
5 20.3 50 0.00457859 7
6 20.3 -57.5726 -0.900028 1.44095 6.43511
0 20.31 -1.97221 0.0977864 1.6032 -0.355703 -0.427146 0.0184696 -5.83486 2.74165 0.782309 3.06527 1.61959 -2.42986
1 20.31 -2.20561 0.207452 1.63449 -0.181353 -0.400265 -0.106423 -5.23223 2.221 -0.912687 1.6212 2.95104 -0.802264
4 20.31 1.5 0 1.5 0 0 1.57075 0 0 0 0 0 0
5 20.31 50 0.00324655 6
6 20.31 -93.5139 -1.93773 2.14538 5.20173
0 20.32 -2.04838 0.12956 1.61376 -0.308855 -0.418557 -0.0136296 -5.86093 2.77146 0.815917 3.40146 1.77107 -2.41077
1 20.32 -2.28282 0.240419 1.6464 -0.122351 -0.380378 -0.137746 -5.22317 2.2566 -1.02582 2.11434 5.87756 0.430811
4 20.32 1.5 0 1.5 0 0 1.57075 0 0 0 0 0 0
5 20.32 50 0.00290918 6
6 20.32 -101.984 -1.78945 5.39161 9.07859
0 20.33 -2.11803 0.159687 1.62372 -0.259362 -0.406975 -0.0439902 -5.8816 2.79391 0.849862 3.94279 1.99745 -2.38556
1 20.33 -2.35329 0.271444 1.65771 -0.0530622 -0.354222 -0.166738 -5.33417 2.39097 -0.852437 3.15313 3.09154 0.108299
4 20.33 1.5 0 1.5 0 0 1.57075 0 0 0 0 0 0
5 20.33 50 0.00237393 4
6 20.33 -90.3905 -1.27338 2.03543 7.97061
0 20.34 -2.18565 0.188142 1.63379 -0.198415 -0.39025 -0.0784257 -5.89541 2.80816 0.886085 4.35827 2.11299 -2.35162
1 20.34 -2.42146 0.300469 1.66924 0.0207036 -0.32593 -0.196157 -5.46252 2.53395 -0.607693 4.11146 2.57724 2.76802
4 20.34 1.5 0 1.5 0 0 1.57075 0 0 0 0 0 0
5 20.34 50 0.00237298 3
6 20.34 -74.4035 -0.682655 1.38273 16.3549
