3 52.2 -10 0 0 0 0 0 0 0 0 0 0 0 0
0 52.2 0.00219225 -0.0380719 1.97399 -0.0128419 0.0256255 1.56805 0.0302921 -0.00599689 0.0170991 -0.00241365 0.00578075 0.00354101
1 52.2 0.00340394 -0.0383118 1.97467 -0.0129349 0.0258586 1.56819 0.026029 0.00256719 -0.0416308 0.574081 -0.0501083 0.0481611
4 52.2 1.5 0 1.5 0 0 1.57075 0 0 0 0 0 0
5 52.2 50 0.000719309 1
6 52.2 20.4457 0.645046 -0.0641221 0.142449
0 52.21 0.00231732 -0.0380549 1.97408 -0.012877 0.0256809 1.56807 0.0302137 -0.00563962 0.0176024 -0.00267217 0.004096 -0.000707521
1 52.21 0.00352587 -0.0382805 1.97479 -0.0129847 0.0258443 1.56804 0.0259397 0.00294099 -0.0412014 0.574829 -0.0528719 0.0424046
4 52.21 1.5 0 1.5 0 0 1.57075 0 0 0 0 0 0
5 52.21 50 0.00104451 1
6 52.21 20.4412 0.64617 -0.0653607 0.137635
0 52.23 0.00234002 -0.037982 1.97409 -0.0125906 0.0256095 1.56807 0.0311957 -0.00601242 0.0130126 0.0438056 -0.0229893 0.00638419
1 52.23 0.00358785 -0.0382225 1.97461 -0.0108315 0.0246932 1.56834 0.0270075 0.00256391 -0.0450186 0.575882 -0.0533949 0.0477873
4 52.23 1.5 0 1.5 0 0 1.57075 0 0 0 0 0 0
5 52.23 50 0.000842571 1
6 52.23 20.4884 0.595332 -0.0349082 0.132178
0 52.24 0.0023171 -0.0379432 1.97402 -0.0113868 0.0251171 1.56816 0.032325 -0.00658087 0.004727 0.156588 -0.0636991 0.010734
1 52.24 0.0036101 -0.0382065 1.97421 -0.00511173 0.0225742 1.56862 0.0285194 0.00187152 -0.051625 0.579171 -0.0532708 0.0519677
4 52.24 1.5 0 1.5 0 0 1.57075 0 0 0 0 0 0
5 52.24 50 0.00150108 1
6 52.24 20.5908 0.472775 0.0118252 0.131627
0 52.26 0.00243091 -0.0379417 1.97381 -0.00538409 0.0229219 1.56838 0.0344922 -0.00765006 -0.0134763 0.426961 -0.141288 0.0180342
1 52.26 0.0038106 -0.0382477 1.97327 0.0117116 0.0172744 1.56913 0.0326775 0.000159948 -0.0654067 0.580318 -0.0543191 0.0539545
4 52.26 1.5 0 1.5 0 0 1.57075 0 0 0 0 0 0
5 52.26 50 0.000723839 1
6 52.26 20.8595 0.171384 0.0991433 0.114607
0 52.27 0.00247005 -0.0379153 1.97339 -0.0015959 0.0217872 1.56861 0.0371512 -0.00898979 -0.0391678 0.546005 -0.155209 0.0350617
1 52.27 0.0039561 -0.0382749 1.97183 0.0202751 0.0155811 1.57002 0.0365984 -0.00121021 -0.074609 0.60069 -0.0484259 0.04519
4 52.27 1.5 0 1.5 0 0 1.57075 0 0 0 0 0 0
5 52.27 50 0.00101638 2
6 52.27 21.8689 0.0607428 0.120926 0.0322382
0 52.28 0.00260389 -0.0379286 1.97284 0.00489004 0.0201468 1.56903 0.0396413 -0.00967999 -0.0641014 0.680926 -0.161387 0.0434162
1 52.28 0.00418954 -0.0383158 1.97028 0.0321614 0.0136829 1.57073 0.0414267 -0.00238107 -0.0941063 0.594774 -0.044358 0.0472248
4 52.28 1.5 0 1.5 0 0 1.57075 0 0 0 0 0 0
5 52.28 50 0.000721931 1
6 52.28 22.2015 -0.0969687 0.131818 0.0120341
0 52.29 0.00266682 -0.0379036 1.97207 0.0136129 0.0182642 1.56951 0.0424586 -0.0109697 -0.0966134 0.743938 -0.149533 0.045583
1 52.29 0.00436517 -0.0383424 1.9682 0.0434023 0.0122586 1.57125 0.0474634 -0.00427371 -0.122082 0.57447 -0.0381653 0.0476499
4 52.29 1.5 0 1.5 0 0 1.57075 0 0 0 0 0 0
5 52.29 50 0.000992775 1
6 52.29 22.4804 -0.190176 0.124962 0.00647203
0 52.31 0.00294858 -0.0379467 1.97028 0.0265766 0.0160938 1.5703 0.0453571 -0.0123379 -0.149609 0.809506 -0.121082 0.0527934
1 52.31 0.00476287 -0.0384402 1.9643 0.0589887 0.0111961 1.57228 0.0554132 -0.00625677 -0.163878 0.552719 -0.0295653 0.0384904
4 52.31 1.5 0 1.5 0 0 1.57075 0 0 0 0 0 0
5 52.31 50 0.000397682 0
6 52.31 22.4804 -0.190176 0.124962 0.00647203
0 52.32 0.00307887 -0.0379154 1.96846 0.0349623 0.015045 1.5708 0.0476893 -0.013345 -0.193375 0.81878 -0.0906446 0.054052
1 52.32 0.00498644 -0.0384492 1.96073 0.0677441 0.0113458 1.57284 0.0610612 -0.00759329 -0.203508 0.526421 -0.0240135 0.0387964
4 52.32 1.5 0 1.5 0 0 1.57075 0 0 0 0 0 0
5 52.32 50 0.000538349 0
6 52.32 22.4804 -0.190176 0.124962 0.00647203
0 52.33 0.00336896 -0.0379468 1.96583 0.044706 0.0143473 1.57148 0.0502039 -0.0145024 -0.246993 0.782401 -0.0389437 0.059386
1 52.33 0.00537712 -0.0385269 1.95595 0.076035 0.0126849 1.57379 0.0675254 -0.0089343 -0.252152 0.492308 -0.0173338 0.0417315
4 52.33 1.5 0 1.5 0 0 1.57075 0 0 0 0 0 0
5 52.33 50 0.000387669 0
6 52.33 22.4804 -0.190176 0.124962 0.00647203
0 52.34 0.00355593 -0.0379181 1.96298 0.0503386 0.0141915 1.57198 0.0527106 -0.0160505 -0.305055 0.742614 -0.0147971 0.0629779
1 52.34 0.00566435 -0.0385601 1.95078 0.0800785 0.0134736 1.57447 0.0723575 -0.0104914 -0.3074 0.461318 -0.0150657 0.0548278
4 52.34 1.5 0 1.5 0 0 1.57075 0 0 0 0 0 0
5 52.34 50 0.0106254 20
6 52.34 23.9236 -0.31482 -0.00418734 -0.0260317
0 52.36 0.00402071 -0.0379997 1.95803 0.0644012 0.0142802 1.57306 0.0564929 -0.0183737 -0.387799 0.662444 0.0169498 0.0467993
1 52.36 0.00628043 -0.0387347 1.94251 0.0909263 0.0148363 1.57498 0.0821451 -0.0126327 -0.382272 0.410511 -0.0119988 0.0448815
4 52.36 1.5 0 1.5 0 0 1.57075 0 0 0 0 0 0
5 52.36 50 0.00756145 20
6 52.36 24.4262 -0.281825 -0.0357848 -0.00610996
0 52.37 0.00429536 -0.0379783 1.95329 0.070425 0.0144886 1.5735 0.0601311 -0.0207054 -0.475188 0.608657 0.0249905 0.0443562
1 52.37 0.0067006 -0.0388065 1.93429 0.094798 0.0153609 1.57534 0.0887419 -0.0147485 -0.461817 0.381164 -0.0112948 0.0438797
4 52.37 1.5 0 1.5 0 0 1.57075 0 0 0 0 0 0
5 52.37 50 0.00986481 20
6 52.37 24.9178 -0.254453 -0.0438702 -0.00150385
0 52.38 0.00472026 -0.0380612 1.94777 0.0775946 0.014804 1.57416 0.0633613 -0.0224272 -0.555788 0.534633 0.0273004 0.0482363
1 52.38 0.00725471 -0.0389583 1.92554 0.0990096 0.0157432 1.57616 0.0954581 -0.0162043 -0.535149 0.34866 -0.011567 0.0467293
4 52.38 1.5 0 1.5 0 0 1.57075 0 0 0 0 0 0
5 52.38 50 0.00854683 20
6 52.38 25.3778 -0.207979 -0.0467325 -0.00479463
0 52.4 0.0051056 -0.0380183 1.93968 0.0869792 0.0153498 1.57516 0.0670684 -0.0247734 -0.656572 0.445536 0.0376754 0.0530986
1 52.4 0.00778834 -0.0390093 1.91342 0.104835 0.0166666 1.57741 0.103854 -0.0181326 -0.62684 0.307671 -0.0117341 0.0504412
4 52.4 1.5 0 1.5 0 0 1.57075 0 0 0 0 0 0
5 52.4 50 0.00798535 20
6 52.4 25.9568 -0.154094 -0.0586509 -0.00846476
0 52.41 0.00559743 -0.0380996 1.93178 0.0902396 0.0156404 1.57552 0.0705148 -0.026894 -0.74165 0.41515 0.0431538 0.0507121
1 52.41 0.00841802 -0.0391754 1.90211 0.10688 0.0171767 1.57769 0.109381 -0.0199871 -0.704213 0.287743 -0.0115248 0.0495388
4 52.41 1.5 0 1.5 0 0 1.57075 0 0 0 0 0 0
5 52.41 50 0.00763297 20
6 52.41 26.4383 -0.142377 -0.0644803 -0.00372527
0 52.43 0.00605191 -0.0380471 1.92071 0.0977202 0.0166271 1.57653 0.0749438 -0.0288315 -0.849255 0.357021 0.0626662 0.0449584
1 52.43 0.00904966 -0.0392004 1.88674 0.112035 0.0189463 1.57857 0.118002 -0.0212745 -0.802061 0.253256 -0.0121419 0.0467828
4 52.43 1.5 0 1.5 0 0 1.57075 0 0 0 0 0 0
5 52.43 50 0.00712657 20
6 52.43 27.0579 -0.115872 -0.0871604 0.00584966
0 52.44 0.00649131 -0.0381026 1.91238 0.102463 0.0175098 1.57715 0.0779104 -0.0301903 -0.922539 0.319073 0.0680425 0.0467494
1 52.44 0.00960772 -0.0393102 1.87548 0.115263 0.020026 1.57929 0.123751 -0.0220842 -0.868693 0.23093 -0.0137153 0.0487037
4 52.44 1.5 0 1.5 0 0 1.57075 0 0 0 0 0 0
5 52.44 50 0.00757837 20
6 52.44 27.4809 -0.098363 -0.0950398 0.00626367
0 52.45 0.00688302 -0.0380353 1.90123 0.105492 0.0181132 1.57766 0.0817444 -0.0321929 -1.02169 0.303301 0.0633311 0.0434923
1 52.45 0.0101528 -0.039323 1.86037 0.117661 0.0204492 1.57965 0.129903 -0.0236146 -0.958794 0.212076 -0.0155663 0.0471536
4 52.45 1.5 0 1.5 0 0 1.57075 0 0 0 0 0 0
5 52.45 50 0.00858164 20
6 52.45 28.0472 -0.101848 -0.091615 0.0117106
0 52.46 0.00747774 -0.0381283 1.88912 0.107752 0.0185514 1.57809 0.0855436 -0.0344032 -1.11559 0.291886 0.0610251 0.0473801
1 52.46 0.0108995 -0.0395044 1.8445 0.119468 0.0207745 1.58024 0.135676 -0.0254292 -1.04402 0.196066 -0.016406 0.0503873
4 52.46 1.5 0 1.5 0 0 1.57075 0 0 0 0 0 0
5 52.46 50 0.00856209 20
6 52.46 28.5887 -0.106977 -0.0899856 0.00962072
0 52.48 0.0078008 -0.0380518 1.87843 0.11323 0.0195237 1.57916 0.0889887 -0.0364353 -1.20752 0.266233 0.0474844 0.0480072
1 52.48 0.0113603 -0.0395092 1.83013 0.12392 0.021194 1.58128 0.142311 -0.0268214 -1.13041 0.173904 -0.0189339 0.0278126
4 52.48 1.5 0 1.5 0 0 1.57075 0 0 0 0 0 0
5 52.48 50 0.000469208 0
6 52.48 28.5887 -0.106977 -0.0899856 0.00962072
0 52.49 0.00854044 -0.0381923 1.86265 0.116484 0.020004 1.57988 0.0937825 -0.0388388 -1.31875 0.258232 0.0423002 0.0539997
1 52.49 0.0122917 -0.0397458 1.8099 0.126861 0.0214335 1.58222 0.150615 -0.0285913 -1.22478 0.150643 -0.0225575 0.0823626
4 52.49 1.5 0 1.5 0 0 1.57075 0 0 0 0 0 0
5 52.49 50 0.000831366 1
6 52.49 29.9994 -0.120195 -0.0755693 0.0905607
0 52.5 0.0089755 -0.0380919 1.84733 0.118322 0.020265 1.58036 0.0964629 -0.0407153 -1.41401 0.249611 0.0431827 0.0594744
1 52.5 0.012834 -0.0397205 1.79077 0.128359 0.0216994 1.58293 0.156806 -0.0298345 -1.29805 0.133122 -0.0259794 0.166928
4 52.5 1.5 0 1.5 0 0 1.57075 0 0 0 0 0 0
5 52.5 50 0.000806332 1
6 52.5 31.3624 -0.130131 -0.0805827 0.343059
0 52.51 0.00966044 -0.0381858 1.8304 0.12129 0.0207223 1.58116 0.100053 -0.0429424 -1.5074 0.233417 0.0386918 0.0575492
1 52.51 0.0136625 -0.0399035 1.7701 0.130678 0.0219801 1.58363 0.165963 -0.0310337 -1.35819 0.112299 -0.0374528 0.238345
4 52.51 1.5 0 1.5 0 0 1.57075 0 0 0 0 0 0
5 52.51 50 0.00128245 2
6 52.51 33.4265 -0.135338 -0.0884766 0.577202
0 52.52 0.0100965 -0.0380706 1.81447 0.123421 0.0209492 1.58173 0.103292 -0.044459 -1.58088 0.204941 0.024782 0.055466
1 52.52 0.0142282 -0.039849 1.75124 0.131667 0.0216598 1.58406 0.175966 -0.0313682 -1.38646 0.0950348 -0.0290788 0.476427
4 52.52 1.5 0 1.5 0 0 1.57075 0 0 0 0 0 0
5 52.52 50 0.000900745 1
6 52.52 36.2265 -0.122862 -0.0627385 1.34392
0 52.54 0.0109067 -0.0381451 1.79375 0.126679 0.0211628 1.58286 0.109347 -0.0464712 -1.65918 0.17817 0.0202358 0.0749225
1 52.54 0.0152806 -0.0400039 1.72738 0.133871 0.0215871 1.58594 0.186053 -0.032773 -1.44819 0.0791892 -0.036257 0.496035
4 52.54 1.5 0 1.5 0 0 1.57075 0 0 0 0 0 0
5 52.54 50 0.000953436 1
6 52.54 37.2648 -0.110626 -0.0659227 1.34441
0 52.55 0.0117548 -0.0380794 1.76985 0.1282 0.0212149 1.58374 0.120563 -0.0482613 -1.72007 0.161089 0.0152308 0.0920376
1 52.55 0.0165773 -0.0400098 1.70105 0.134722 0.0213485 1.58747 0.2001 -0.0341128 -1.49423 0.0665819 -0.031634 0.509725
4 52.55 1.5 0 1.5 0 0 1.57075 0 0 0 0 0 0
5 52.55 50 0.000907183 1
6 52.55 38.1891 -0.10563 -0.0549987 1.33347
0 52.56 0.012555 -0.0381714 1.75325 0.129589 0.0211267 1.5848 0.130364 -0.0492253 -1.74583 0.136802 -0.00191555 0.117563
1 52.56 0.0177695 -0.0401404 1.68342 0.13516 0.0204431 1.58945 0.212644 -0.0347022 -1.5055 0.0582421 -0.0398433 0.481438
4 52.56 1.5 0 1.5 0 0 1.57075 0 0 0 0 0 0
5 52.56 50 0.00145531 2
6 52.56 39.0912 -0.0879196 -0.0448493 1.16167
0 52.57 0.0135292 -0.0380409 1.72957 0.130989 0.0205148 1.58662 0.145005 -0.0496978 -1.75843 0.108453 -0.0456224 0.172038
1 52.57 0.0193294 -0.0400288 1.65923 0.135462 0.0178067 1.59321 0.231242 -0.0348688 -1.49468 0.0508935 -0.0467215 0.408342
4 52.57 1.5 0 1.5 0 0 1.57075 0 0 0 0 0 0
5 52.57 50 0.00180864 2
6 52.57 40.5447 -0.0650454 -0.00280859 0.754394
0 52.59 0.0151938 -0.0381655 1.70261 0.132539 0.0186057 1.59013 0.16458 -0.0497481 -1.75259 0.082516 -0.0951344 0.226836
1 52.59 0.021777 -0.0401554 1.63251 0.135998 0.0136347 1.59862 0.252514 -0.0357395 -1.48364 0.0360322 -0.0360873 0.381273
4 52.59 1.5 0 1.5 0 0 1.57075 0 0 0 0 0 0
5 52.59 50 0.00133157 2
6 52.59 40.8734 -0.0537765 0.0661936 0.493033
0 52.6 0.0162901 -0.038002 1.68252 0.133215 0.0172524 1.59244 0.182848 -0.0489832 -1.73692 0.067513 -0.113176 0.257829
1 52.6 0.023604 -0.0399614 1.61304 0.136082 0.0113957 1.60206 0.271496 -0.0356151 -1.46591 0.034554 -0.0223352 0.366203
4 52.6 1.5 0 1.5 0 0 1.57075 0 0 0 0 0 0
5 52.6 50 0.00158072 2
6 52.6 41.0033 -0.0392652 0.10278 0.345977
0 52.61 0.017885 -0.0380574 1.66261 0.133782 0.0151049 1.59592 0.200397 -0.0487121 -1.72489 0.0352895 -0.139976 0.306165
1 52.61 0.0259009 -0.0400059 1.59361 0.135365 0.0079224 1.60732 0.289975 -0.0363727 -1.44969 0.0186798 -0.0110203 0.343332
4 52.61 1.5 0 1.5 0 0 1.57075 0 0 0 0 0 0
5 52.61 50 0.00260139 2
6 52.61 41.2638 -0.0220906 0.147058 0.11865
0 52.63 0.0191509 -0.037891 1.64434 0.133886 0.0118304 1.60147 0.215835 -0.0485453 -1.7246 -0.0209536 -0.146062 0.358366
1 52.63 0.0277843 -0.0398328 1.57536 0.133207 0.00412675 1.6149 0.30649 -0.0377723 -1.44185 0.00625697 0.00421767 0.317927
4 52.63 1.5 0 1.5 0 0 1.57075 0 0 0 0 0 0
5 52.63 50 0.00153422 3
6 52.63 41.7291 0.026164 0.173042 -0.129097
0 52.64 0.0214719 -0.0380012 1.62079 0.133561 0.00989302 1.6052 0.232051 -0.0489356 -1.74901 -0.0528368 -0.129227 0.374611
1 52.64 0.0307539 -0.0399586 1.55083 0.131588 0.0027746 1.61937 0.326035 -0.0387549 -1.43976 -0.00202553 0.0122449 0.307205
4 52.64 1.5 0 1.5 0 0 1.57075 0 0 0 0 0 0
5 52.64 50 0.00157642 3
6 52.64 43.3642 0.0528929 0.163955 -0.215186
0 52.66 0.0234635 -0.0378093 1.5977 0.132811 0.00727885 1.61239 0.245673 -0.0486344 -1.78762 -0.0400824 -0.0559508 0.388338
1 52.66 0.0332904 -0.0397547 1.5262 0.131318 0.00300356 1.62749 0.346048 -0.0389661 -1.42637 0.00411503 -0.00220874 0.228532
4 52.66 1.5 0 1.5 0 0 1.57075 0 0 0 0 0 0
5 52.66 50 0.00115156 2
6 52.66 46.5729 0.0476754 0.0629506 -0.510177
0 52.67 0.0252044 -0.0378232 1.58077 0.132721 0.00658181 1.61626 0.254943 -0.0486771 -1.82098 -0.00559836 -0.00790794 0.387369
1 52.67 0.0354021 -0.0397703 1.50793 0.132598 0.00421782 1.63157 0.357331 -0.0389499 -1.44397 0.0105386 0.00463359 0.243468
4 52.67 1.5 0 1.5 0 0 1.57075 0 0 0 0 0 0
5 52.67 50 0.00119185 2
6 52.67 47.546 0.0178052 0.014569 -0.459406
0 52.68 0.0271579 -0.0376086 1.55955 0.133014 0.00647133 1.61924 0.263747 -0.0489497 -1.86211 0.0455035 0.0506759 0.372923
1 52.68 0.0377078 -0.0395666 1.48507 0.134932 0.00650215 1.6343 0.369026 -0.0387298 -1.46494 0.0121907 0.0047261 0.263328
4 52.68 1.5 0 1.5 0 0 1.57075 0 0 0 0 0 0
5 52.68 50 0.0012455 2
6 52.68 48.7935 -0.0357279 -0.0541267 -0.349878
0 52.69 0.0293265 -0.0375684 1.53885 0.133857 0.0067165 1.62374 0.272256 -0.0494258 -1.90379 0.07217 0.074224 0.36042
1 52.69 0.0402167 -0.0395454 1.4627 0.136843 0.00773486 1.63843 0.380686 -0.0382419 -1.48774 -0.0112316 0.00548725 0.273437
4 52.69 1.5 0 1.5 0 0 1.57075 0 0 0 0 0 0
5 52.69 50 0.00116515 2
6 52.69 49.9655 -0.0911302 -0.0810207 -0.277685
0 52.7 0.0317127 -0.0373704 1.51451 0.13479 0.00714019 1.62763 0.280719 -0.049175 -1.94987 0.0927095 0.0898711 0.342262
1 52.7 0.0429415 -0.0393374 1.43652 0.138599 0.00886267 1.64168 0.394593 -0.0366635 -1.49871 -0.0211902 0.0259991 0.329395
4 52.7 1.5 0 1.5 0 0 1.57075 0 0 0 0 0 0
5 52.7 50 0.00299859 4
6 52.7 52.1423 -0.124927 -0.0759138 -0.0410666
0 52.71 0.033986 -0.0373698 1.49393 0.135818 0.00767706 1.63109 0.28787 -0.049329 -1.99147 0.101603 0.0971458 0.31844
1 52.71 0.0455008 -0.039343 1.41427 0.139983 0.00980242 1.64424 0.406327 -0.0354764 -1.51256 -0.022397 0.0362071 0.372136
4 52.71 1.5 0 1.5 0 0 1.57075 0 0 0 0 0 0
5 52.71 50 0.00173187 3
6 52.71 53.8654 -0.136214 -0.0725999 0.171436
0 52.73 0.0370308 -0.0371807 1.46431 0.137544 0.00864433 1.63622 0.297211 -0.0498513 -2.05907 0.0995843 0.096277 0.299241
1 52.73 0.0489193 -0.0391747 1.38195 0.141634 0.0108179 1.64861 0.454333 -0.029662 -1.30927 0.0253531 0.172295 1.01196
4 52.73 1.5 0 1.5 0 0 1.57075 0 0 0 0 0 0
5 52.73 50 0.00167108 2
6 52.73 70.629 -0.080701 0.0847449 2.27538
0 52.74 0.0395482 -0.0372178 1.44218 0.13871 0.00933962 1.64009 0.303841 -0.0509579 -2.11068 0.0816979 0.0925143 0.287558
1 52.74 0.0517019 -0.0392562 1.35776 0.142089 0.0114143 1.65199 0.466299 -0.0287115 -1.33121 0.0100263 0.160398 0.972904
4 52.74 1.5 0 1.5 0 0 1.57075 0 0 0 0 0 0
5 52.74 50 0.00135851 2
6 52.74 72.4763 -0.0780176 0.0759359 2.18798
0 52.75 0.0417491 -0.0370121 1.42005 0.139352 0.00990943 1.64308 0.31098 -0.0515875 -2.16541 0.0498825 0.0993677 0.288052
1 52.75 0.0541883 -0.0390756 1.33344 0.141466 0.0122452 1.65504 0.479003 -0.0274266 -1.35063 -0.0677406 0.0939585 0.787784
4 52.75 1.5 0 1.5 0 0 1.57075 0 0 0 0 0 0
5 52.75 50 0.00169563 4
6 52.75 74.6674 -0.129268 -0.00739781 1.5954
0 52.76 0.0439819 -0.0370101 1.40015 0.139696 0.0105134 1.64611 0.318252 -0.0523855 -2.20665 0.0306147 0.103274 0.301484
1 52.76 0.056712 -0.0391055 1.31188 0.141052 0.012925 1.65863 0.490101 -0.0264234 -1.36654 -0.0808578 -0.00378871 0.756893
4 52.76 1.5 0 1.5 0 0 1.57075 0 0 0 0 0 0
5 52.76 50 0.00263715 4
6 52.76 76.2382 -0.12218 -0.123601 1.4539
0 52.77 0.0465532 -0.0367825 1.3749 0.139715 0.0110364 1.64959 0.327641 -0.0528262 -2.23796 -0.00294027 0.0921767 0.336552
1 52.77 0.0596588 -0.0388955 1.28539 0.13975 0.0128128 1.66344 0.501667 -0.0252577 -1.38138 -0.00197244 0.108548 0.791996
4 52.77 1.5 0 1.5 0 0 1.57075 0 0 0 0 0 0
5 52.77 50 0.000835657 1
6 52.77 77.2576 0.00362075 0.0188658 1.454
0 52.78 0.0499253 -0.0367728 1.34607 0.139432 0.0113238 1.6541 0.341025 -0.053195 -2.25512 -0.0250839 0.0684185 0.376965
1 52.78 0.0635663 -0.0389006 1.25586 0.138602 0.0119384 1.66942 0.517233 -0.0240679 -1.37913 0.00505654 0.215156 1.04689
4 52.78 1.5 0 1.5 0 0 1.57075 0 0 0 0 0 0
5 52.78 50 0.00131416 1
6 52.78 78.4552 0.0358343 0.16914 2.13874
0 52.79 0.0531147 -0.0365306 1.31718 0.139109 0.0112637 1.65719 0.356162 -0.0526486 -2.25556 -0.0434726 0.0440889 0.412756
1 52.79 0.0673611 -0.0386366 1.22696 0.137557 0.0107209 1.67378 0.534182 -0.0227014 -1.36288 0.0152244 0.218713 0.957681
4 52.79 1.5 0 1.5 0 0 1.57075 0 0 0 0 0 0
5 52.79 50 0.00077486 1
6 52.79 79.484 0.0671652 0.201838 1.73967
0 52.8 0.0561127 -0.0365052 1.29355 0.138426 0.010835 1.6618 0.370027 -0.0522535 -2.24692 -0.07603 0.0091009 0.472724
1 52.8 0.0709138 -0.0385953 1.20367 0.135588 0.00858645 1.68057 0.548253 -0.0219139 -1.3456 -0.0589399 0.259674 0.800269
4 52.8 1.5 0 1.5 0 0 1.57075 0 0 0 0 0 0
5 52.8 50 0.00097537 1
6 52.8 80.0098 0.0194742 0.29047 1.04569
0 52.81 0.0593944 -0.0362567 1.26656 0.137353 0.00980176 1.66779 0.387635 -0.0517469 -2.22553 -0.0889652 -0.0317969 0.50336
1 52.81 0.0748998 -0.0383266 1.17754 0.133988 0.00578503 1.68756 0.565644 -0.0215958 -1.31509 -0.0103896 0.297704 0.632914
4 52.81 1.5 0 1.5 0 0 1.57075 0 0 0 0 0 0
5 52.81 50 0.000777006 1
6 52.81 80.5616 0.0866095 0.381758 0.413606
0 52.83 0.0633283 -0.0362485 1.23945 0.135653 0.007735 1.67579 0.406114 -0.0505808 -2.19877 -0.125442 -0.0759503 0.557882
1 52.83 0.0795729 -0.0382718 1.15149 0.130803 0.00170704 1.69749 0.582565 -0.0218148 -1.28348 -0.0627813 0.342155 0.396039
4 52.83 1.5 0 1.5 0 0 1.57075 0 0 0 0 0 0
5 52.83 50 0.000683784 1
6 52.83 80.8412 0.0666451 0.485506 -0.516674
0 52.84 0.0676446 -0.0359322 1.2087 0.133227 0.00540259 1.68434 0.423293 -0.0494405 -2.17983 -0.196744 -0.0801362 0.61583
1 52.84 0.0845763 -0.0379098 1.1215 0.125487 -0.00104655 1.70833 0.597471 -0.0224333 -1.25815 -0.040104 0.386223 0.243309
4 52.84 1.5 0 1.5 0 0 1.57075 0 0 0 0 0 0
5 52.84 50 0.000860453 1
6 52.84 81.2083 0.171228 0.545114 -1.18926
0 52.85 0.0724173 -0.0358701 1.17904 0.131542 0.00427573 1.68901 0.43936 -0.0487124 -2.17327 -0.249115 -0.0593885 0.644073
1 52.85 0.0899917 -0.0378186 1.09211 0.121686 -0.00145844 1.71424 0.612878 -0.0223951 -1.23989 -0.0614923 0.401335 0.224596
4 52.85 1.5 0 1.5 0 0 1.57075 0 0 0 0 0 0
5 52.85 50 0.000973225 1
6 52.85 81.9124 0.206803 0.541907 -1.33916
0 52.86 0.0753082 -0.0355896 1.1593 0.128807 0.00307512 1.69555 0.451138 -0.0478515 -2.16608 -0.293524 -0.026841 0.662215
1 52.86 0.0933537 -0.0375036 1.07266 0.117147 -0.00139213 1.72168 0.62187 -0.0223116 -1.22605 -0.00105098 0.387003 0.236489
4 52.86 1.5 0 1.5 0 0 1.57075 0 0 0 0 0 0
5 52.86 50 0.000957966 1
6 52.86 82.2933 0.325796 0.490935 -1.35912
0 52.87 0.0787486 -0.0354851 1.13891 0.12564 0.00230949 1.70233 0.463677 -0.047198 -2.1533 -0.316296 0.0328382 0.653567
1 52.87 0.0972956 -0.037373 1.05277 0.113048 0.000336736 1.72843 0.631077 -0.0219302 -1.20555 -0.0535594 0.411931 0.32256
4 52.87 1.5 0 1.5 0 0 1.57075 0 0 0 0 0 0
5 52.87 50 0.000864506 1
6 52.87 82.7363 0.295733 0.452088 -1.05675
0 52.89 0.0832913 -0.035175 1.11193 0.118075 0.0015233 1.71618 0.479514 -0.0462776 -2.12869 -0.358114 0.0243528 0.589726
1 52.89 0.102472 -0.0370261 1.02679 0.103786 -0.000288173 1.73972 0.637556 -0.0210614 -1.17209 -0.019753 0.404461 0.30352
4 52.89 1.5 0 1.5 0 0 1.57075 0 0 0 0 0 0
5 52.89 50 0.00101614 1
6 52.89 83.2059 0.37977 0.453624 -0.913722
0 52.9 0.0885024 -0.0350696 1.08451 0.115276 0.00111252 1.72034 0.492807 -0.0437101 -2.09972 -0.369515 0.00304942 0.545265
1 52.9 0.108215 -0.036818 1.00052 0.10052 -0.00127499 1.74202 0.648028 -0.0187962 -1.13449 -0.00360032 0.388708 0.247442
4 52.9 1.5 0 1.5 0 0 1.57075 0 0 0 0 0 0
5 52.9 50 0.0006845 1
6 52.9 83.7108 0.409561 0.459187 -0.950801
0 52.91 0.093301 -0.0347023 1.05837 0.112499 0.000749545 1.72421 0.505261 -0.0413108 -2.07451 -0.363152 0.00980094 0.512597
1 52.91 0.113511 -0.0363547 0.975391 0.0979882 -0.0011627 1.74463 0.657873 -0.0166748 -1.09862 -0.0583934 0.414756 0.230382
4 52.91 1.5 0 1.5 0 0 1.57075 0 0 0 0 0 0
5 52.91 50 0.000907183 1
6 52.91 84.3408 0.341407 0.480054 -0.900976
0 52.92 0.0984452 -0.0345398 1.03334 0.108396 0.00068515 1.73031 0.518053 -0.038966 -2.05309 -0.28702 0.0781284 0.458258
1 52.92 0.119167 -0.0360985 0.951216 0.0969281 0.0018089 1.74887 0.666854 -0.0140651 -1.05914 -0.0493499 0.396646 0.346001
4 52.92 1.5 0 1.5 0 0 1.57075 0 0 0 0 0 0
5 52.92 50 0.000813723 1
6 52.92 85.4153 0.268859 0.376352 -0.358406
0 52.93 0.102985 -0.0341903 1.01058 0.106153 0.00150619 1.73473 0.529471 -0.0364836 -2.03657 -0.204936 0.147284 0.426465
1 52.93 0.124164 -0.0356497 0.929116 0.0979819 0.00555699 1.75232 0.676758 -0.00997514 -1.02462 -0.0217377 0.371228 0.483897
4 52.93 1.5 0 1.5 0 0 1.57075 0 0 0 0 0 0
5 52.93 50 0.000814199 1
6 52.93 86.5037 0.210121 0.264185 0.183319
0 52.94 0.107511 -0.034014 0.989925 0.105048 0.00340797 1.73891 0.539668 -0.0342277 -2.02756 -0.0629644 0.275764 0.377465
1 52.94 0.129098 -0.0353831 0.908822 0.102584 0.0127946 1.75508 0.687404 -0.00421525 -0.990905 -0.0238563 0.335366 0.784521
4 52.94 1.5 0 1.5 0 0 1.57075 0 0 0 0 0 0
5 52.94 50 0.000843525 1
6 52.94 88.0155 0.0522738 0.0703542 1.2995
0 52.95 0.111941 -0.0336748 0.969092 0.105307 0.00666593 1.74303 0.549153 -0.0320718 -2.0272 0.056502 0.388561 0.345706
1 52.95 0.133907 -0.0349577 0.888004 0.10767 0.0206688 1.75841 0.697694 0.00352618 -0.977361 0.0463967 0.786566 0.827258
4 52.95 1.5 0 1.5 0 0 1.57075 0 0 0 0 0 0
5 52.95 50 0.00250268 6
6 52.95 88.8311 -0.000317914 0.45502 1.53738
0 52.97 0.118943 -0.0334569 0.939519 0.108189 0.0164157 1.75141 0.562439 -0.0291526 -2.02558 0.146901 0.530453 0.333217
1 52.97 0.141441 -0.034623 0.858496 0.11432 0.0360706 1.76696 0.71573 0.0234584 -0.942776 0.185849 0.570748 0.858655
4 52.97 1.5 0 1.5 0 0 1.57075 0 0 0 0 0 0
5 52.97 50 0.00260878 6
6 52.97 90.8999 0.0580383 0.0421722 1.67755
0 52.98 0.125758 -0.0329547 0.91003 0.109765 0.0215056 1.75548 0.575489 -0.0258619 -2.01516 0.15062 0.550703 0.351022
1 52.98 0.148777 -0.0339892 0.829424 0.116142 0.041863 1.77185 0.731054 0.0358 -0.917621 0.0206308 0.552207 0.750724
4 52.98 1.5 0 1.5 0 0 1.57075 0 0 0 0 0 0
5 52.98 50 0.0027864 6
6 52.98 91.8326 -0.129632 -0.00265996 1.27615
0 53 0.133723 -0.032639 0.878749 0.112044 0.0289832 1.76204 0.591076 -0.0213157 -1.98975 0.138643 0.539 0.394517
1 53 0.157366 -0.0334916 0.799159 0.118114 0.0486436 1.78014 0.748612 0.0534899 -0.8818 -0.0332916 0.420242 0.733727
4 53 1.5 0 1.5 0 0 1.57075 0 0 0 0 0 0
5 53 50 0.00324345 6
6 53 92.515 -0.174983 -0.14079 1.08301
0 53.01 0.139139 -0.0321112 0.856234 0.113856 0.0350865 1.76848 0.601831 -0.0176813 -1.96759 0.112956 0.502324 0.462525
1 53.01 0.163212 -0.0328184 0.77753 0.1191 0.0529475 1.78916 0.760454 0.0680179 -0.853575 -0.0543635 0.383416 0.707311
4 53.01 1.5 0 1.5 0 0 1.57075 0 0 0 0 0 0
5 53.01 50 0.00310707 5
6 53.01 92.9261 -0.168208 -0.140759 0.781542
0 53.02 0.146221 -0.0316506 0.829606 0.114927 0.0390123 1.77354 0.615872 -0.0126597 -1.93316 0.0933596 0.480247 0.50019
1 53.02 0.170856 -0.032157 0.75228 0.119523 0.0558011 1.79563 0.775085 0.0803197 -0.813546 -0.0562684 0.311133 0.665897
4 53.02 1.5 0 1.5 0 0 1.57075 0 0 0 0 0 0
5 53.02 50 0.00303364 5
6 53.02 93.2969 -0.147769 -0.197902 0.52907
0 53.03 0.151037 -0.0311286 0.810785 0.115874 0.0430049 1.77947 0.626531 -0.00800899 -1.90079 0.0594217 0.447168 0.546888
1 53.03 0.176098 -0.031449 0.734753 0.119275 0.0582426 1.80329 0.785268 0.092062 -0.782288 -0.101815 0.329992 0.589186
4 53.03 1.5 0 1.5 0 0 1.57075 0 0 0 0 0 0
5 53.03 50 0.00272942 5
6 53.03 93.2537 -0.160403 -0.137135 0.135068
0 53.04 0.157686 -0.0306248 0.787708 0.116527 0.0468573 1.78616 0.639741 -0.00178579 -1.86024 0.0239556 0.422721 0.591506
1 53.04 0.183276 -0.0306963 0.713299 0.118679 0.0609007 1.81166 0.797438 0.105177 -0.742966 -0.0923375 0.268264 0.930907
4 53.04 1.5 0 1.5 0 0 1.57075 0 0 0 0 0 0
5 53.04 50 0.00175929 3
6 53.04 93.2012 -0.109666 -0.178387 1.08355
0 53.05 0.162861 -0.0300039 0.769053 0.116857 0.0501913 1.79284 0.649514 0.00331839 -1.83302 -0.0149632 0.406445 0.640744
1 53.05 0.188841 -0.0298712 0.695733 0.117632 0.06335 1.82022 0.805999 0.116439 -0.714826 -0.0708451 0.367125 0.797044
4 53.05 1.5 0 1.5 0 0 1.57075 0 0 0 0 0 0
5 53.05 50 0.00146317 3
6 53.05 93.2765 -0.0412218 -0.0443176 0.498981
0 53.06 0.169752 -0.0293821 0.746692 0.116903 0.0531314 1.79934 0.660407 0.00973522 -1.80978 -0.0436513 0.398755 0.659802
1 53.06 0.196168 -0.0289927 0.6743 0.11665 0.0658945 1.82745 0.815435 0.128381 -0.689668 -0.0803263 0.0515105 2.24179
4 53.06 1.5 0 1.5 0 0 1.57075 0 0 0 0 0 0
5 53.06 50 0.000935316 1
6 53.06 93.4098 -0.0195126 -0.396012 5.05047
0 53.07 0.175889 -0.0285484 0.726292 0.116631 0.0562733 1.80646 0.669494 0.0152373 -1.79386 -0.0831477 0.395443 0.680549
1 53.07 0.202669 -0.0279389 0.654538 0.114932 0.0688158 1.83538 0.82256 0.139833 -0.670043 -0.0873859 0.0264796 2.26407
4 53.07 1.5 0 1.5 0 0 1.57075 0 0 0 0 0 0
5 53.07 50 0.000718594 1
6 53.07 93.6517 0.0172736 -0.418626 5.05536
0 53.09 0.18415 -0.027644 0.70109 0.114872 0.0619783 1.8218 0.68088 0.0228472 -1.77357 -0.165063 0.357554 0.752143
1 53.09 0.211385 -0.0267301 0.630148 0.110226 0.0727378 1.85339 0.827474 0.157693 -0.647881 -0.0942378 0.0127938 2.23192
4 53.09 1.5 0 1.5 0 0 1.57075 0 0 0 0 0 0
5 53.09 50 0.000849485 1
6 53.09 93.78 0.101248 -0.385253 4.72413
0 53.1 0.191219 -0.0265531 0.67889 0.113364 0.0644987 1.83017 0.688568 0.0331295 -1.74801 -0.206816 0.330774 0.794902
1 53.1 0.218761 -0.0252279 0.608969 0.107229 0.0740479 1.86332 0.831061 0.172551 -0.619812 -0.100526 0.00592445 2.11328
4 53.1 1.5 0 1.5 0 0 1.57075 0 0 0 0 0 0
5 53.1 50 0.000824451 1
6 53.1 93.9339 0.140438 -0.359071 4.20884
0 53.11 0.200153 -0.0253763 0.653524 0.111681 0.0666375 1.83848 0.69841 0.0456484 -1.71017 -0.226115 0.303214 0.821716
1 53.11 0.228089 -0.0235504 0.585117 0.104907 0.0750273 1.87257 0.836634 0.188968 -0.579314 -0.117674 -0.0632484 1.99611
4 53.11 1.5 0 1.5 0 0 1.57075 0 0 0 0 0 0
5 53.11 50 0.000807285 1
6 53.11 94.0929 0.141718 -0.405039 3.74917
0 53.13 0.206576 -0.0242018 0.634407 0.107699 0.0698697 1.85669 0.70651 0.0569196 -1.67133 -0.277301 0.222797 0.901947
1 53.13 0.234836 -0.021925 0.567554 0.0991839 0.0748519 1.8936 0.834571 0.205443 -0.543656 -0.110855 -0.0731163 1.77423
4 53.13 1.5 0 1.5 0 0 1.57075 0 0 0 0 0 0
5 53.13 50 0.00127816 1
6 53.13 93.8759 0.202678 -0.318762 2.78469
