3 4.07 -10 0 0 0 0 0 0 0 0 0 0 0 0
0 4.07 1.23143 -0.063279 1.56092 -0.019572 0.0273492 1.57075 0.00366811 0.0299406 0.0446596 0.00482765 0.00263763 -0.00310682
1 4.07 1.23158 -0.0620813 1.56271 -0.0193823 0.0274522 1.57063 -0.00369632 0.0402298 0.0283671 0.194666 -0.0598568 0.000437116
4 4.07 1.5 0 1.5 0 0 1.57075 0 0 0 0 0 0
5 4.07 40 0.00112891 2
6 4.07 23.0496 0.212411 -0.0717 0.011314
0 4.09 1.23147 -0.063405 1.56088 -0.0195215 0.0272974 1.57073 0.00372289 0.0298326 0.0450853 0.0040108 -0.0063068 -0.00692147
1 4.09 1.23162 -0.0622117 1.56268 -0.0193685 0.0270398 1.57046 -0.00362138 0.0401011 0.0287468 0.194457 -0.0601265 -0.00195591
4 4.09 1.5 0 1.5 0 0 1.57075 0 0 0 0 0 0
5 4.09 40 0.00110245 2
6 4.09 23.0467 0.213095 -0.0617463 0.0158525
0 4.1 1.23152 -0.0633667 1.56104 -0.0195073 0.0272088 1.57071 0.00409077 0.0296367 0.042055 0.000255075 -0.00227299 0.000623759
1 4.1 1.23168 -0.0621812 1.56272 -0.0194963 0.0271184 1.57074 -0.00325499 0.039882 0.0260791 0.193822 -0.0595323 0.00285677
4 4.1 1.5 0 1.5 0 0 1.57075 0 0 0 0 0 0
5 4.1 40 0.00104976 2
6 4.1 23.0689 0.216584 -0.0656949 0.0071289
0 4.11 1.23154 -0.0634959 1.5609 -0.0194871 0.0272239 1.57075 0.0046408 0.0293136 0.0348389 0.00554111 0.000728253 -0.00164552
1 4.11 1.23173 -0.0623233 1.5623 -0.0192672 0.0272517 1.57068 -0.00271636 0.0395901 0.019816 0.193513 -0.0591507 0.00152453
4 4.11 1.5 0 1.5 0 0 1.57075 0 0 0 0 0 0
5 4.11 40 0.00132394 2
6 4.11 23.1273 0.210323 -0.0686998 0.0101204
0 4.12 1.23159 -0.0635034 1.56073 -0.0190238 0.0271078 1.57061 0.00589591 0.0285981 0.0136419 0.05457 -0.0125363 -0.00857067
1 4.12 1.23183 -0.0623595 1.56127 -0.01685 0.0265999 1.57028 -0.00133829 0.038908 0.00142818 0.194103 -0.059351 -0.00191604
4 4.12 1.5 0 1.5 0 0 1.57075 0 0 0 0 0 0
5 4.12 40 0.00105333 2
6 4.12 23.2992 0.156133 -0.0536727 0.0212441
0 4.15 1.23163 -0.0636481 1.56021 -0.0163159 0.0266531 1.57044 0.00698567 0.0272169 -0.0160773 0.202081 -0.0293509 -0.00636311
1 4.15 1.23191 -0.0625594 1.55957 -0.00823892 0.025475 1.57021 0.000714927 0.0374665 -0.0240922 0.195805 -0.0583819 0.00252678
4 4.15 1.5 0 1.5 0 0 1.57075 0 0 0 0 0 0
5 4.15 40 0.00126958 2
6 4.15 23.5551 -0.00700645 -0.0332013 0.0283742
0 4.16 1.23172 -0.0636551 1.55922 -0.0145074 0.0264124 1.57044 0.00889429 0.0256343 -0.0620403 0.25007 -0.0334262 -0.00399146
1 4.16 1.23207 -0.0626297 1.55674 -0.00450833 0.0250732 1.5703 0.00322905 0.0359553 -0.0638428 0.192006 -0.057275 0.00548893
4 4.16 1.5 0 1.5 0 0 1.57075 0 0 0 0 0 0
5 4.16 40 0.00167418 2
6 4.16 23.935 -0.0649579 -0.0272794 0.0302566
0 4.18 1.2318 -0.0638112 1.55725 -0.00774685 0.0256208 1.57023 0.0105729 0.0243495 -0.120182 0.333987 -0.0356911 0.00198371
1 4.18 1.23222 -0.0628372 1.55244 0.00561494 0.0241938 1.57032 0.00748766 0.0345726 -0.113722 0.177525 -0.0556472 0.0136394
4 4.18 1.5 0 1.5 0 0 1.57075 0 0 0 0 0 0
5 4.18 40 0.00114036 2
6 4.18 24.4389 -0.175072 -0.0229511 0.0371971
0 4.19 1.2319 -0.0638304 1.55511 -0.00446256 0.025308 1.57026 0.0118997 0.0232598 -0.17486 0.344246 -0.0314978 0.00313226
1 4.19 1.23237 -0.0629 1.54812 0.00931062 0.0240487 1.57039 0.0100904 0.0335517 -0.160717 0.168077 -0.0542325 0.0159619
4 4.19 1.5 0 1.5 0 0 1.57075 0 0 0 0 0 0
5 4.19 40 0.00124216 2
6 4.19 24.909 -0.197125 -0.0261735 0.0409464
0 4.2 1.23198 -0.0639899 1.55205 -0.00195269 0.0250936 1.57031 0.0130252 0.0208907 -0.234574 0.335261 -0.0286013 0.0067788
1 4.2 1.2325 -0.0631542 1.54266 0.0114646 0.0239501 1.57059 0.0122195 0.0313084 -0.211925 0.158825 -0.0525509 0.0199671
4 4.2 1.5 0 1.5 0 0 1.57075 0 0 0 0 0 0
5 4.2 40 0.00100279 2
6 4.2 25.4298 -0.197431 -0.0276664 0.0420927
0 4.21 1.23209 -0.0640608 1.54822 0.00199304 0.0247691 1.57038 0.0142603 0.0186802 -0.302746 0.308395 -0.0228161 0.00266608
1 4.21 1.23266 -0.0633136 1.53611 0.0143314 0.0238562 1.57049 0.015113 0.0292212 -0.269647 0.143621 -0.0517279 0.0206011
4 4.21 1.5 0 1.5 0 0 1.57075 0 0 0 0 0 0
5 4.21 40 0.00154424 3
6 4.21 26.0699 -0.184371 -0.0332393 0.0572497
0 4.23 1.23219 -0.0642011 1.54379 0.00744741 0.0243492 1.57045 0.0157201 0.0161744 -0.380734 0.248462 -0.0162194 0.0077801
1 4.23 1.23282 -0.0635541 1.52857 0.0173933 0.0236981 1.57075 0.019002 0.0268895 -0.333112 0.12025 -0.0531637 0.0314437
4 4.23 1.5 0 1.5 0 0 1.57075 0 0 0 0 0 0
5 4.23 40 0.000980377 2
6 4.23 26.9601 -0.143468 -0.0425473 0.0755416
0 4.24 1.23231 -0.0642615 1.53883 0.00969767 0.0242509 1.57049 0.016681 0.0144188 -0.456663 0.212668 -0.00662056 0.0110554
1 4.24 1.23298 -0.0636848 1.52057 0.0182151 0.0239818 1.57093 0.0210694 0.0253819 -0.397026 0.110439 -0.0520415 0.0350905
4 4.24 1.5 0 1.5 0 0 1.57075 0 0 0 0 0 0
5 4.24 40 0.00099659 2
6 4.24 27.6967 -0.114391 -0.0523075 0.0767303
0 4.25 1.23242 -0.0643851 1.53236 0.0115827 0.0242486 1.57061 0.0179553 0.0122289 -0.554883 0.183061 0.00324123 0.0152109
1 4.25 1.23314 -0.063896 1.51017 0.01892 0.0243712 1.57122 0.0235503 0.0239347 -0.464591 0.0923017 -0.063324 0.0620271
4 4.25 1.5 0 1.5 0 0 1.57075 0 0 0 0 0 0
5 4.25 40 0.000670195 1
6 4.25 29.5756 -0.101547 -0.0766028 0.149461
0 4.26 1.23253 -0.0644331 1.52712 0.013151 0.0243737 1.5708 0.0188265 0.0105949 -0.622977 0.145256 0.0130962 0.0174236
1 4.26 1.23328 -0.0640093 1.5022 0.0189784 0.0248883 1.57151 0.025351 0.0226856 -0.519422 0.0850138 -0.0634044 0.0655324
4 4.26 1.5 0 1.5 0 0 1.57075 0 0 0 0 0 0
5 4.26 40 0.000955343 1
6 4.26 30.3889 -0.0673865 -0.0879809 0.15359
0 4.28 1.23265 -0.0645528 1.5177 0.015358 0.0246914 1.5712 0.0202488 0.00843235 -0.71217 0.115688 0.0219083 0.0234524
1 4.28 1.23346 -0.0642155 1.48921 0.020009 0.0255532 1.57215 0.0281432 0.0211333 -0.590414 0.0762543 -0.0640606 0.0730597
4 4.28 1.5 0 1.5 0 0 1.57075 0 0 0 0 0 0
5 4.28 40 0.000613213 1
6 4.28 31.5054 -0.044081 -0.0988591 0.158374
0 4.29 1.23282 -0.0646294 1.50782 0.0166458 0.0249458 1.57165 0.021829 0.00628921 -0.79702 0.0991914 0.019597 0.0396551
1 4.29 1.23369 -0.0643778 1.47594 0.0206534 0.0257031 1.57325 0.0306729 0.0195647 -0.65766 0.0701824 -0.0644422 0.0850906
4 4.29 1.5 0 1.5 0 0 1.57075 0 0 0 0 0 0
5 4.29 40 0.000901461 1
6 4.29 32.585 -0.0323948 -0.0967463 0.145055
0 4.29 1.23296 -0.0647458 1.49676 0.0176148 0.0251099 1.57213 0.024219 0.00312135 -0.897793 0.0969193 0.0170319 0.0413093
1 4.29 1.23393 -0.064621 1.46085 0.0215334 0.025762 1.57379 0.0340217 0.0171319 -0.732861 0.0638479 -0.0665355 0.0918363
4 4.29 1.5 0 1.5 0 0 1.57075 0 0 0 0 0 0
5 4.29 40 0.000993967 2
6 4.29 34.1526 -0.0369462 -0.0962108 0.161309
0 4.32 1.2332 -0.0648489 1.48366 0.0194361 0.0250973 1.57297 0.0272329 0.000131921 -0.998755 0.100267 -0.0103692 0.0555261
1 4.32 1.23429 -0.0648436 1.44371 0.0235023 0.0246394 1.57518 0.0386984 0.0150002 -0.799847 0.0550389 -0.0703644 0.106896
4 4.32 1.5 0 1.5 0 0 1.57075 0 0 0 0 0 0
5 4.32 40 0.00240564 2
6 4.32 36.2359 -0.0506535 -0.0692955 0.163997
0 4.33 1.23329 -0.064926 1.47408 0.020517 0.024845 1.57368 0.0292274 -0.00220821 -1.0664 0.0882979 -0.0248755 0.0661607
1 4.33 1.23446 -0.0650143 1.43142 0.0241141 0.0237959 1.5763 0.0417695 0.0130653 -0.845634 0.049386 -0.0703258 0.115334
4 4.33 1.5 0 1.5 0 0 1.57075 0 0 0 0 0 0
5 4.33 40 0.0019691 3
6 4.33 37.5761 -0.0436735 -0.0526307 0.156983
0 4.33 1.23356 -0.0650568 1.45785 0.0214125 0.0244898 1.57438 0.032407 -0.00534184 -1.1691 0.0866573 -0.0353679 0.0710129
1 4.33 1.23485 -0.0652705 1.41109 0.0249476 0.0230146 1.57719 0.0463378 0.0107026 -0.908523 0.0428608 -0.0721987 0.124029
4 4.33 1.5 0 1.5 0 0 1.57075 0 0 0 0 0 0
5 4.33 40 0.00130153 3
6 4.33 40.016 -0.0492097 -0.0427673 0.169251
0 4.36 1.23373 -0.0651473 1.44148 0.0229129 0.0237672 1.5758 0.0351475 -0.00775648 -1.25519 0.0811971 -0.0411249 0.0842332
1 4.36 1.23513 -0.0654575 1.39127 0.02624 0.0220454 1.57913 0.0512073 0.00906514 -0.943346 0.035047 -0.0755279 0.143194
4 4.36 1.5 0 1.5 0 0 1.57075 0 0 0 0 0 0
5 4.36 40 0.000953197 2
6 4.36 43.1586 -0.0519212 -0.0400387 0.18823
0 4.37 1.23407 -0.065292 1.42118 0.0238404 0.0232006 1.57693 0.0384987 -0.0106405 -1.35628 0.0673286 -0.0444732 0.0939495
1 4.37 1.23561 -0.0657176 1.36693 0.0266198 0.0213326 1.58065 0.0559349 0.00653259 -1.01324 0.030195 -0.0715218 0.151375
4 4.37 1.5 0 1.5 0 0 1.57075 0 0 0 0 0 0
5 4.37 40 0.00154805 2
6 4.37 45.0707 -0.0418909 -0.0315581 0.183328
0 4.38 1.23422 -0.0653477 1.40569 0.0243901 0.0227312 1.57778 0.0408141 -0.0124611 -1.42614 0.0614411 -0.0526748 0.1038
1 4.38 1.23585 -0.0658461 1.34864 0.026941 0.0205236 1.58188 0.0594646 0.00516084 -1.04919 0.0263821 -0.0708001 0.156847
4 4.38 1.5 0 1.5 0 0 1.57075 0 0 0 0 0 0
5 4.38 40 0.00258517 4
6 4.38 47.1489 -0.039675 -0.0213246 0.16935
0 4.39 1.23452 -0.065465 1.38577 0.0250186 0.0220575 1.57898 0.0436546 -0.0144569 -1.5127 0.0472111 -0.0532645 0.113633
1 4.39 1.23627 -0.0660432 1.32526 0.0270061 0.0198139 1.58347 0.0638632 0.00365059 -1.09183 0.0215812 -0.0700474 0.162291
4 4.39 1.5 0 1.5 0 0 1.57075 0 0 0 0 0 0
5 4.39 40 0.00212145 4
6 4.39 49.8405 -0.0291727 -0.0197003 0.155337
0 4.41 1.2348 -0.06557 1.36249 0.0256699 0.0210916 1.58112 0.046957 -0.0178212 -1.61612 0.0230425 -0.0503534 0.128939
1 4.41 1.23668 -0.0662829 1.29784 0.0266993 0.0189457 1.58622 0.0695728 0.00114983 -1.12031 0.0152454 -0.0713478 0.171132
4 4.41 1.5 0 1.5 0 0 1.57075 0 0 0 0 0 0
5 4.41 40 0.00132871 3
6 4.41 54.4331 -0.00925541 -0.0243338 0.134698
0 4.42 1.23512 -0.0657052 1.34375 0.0259011 0.0203948 1.58278 0.0493632 -0.0198575 -1.69492 0.0119319 -0.053978 0.137064
1 4.42 1.2371 -0.0664995 1.27595 0.026489 0.0180944 1.58821 0.0770302 0.00246367 -1.00935 0.00759721 -0.064614 0.311907
4 4.42 1.5 0 1.5 0 0 1.57075 0 0 0 0 0 0
5 4.42 40 0.00122881 1
6 4.42 66.0613 -0.00545533 -0.0123386 0.558185
0 4.43 1.23541 -0.0657708 1.31825 0.0259902 0.0197896 1.58418 0.0521817 -0.0219763 -1.78994 0.00380149 -0.0568903 0.141386
1 4.43 1.23749 -0.0666498 1.24665 0.026253 0.0173678 1.58977 0.0812061 0.00073702 -1.05448 0.00456318 -0.0555593 0.315493
4 4.43 1.5 0 1.5 0 0 1.57075 0 0 0 0 0 0
5 4.43 40 0.000808239 1
6 4.43 69.1185 0.000194249 0.00148259 0.555837
0 4.45 1.23581 -0.0659117 1.29387 0.0258834 0.0185138 1.58748 0.0547868 -0.0235254 -1.87332 -0.0125331 -0.0641733 0.173297
1 4.45 1.238 -0.0668527 1.21894 0.0255092 0.0157683 1.59434 0.0847941 -0.00130225 -1.09269 0.00136062 -0.0386899 0.315803
4 4.45 1.5 0 1.5 0 0 1.57075 0 0 0 0 0 0
5 4.45 40 0.000692368 1
6 4.45 71.884 0.014636 0.0294179 0.454949
0 4.46 1.23597 -0.0659223 1.27649 0.0257766 0.0179221 1.58894 0.0568776 -0.024724 -1.93218 -0.0167653 -0.0720953 0.182242
1 4.46 1.23824 -0.0669113 1.1992 0.0252353 0.0148514 1.59615 0.0875604 -0.0025604 -1.11931 -0.000569933 -0.0288644 0.31463
4 4.46 1.5 0 1.5 0 0 1.57075 0 0 0 0 0 0
5 4.46 40 0.000596523 1
6 4.46 73.8595 0.0170463 0.0498532 0.422651
0 4.47 1.23642 -0.0660679 1.24966 0.0255651 0.0171364 1.59078 0.0602462 -0.0264305 -2.00566 -0.0253078 -0.0788876 0.190008
1 4.47 1.23883 -0.0671251 1.16943 0.0246816 0.0137876 1.5983 0.0917613 -0.00438634 -1.14879 -0.00357359 -0.0163516 0.312395
4 4.47 1.5 0 1.5 0 0 1.57075 0 0 0 0 0 0
5 4.47 40 0.000721216 1
6 4.47 76.5539 0.0230923 0.0721478 0.390721
0 4.48 1.23672 -0.0661062 1.22345 0.0251217 0.0159832 1.5933 0.0627968 -0.0279822 -2.06491 -0.0435739 -0.0945856 0.214454
1 4.48 1.23923 -0.0672255 1.14085 0.0235143 0.0119855 1.60178 0.0946938 -0.00667067 -1.16928 -0.00654902 0.00214781 0.304774
4 4.48 1.5 0 1.5 0 0 1.57075 0 0 0 0 0 0
5 4.48 40 0.00100541 1
6 4.48 78.9265 0.0397681 0.111759 0.288351
0 4.49 1.23707 -0.0662079 1.20209 0.0243745 0.0144334 1.59654 0.0648203 -0.0292628 -2.11054 -0.0664174 -0.107896 0.23778
1 4.49 1.23966 -0.0673784 1.11767 0.0218535 0.00988706 1.60594 0.0964734 -0.00940626 -1.18419 -0.00906858 0.0231364 0.291404
4 4.49 1.5 0 1.5 0 0 1.57075 0 0 0 0 0 0
5 4.49 40 0.000677824 1
6 4.49 80.8058 0.0620692 0.151646 0.171205
0 4.5 1.23732 -0.0662308 1.18048 0.0239119 0.0136863 1.59817 0.0670235 -0.0306728 -2.156 -0.0772733 -0.109609 0.256518
1 4.5 1.24 -0.0674577 1.09424 0.0209599 0.00905793 1.60833 0.0987941 -0.0113192 -1.19847 -0.011244 0.0340341 0.291045
4 4.5 1.5 0 1.5 0 0 1.57075 0 0 0 0 0 0
5 4.5 40 0.000673056 1
6 4.5 82.7143 0.0715805 0.166449 0.110236
0 4.51 1.23781 -0.066379 1.15294 0.0229219 0.0122761 1.6013 0.0702349 -0.0326121 -2.21539 -0.0922312 -0.11704 0.273577
1 4.51 1.24062 -0.0676835 1.06432 0.0193657 0.00734489 1.61214 0.101578 -0.0145781 -1.2174 -0.0136687 0.0534041 0.281298
4 4.51 1.5 0 1.5 0 0 1.57075 0 0 0 0 0 0
5 4.51 40 0.000705481 1
6 4.51 85.1908 0.0852847 0.197647 0.024659
0 4.53 1.2383 -0.0664641 1.1193 0.0208936 0.0101208 1.60637 0.0732102 -0.0344879 -2.28374 -0.126082 -0.104905 0.296008
1 4.53 1.24123 -0.0678436 1.02795 0.0159693 0.00567816 1.61812 0.102737 -0.0188677 -1.23754 -0.0167953 0.0744169 0.267072
4 4.53 1.5 0 1.5 0 0 1.57075 0 0 0 0 0 0
5 4.53 40 0.000629663 1
6 4.53 88.1378 0.119741 0.208836 -0.0923605
0 4.54 1.2388 -0.0666111 1.0929 0.0196696 0.00918243 1.60935 0.0757844 -0.0359277 -2.34101 -0.126096 -0.0818344 0.301227
1 4.54 1.24183 -0.0680482 0.999264 0.0147358 0.0056727 1.62134 0.104322 -0.0212422 -1.25514 -0.0177085 0.0797287 0.267457
4 4.54 1.5 0 1.5 0 0 1.57075 0 0 0 0 0 0
5 4.54 40 0.00075984 1
6 4.54 90.5657 0.119259 0.188515 -0.107799
0 4.55 1.2393 -0.066696 1.06072 0.018844 0.00871343 1.61162 0.0789382 -0.0375808 -2.41898 -0.106825 -0.0436732 0.301794
1 4.55 1.24245 -0.0681992 0.963956 0.0146759 0.00673935 1.62366 0.107204 -0.0230837 -1.28145 -0.0178714 0.0759142 0.279756
4 4.55 1.5 0 1.5 0 0 1.57075 0 0 0 0 0 0
5 4.55 40 0.000920534 1
6 4.55 93.7283 0.0984528 0.139879 -0.07035
0 4.56 1.24009 -0.066962 1.02317 0.0176811 0.00874462 1.61614 0.0824796 -0.0396725 -2.51231 -0.0609139 0.0354731 0.298693
1 4.56 1.24339 -0.0685489 0.92268 0.0153492 0.00995209 1.62811 0.109966 -0.0244921 -1.31304 -0.015523 0.0549981 0.312068
4 4.56 1.5 0 1.5 0 0 1.57075 0 0 0 0 0 0
5 4.56 40 0.000623465 1
6 4.56 97.5089 0.051655 0.0239106 0.0426963
0 4.58 1.24075 -0.0670612 0.981686 0.0174367 0.010054 1.62054 0.0861433 -0.0414212 -2.61294 0.00415182 0.119618 0.295742
1 4.58 1.2442 -0.0687181 0.877169 0.0177225 0.0146317 1.63245 0.114217 -0.0233185 -1.34591 -0.0116685 0.016636 0.367436
4 4.58 1.5 0 1.5 0 0 1.57075 0 0 0 0 0 0
5 4.58 40 0.000972748 1
6 4.58 101.66 -0.0148074 -0.118256 0.228883
0 4.59 1.24149 -0.067283 0.946526 0.0179516 0.0118951 1.62426 0.0891834 -0.0428508 -2.6992 0.0520653 0.166507 0.285188
1 4.59 1.24506 -0.068997 0.838558 0.0201714 0.0183496 1.63578 0.118876 -0.020808 -1.37462 -0.00855894 -0.0194512 0.415669
4 4.59 1.5 0 1.5 0 0 1.57075 0 0 0 0 0 0
5 4.59 40 0.000991344 1
6 4.59 105.189 -0.0639482 -0.214586 0.416568
0 4.61 1.24204 -0.0673331 0.910404 0.0195345 0.0156447 1.63015 0.0919162 -0.0446742 -2.79272 0.0926056 0.200358 0.291575
1 4.61 1.24572 -0.0691201 0.798696 0.0234236 0.0234297 1.64197 0.124935 -0.0148536 -1.40771 -0.00617633 -0.0720535 0.490041
4 4.61 1.5 0 1.5 0 0 1.57075 0 0 0 0 0 0
5 4.61 40 0.000631571 1
6 4.61 108.9 -0.105749 -0.314783 0.633624
0 4.62 1.24272 -0.0675389 0.878087 0.0205215 0.0175699 1.63318 0.0945502 -0.0465209 -2.86562 0.097621 0.193744 0.302225
1 4.62 1.2465 -0.0693998 0.763462 0.0246415 0.0250699 1.64543 0.129969 -0.012152 -1.43156 -0.00519577 -0.0971581 0.519576
4 4.62 1.5 0 1.5 0 0 1.57075 0 0 0 0 0 0
5 4.62 40 0.000676394 1
6 4.62 111.911 -0.110252 -0.336206 0.693915
0 4.63 1.24321 -0.0675338 0.843849 0.021484 0.0191977 1.63602 0.0968204 -0.0482364 -2.93074 0.103834 0.182444 0.310477
1 4.63 1.24708 -0.0694632 0.72662 0.0258788 0.026227 1.6486 0.134657 -0.0097141 -1.44949 -0.00321553 -0.119887 0.543502
4 4.63 1.5 0 1.5 0 0 1.57075 0 0 0 0 0 0
5 4.63 40 0.000660658 1
6 4.63 114.808 -0.115145 -0.349545 0.743955
0 4.64 1.24377 -0.0676576 0.814292 0.0226478 0.020904 1.63926 0.0991585 -0.0496392 -2.97949 0.110595 0.170097 0.316152
1 4.64 1.24773 -0.0696432 0.695112 0.0273391 0.0274197 1.65206 0.139625 -0.0068133 -1.46069 -0.00150216 -0.141439 0.569084
4 4.64 1.5 0 1.5 0 0 1.57075 0 0 0 0 0 0
5 4.64 40 0.000634432 1
6 4.64 117.116 -0.121027 -0.360331 0.807508
0 4.65 1.24437 -0.067683 0.776137 0.0242761 0.0226834 1.64372 0.102382 -0.0508079 -3.02888 0.124599 0.125775 0.350327
1 4.65 1.24847 -0.0697153 0.654981 0.0295807 0.0273727 1.65786 0.146489 -0.00313082 -1.46703 0.00190626 -0.154356 0.595373
4 4.65 1.5 0 1.5 0 0 1.57075 0 0 0 0 0 0
5 4.65 40 0.000839472 1
6 4.65 119.764 -0.133677 -0.325021 0.782326
0 4.67 1.24533 -0.067944 0.733192 0.0263388 0.0238466 1.64913 0.106609 -0.0520618 -3.06934 0.144544 0.0708992 0.382375
1 4.67 1.2496 -0.0700264 0.610418 0.032487 0.0262787 1.6645 0.155337 -0.000467368 -1.46507 0.00599647 -0.15578 0.616034
4 4.67 1.5 0 1.5 0 0 1.57075 0 0 0 0 0 0
5 4.67 40 0.00108624 1
6 4.67 122.373 -0.152804 -0.264658 0.745968
0 4.68 1.24607 -0.0679576 0.690282 0.02848 0.0240962 1.65455 0.11018 -0.0528163 -3.10002 0.160159 0.00538728 0.42919
1 4.68 1.25047 -0.0700702 0.566281 0.0353001 0.0238228 1.67172 0.163864 0.000908887 -1.45739 0.00988285 -0.142326 0.620364
4 4.68 1.5 0 1.5 0 0 1.57075 0 0 0 0 0 0
5 4.68 40 0.000866413 1
6 4.68 124.733 -0.167956 -0.175176 0.610325
0 4.69 1.24695 -0.0681503 0.651214 0.0306074 0.0236196 1.65997 0.113637 -0.0538668 -3.12391 0.169239 -0.0416215 0.46679
1 4.69 1.2515 -0.070305 0.526257 0.0378166 0.0213842 1.67858 0.17237 0.00043479 -1.44826 0.0122327 -0.124101 0.619553
4 4.69 1.5 0 1.5 0 0 1.57075 0 0 0 0 0 0
5 4.69 40 0.000820637 1
6 4.69 126.763 -0.177265 -0.101183 0.487685
0 4.71 1.24759 -0.0681441 0.615649 0.0331946 0.0224401 1.66715 0.116765 -0.0539092 -3.14428 0.161571 -0.0814183 0.509845
1 4.71 1.25226 -0.0703005 0.489878 0.0401125 0.0185083 1.68743 0.181566 -0.00036299 -1.43971 0.0116785 -0.0987986 0.606046
4 4.71 1.5 0 1.5 0 0 1.57075 0 0 0 0 0 0
5 4.71 40 0.000972509 1
6 4.71 128.542 -0.171112 -0.0267734 0.307107
0 4.72 1.24853 -0.0683351 0.57777 0.0354423 0.0209794 1.67419 0.120391 -0.0539275 -3.16856 0.149637 -0.0948016 0.5358
1 4.72 1.25334 -0.0704922 0.451028 0.0418744 0.0164302 1.69548 0.190861 -0.00171715 -1.43258 0.0103829 -0.0798419 0.594937
4 4.72 1.5 0 1.5 0 0 1.57075 0 0 0 0 0 0
5 4.72 40 0.000854969 1
6 4.72 130.474 -0.159968 0.0105136 0.188777
0 4.73 1.24927 -0.0683254 0.540904 0.036743 0.0199134 1.67911 0.123469 -0.0540072 -3.19609 0.125662 -0.10229 0.556825
1 4.73 1.25421 -0.0704857 0.41306 0.0422098 0.0150064 1.70122 0.197763 -0.00266042 -1.42869 0.00847348 -0.0703464 0.580927
4 4.73 1.5 0 1.5 0 0 1.57075 0 0 0 0 0 0
5 4.73 40 0.000776768 1
6 4.73 132.403 -0.135782 0.0308454 0.0769301
0 4.74 1.2503 -0.0684892 0.500767 0.0379745 0.0186937 1.68468 0.12684 -0.0542374 -3.23234 0.110705 -0.103727 0.560793
1 4.74 1.25537 -0.0706587 0.371473 0.0428188 0.013696 1.70694 0.205089 -0.00395917 -1.42851 0.0073985 -0.0603283 0.567212
4 4.74 1.5 0 1.5 0 0 1.57075 0 0 0 0 0 0
5 4.74 40 0.000684261 1
6 4.74 134.64 -0.120349 0.0446434 0.0204791
0 4.76 1.25123 -0.0685194 0.459968 0.0399362 0.0160074 1.69779 0.129877 -0.0545844 -3.27809 0.0582935 -0.084199 0.59459
1 4.76 1.25642 -0.0707027 0.328845 0.0426462 0.0116926 1.72143 0.213948 -0.00777719 -1.43533 0.000828127 -0.0375483 0.545081
4 4.76 1.5 0 1.5 0 0 1.57075 0 0 0 0 0 0
5 4.76 40 0.000702381 1
6 4.76 137.03 -0.068394 0.0506485 -0.158065
0 4.77 1.25265 -0.0688119 0.410232 0.0403246 0.0153215 1.70213 0.133867 -0.0551692 -3.34687 0.0364156 -0.0640429 0.602921
1 4.77 1.25801 -0.0710187 0.276357 0.0421489 0.0117896 1.72613 0.220836 -0.00830502 -1.45043 -0.00118034 -0.048468 0.517902
4 4.77 1.5 0 1.5 0 0 1.57075 0 0 0 0 0 0
5 4.77 40 0.00141859 2
6 4.77 140.322 -0.0452252 0.0160483 -0.271428
0 4.78 1.25325 -0.0687753 0.382277 0.0406735 0.0144277 1.70965 0.136171 -0.0555994 -3.3934 0.0093748 -0.0396159 0.605081
1 4.78 1.25869 -0.0709993 0.246541 0.0413965 0.0118602 1.73377 0.225098 -0.00935531 -1.46465 -0.00433521 -0.0481604 0.516081
4 4.78 1.5 0 1.5 0 0 1.57075 0 0 0 0 0 0
5 4.78 40 0.00118732 2
6 4.78 142.303 -0.0173012 -0.0102738 -0.28413
0 4.79 1.25428 -0.0689475 0.344906 0.0407996 0.0140301 1.71419 0.139208 -0.0567798 -3.45662 0.00831403 -0.0267387 0.602153
1 4.79 1.25985 -0.0712187 0.206641 0.0414692 0.011979 1.73822 0.230156 -0.0100739 -1.48073 -0.00451554 -0.0612585 0.450511
4 4.79 1.5 0 1.5 0 0 1.57075 0 0 0 0 0 0
5 4.79 40 0.00126195 2
6 4.79 145.193 -0.0156723 -0.0400207 -0.484118
0 4.81 1.25643 -0.0687856 0.262846 -0.0512228 0.0362505 1.7279 0.139367 -0.0272044 -3.21281 -6.97607 1.64795 0.464672
1 4.81 1.262 -0.0698738 0.134334 -0.329715 0.103034 1.7431 -0.0584449 0.0703723 -0.0944038 -0.639232 0.136116 -3.35064
4 4.81 1.5 0 1.5 0 0 1.57075 0 0 0 0 0 0
5 4.81 40 0.00348735 9
6 4.81 215.461 7.15298 -1.46569 -12.1934
0 4.82 1.25267 -0.0685822 0.248588 -0.12141 0.0519045 1.73194 0.139453 -0.0187257 -3.1339 -6.74024 1.44064 0.422541
1 4.82 1.25825 -0.0693312 0.123232 -0.390511 0.111153 1.74175 0.035287 0.00686642 -2.71836 -0.133132 0.0549867 0.142366
4 4.82 1.5 0 1.5 0 0 1.57075 0 0 0 0 0 0
5 4.82 40 1.11613 20
6 4.82 215.461 7.15298 -1.46569 -12.1934
