3 1.75 -10 0 0 0 0 0 0 0 0 0 0 0 0
0 1.75 0.0289725 -0.119649 1.71171 -0.0056945 -0.00696737 1.50085 0.0858963 -0.0849659 0.107588 -0.0721266 0.141788 0.00432764
1 1.75 0.0324084 -0.123048 1.71601 -0.00858055 -0.00129495 1.50099 0.0835297 -0.0874801 0.098894 0.416383 0.118812 0.0582397
4 1.75 1.5 0 1.5 0 0 1.57075 0 0 0 0 0 0
5 1.75 50 0.000794172 1
6 1.75 23.503 0.546647 -0.0263351 0.172103
0 1.76 0.0308718 -0.122956 1.71149 -0.00660229 -0.00529659 1.50081 0.0871686 -0.0883797 0.108213 -0.0758325 0.140642 0.000694794
1 1.76 0.0343585 -0.126492 1.71581 -0.00963554 0.000329171 1.5008 0.0845 -0.0902294 0.0994143 0.41662 0.116339 0.0563716
4 1.76 1.5 0 1.5 0 0 1.57075 0 0 0 0 0 0
5 1.76 50 0.000793219 1
6 1.76 23.4964 0.551017 -0.0278795 0.177736
0 1.77 0.0324661 -0.125517 1.71172 -0.00732681 -0.00387894 1.50081 0.0880561 -0.0902163 0.109216 -0.0738403 0.147205 0.00200459
1 1.77 0.0359883 -0.129125 1.71609 -0.0102806 0.00200969 1.50085 0.0851495 -0.0915035 0.100263 0.417255 0.113877 0.0573398
4 1.77 1.5 0 1.5 0 0 1.57075 0 0 0 0 0 0
5 1.77 50 0.000848055 1
6 1.77 23.487 0.549515 -0.0382252 0.176645
0 1.78 0.0345425 -0.129205 1.71145 -0.00826013 -0.00199723 1.5009 0.0892636 -0.0926241 0.109766 -0.0727006 0.146571 0.00202986
1 1.78 0.038113 -0.13291 1.71584 -0.0111682 0.00386608 1.50093 0.0860512 -0.0931667 0.10073 0.417842 0.110398 0.0575451
4 1.78 1.5 0 1.5 0 0 1.57075 0 0 0 0 0 0
5 1.78 50 0.000740767 1
6 1.78 23.4819 0.548897 -0.0414894 0.17722
0 1.8 0.0366602 -0.132652 1.71177 -0.00944997 0.000518465 1.50088 0.0902873 -0.0941539 0.111061 -0.0743944 0.156624 0.00415905
1 1.8 0.0402717 -0.136418 1.71621 -0.0124257 0.00678471 1.50099 0.0866892 -0.0937028 0.101806 0.418836 0.104811 0.0590591
4 1.8 1.5 0 1.5 0 0 1.57075 0 0 0 0 0 0
5 1.8 50 0.000843763 1
6 1.8 23.4687 0.551932 -0.0594198 0.175255
0 1.81 0.0381407 -0.135384 1.71144 -0.0104164 0.00239663 1.501 0.0908043 -0.0954848 0.111393 -0.0811018 0.152599 0.00592299
1 1.81 0.0417729 -0.139203 1.7159 -0.01366 0.00850273 1.50117 0.0868877 -0.0942907 0.102062 0.419387 0.100405 0.0602
4 1.81 1.5 0 1.5 0 0 1.57075 0 0 0 0 0 0
5 1.81 50 0.000657797 1
6 1.81 23.4643 0.560075 -0.0598433 0.173265
0 1.83 0.0399521 -0.138406 1.71165 -0.0118302 0.00505775 1.50107 0.0909774 -0.0962189 0.1123 -0.0853593 0.157768 0.0061454
1 1.83 0.0435912 -0.142255 1.71615 -0.0152437 0.0113709 1.50124 0.0865937 -0.0939715 0.102767 0.42102 0.0936611 0.0604724
4 1.83 1.5 0 1.5 0 0 1.57075 0 0 0 0 0 0
5 1.83 50 0.000840187 1
6 1.83 23.4526 0.56667 -0.0735073 0.173424
0 1.84 0.0421073 -0.142384 1.71133 -0.0124833 0.00620515 1.50116 0.092834 -0.101852 0.109221 -0.0899084 0.155874 0.00626786
1 1.84 0.0458206 -0.146458 1.7157 -0.0160786 0.0124427 1.50133 0.0882281 -0.0991481 0.0999363 0.420112 0.0939925 0.0607775
4 1.84 1.5 0 1.5 0 0 1.57075 0 0 0 0 0 0
5 1.84 50 0.000834703 1
6 1.84 23.4681 0.570746 -0.0709508 0.174006
0 1.85 0.0438638 -0.145418 1.71144 -0.0133336 0.00765923 1.50122 0.0939011 -0.105488 0.107711 -0.0884211 0.154563 0.00262212
1 1.85 0.0476199 -0.149637 1.71575 -0.0168702 0.0138426 1.50124 0.0890079 -0.102205 0.0984922 0.420585 0.0921674 0.0587988
4 1.85 1.5 0 1.5 0 0 1.57075 0 0 0 0 0 0
5 1.85 50 0.000707388 1
6 1.85 23.4726 0.569563 -0.0715685 0.179329
0 1.86 0.0456857 -0.148825 1.71116 -0.0143812 0.00949071 1.50132 0.0945648 -0.108455 0.10663 -0.087513 0.155235 0.008366
1 1.86 0.0494683 -0.153163 1.71543 -0.0178794 0.0157043 1.50157 0.0893186 -0.104444 0.0974582 0.421519 0.0890365 0.0623724
4 1.86 1.5 0 1.5 0 0 1.57075 0 0 0 0 0 0
5 1.86 50 0.000769615 1
6 1.86 23.4762 0.569666 -0.0758905 0.1724
0 1.88 0.0473464 -0.151704 1.71134 -0.0160525 0.0124901 1.50133 0.0945977 -0.110116 0.106757 -0.0855414 0.156818 0.00697988
1 1.88 0.0511303 -0.156108 1.71561 -0.0194719 0.0187665 1.50151 0.0887941 -0.104915 0.0974401 0.424062 0.0815349 0.061751
4 1.88 1.5 0 1.5 0 0 1.57075 0 0 0 0 0 0
5 1.88 50 0.000996113 1
6 1.88 23.4687 0.570288 -0.0863245 0.174842
0 1.89 0.0490951 -0.154998 1.71111 -0.0168684 0.0139955 1.50136 0.0948889 -0.111044 0.106981 -0.0825848 0.156631 0.00299363
1 1.89 0.0528907 -0.15944 1.71539 -0.0201716 0.0202619 1.50137 0.0888142 -0.105248 0.0976052 0.425027 0.078385 0.0595068
4 1.89 1.5 0 1.5 0 0 1.57075 0 0 0 0 0 0
5 1.89 50 0.000734568 1
6 1.89 23.4659 0.56801 -0.0897527 0.180404
0 1.9 0.0505483 -0.157522 1.71129 -0.0176215 0.0155 1.50132 0.0949024 -0.110954 0.107203 -0.0749513 0.15381 0.000461767
1 1.9 0.0543444 -0.16196 1.71558 -0.020621 0.0216518 1.50123 0.0885812 -0.104564 0.0977462 0.426438 0.0744399 0.0581256
4 1.9 1.5 0 1.5 0 0 1.57075 0 0 0 0 0 0
5 1.9 50 0.000854969 1
6 1.9 23.4617 0.561014 -0.0910601 0.184079
0 1.91 0.0525953 -0.161396 1.71106 -0.0183594 0.0169561 1.50125 0.0951664 -0.110968 0.107139 -0.075284 0.148851 -0.000819362
1 1.91 0.056402 -0.165835 1.71534 -0.0213732 0.0229085 1.50111 0.0886028 -0.104001 0.0976462 0.42694 0.0710372 0.0575269
4 1.91 1.5 0 1.5 0 0 1.57075 0 0 0 0 0 0
5 1.91 50 0.000815153 1
6 1.91 23.4604 0.561932 -0.0892824 0.186258
0 1.93 0.0543966 -0.164552 1.71127 -0.0197534 0.0198833 1.5013 0.095157 -0.109689 0.107597 -0.0709058 0.153848 0.0032432
1 1.93 0.0582029 -0.168939 1.71558 -0.0225894 0.0260386 1.50131 0.0881408 -0.101571 0.0979391 0.429162 0.0625806 0.0600205
4 1.93 1.5 0 1.5 0 0 1.57075 0 0 0 0 0 0
5 1.93 50 0.00123835 1
6 1.93 23.4522 0.55957 -0.104694 0.181249
0 1.94 0.0558649 -0.167411 1.71102 -0.0204851 0.0213437 1.5013 0.0948875 -0.108772 0.107336 -0.0772039 0.147978 0.00276199
1 1.94 0.0596604 -0.171762 1.71531 -0.0235735 0.0272639 1.50129 0.0876309 -0.100078 0.0976484 0.42962 0.0583645 0.0597836
4 1.94 1.5 0 1.5 0 0 1.57075 0 0 0 0 0 0
5 1.94 50 0.000829935 1
6 1.94 23.4514 0.567122 -0.102798 0.182028
0 1.95 0.0575271 -0.170367 1.71117 -0.0212152 0.0227818 1.50131 0.0943824 -0.107065 0.107795 -0.0743579 0.145483 0.0046077
1 1.95 0.0613024 -0.17465 1.71549 -0.0241881 0.0286037 1.50137 0.0868872 -0.0978047 0.0979904 0.43084 0.053982 0.0609163
4 1.95 1.5 0 1.5 0 0 1.57075 0 0 0 0 0 0
5 1.95 50 0.000967026 1
6 1.95 23.4454 0.565324 -0.104953 0.179753
0 1.96 0.0596288 -0.174431 1.71099 -0.0219605 0.0242528 1.50126 0.0939312 -0.106252 0.108221 -0.0815784 0.152896 0.000721973
1 1.96 0.063386 -0.178681 1.71531 -0.0252262 0.0303678 1.50115 0.0861926 -0.0964127 0.0983123 0.43118 0.0505959 0.058702
4 1.96 1.5 0 1.5 0 0 1.57075 0 0 0 0 0 0
5 1.96 50 0.000664473 1
6 1.96 23.4402 0.573739 -0.117367 0.185087
0 1.97 0.0614967 -0.177777 1.71124 -0.0230069 0.0261205 1.50124 0.093131 -0.104738 0.10935 -0.0851833 0.154255 0.00166208
1 1.97 0.0652219 -0.181966 1.71561 -0.0264162 0.0322906 1.50116 0.0850472 -0.0941634 0.0992101 0.432622 0.0452324 0.0593192
4 1.97 1.5 0 1.5 0 0 1.57075 0 0 0 0 0 0
5 1.97 50 0.000683069 1
6 1.97 23.4276 0.579397 -0.125073 0.184055
0 1.99 0.0633281 -0.181379 1.71106 -0.0242362 0.0285366 1.50112 0.092426 -0.103347 0.110278 -0.0799087 0.154319 0.00170747
1 1.99 0.0670251 -0.185513 1.71547 -0.0274349 0.0347092 1.50104 0.083942 -0.0918218 0.0999583 0.434888 0.0383151 0.0595093
4 1.99 1.5 0 1.5 0 0 1.57075 0 0 0 0 0 0
5 1.99 50 0.000803471 1
6 1.99 23.4188 0.576032 -0.133083 0.184518
0 2 0.0649549 -0.184308 1.71134 -0.0251271 0.0302765 1.50106 0.0907644 -0.101025 0.111718 -0.0778154 0.154676 -0.000723378
1 2 0.0685855 -0.188349 1.7158 -0.0282453 0.0364609 1.50088 0.0819927 -0.0888201 0.101154 0.43687 0.0328443 0.0581264
4 2 1.5 0 1.5 0 0 1.57075 0 0 0 0 0 0
5 2 50 0.000697851 1
6 2 23.4056 0.575876 -0.139785 0.187864
0 2.01 0.0670899 -0.188559 1.71118 -0.0256654 0.0314247 1.50105 0.0892263 -0.0993346 0.11234 -0.0727937 0.157829 0.000567092
1 2.01 0.0706589 -0.192532 1.71567 -0.0285815 0.0377363 1.50091 0.0802818 -0.0866803 0.101686 0.438138 0.0299751 0.0589624
4 2.01 1.5 0 1.5 0 0 1.57075 0 0 0 0 0 0
5 2.01 50 0.000705004 1
6 2.01 23.4012 0.571692 -0.146686 0.186414
0 2.02 0.068755 -0.191633 1.71144 -0.026606 0.0333633 1.50102 0.0875904 -0.0966993 0.113193 -0.0768146 0.151783 0.0040624
1 2.02 0.0722586 -0.195501 1.71597 -0.0296785 0.0394368 1.50103 0.0783437 -0.083288 0.102328 0.439715 0.0235703 0.0610621
4 2.02 1.5 0 1.5 0 0 1.57075 0 0 0 0 0 0
5 2.02 50 0.000766516 1
6 2.02 23.3903 0.577999 -0.147076 0.181958
0 2.03 0.0701947 -0.19461 1.71118 -0.0273542 0.0347777 1.50104 0.0875255 -0.0980146 0.110683 -0.0791731 0.1518 0.00371874
1 2.03 0.0736957 -0.198531 1.71561 -0.0305217 0.0408515 1.50102 0.0780264 -0.0840383 0.0999895 0.440205 0.0207263 0.0609522
4 2.03 1.5 0 1.5 0 0 1.57075 0 0 0 0 0 0
5 2.03 50 0.000920057 1
6 2.03 23.4024 0.581182 -0.150359 0.182704
0 2.05 0.0717872 -0.197625 1.71132 -0.0287783 0.0373459 1.50107 0.0868196 -0.0975257 0.108932 -0.0851269 0.152261 0.00301051
1 2.05 0.07526 -0.201526 1.71568 -0.0321854 0.0434373 1.50102 0.0768449 -0.0825333 0.0982191 0.441916 0.0135283 0.06055
4 2.05 1.5 0 1.5 0 0 1.57075 0 0 0 0 0 0
5 2.05 50 0.00134087 1
6 2.05 23.4043 0.58975 -0.15915 0.18368
0 2.06 0.0734774 -0.201107 1.71113 -0.0297477 0.0390931 1.501 0.0865726 -0.0970798 0.107726 -0.0815591 0.15612 -0.0034854
1 2.06 0.0769403 -0.20499 1.71544 -0.0330227 0.045331 1.50067 0.0762745 -0.0813935 0.0970364 0.443311 0.00914007 0.0567979
4 2.06 1.5 0 1.5 0 0 1.57075 0 0 0 0 0 0
5 2.06 50 0.000861645 1
6 2.06 23.408 0.587236 -0.168657 0.19244
0 2.07 0.0753506 -0.204656 1.71135 -0.0305195 0.0406227 1.50097 0.0858179 -0.0952452 0.107433 -0.0785359 0.159488 0.000239304
1 2.07 0.0787833 -0.208465 1.71564 -0.0336685 0.0469995 1.50078 0.0752681 -0.078958 0.0966649 0.444578 0.00477724 0.05906
4 2.07 1.5 0 1.5 0 0 1.57075 0 0 0 0 0 0
5 2.07 50 0.000786066 1
6 2.07 23.4051 0.585319 -0.177501 0.187771
0 2.08 0.0770891 -0.208241 1.71121 -0.0312717 0.0421248 1.50093 0.0847986 -0.0933584 0.107303 -0.0790215 0.152778 0.00146964
1 2.08 0.080481 -0.211976 1.7155 -0.0344382 0.0482348 1.5008 0.0740039 -0.076481 0.0964639 0.445709 0.000177666 0.059835
4 2.08 1.5 0 1.5 0 0 1.57075 0 0 0 0 0 0
5 2.08 50 0.000910759 1
6 2.08 23.4028 0.587143 -0.175072 0.186318
0 2.09 0.0786051 -0.211099 1.71147 -0.0322674 0.0439516 1.50085 0.0833369 -0.0906256 0.107535 -0.0819798 0.150035 0.00370545
1 2.09 0.0819386 -0.214724 1.71578 -0.0355486 0.0499546 1.5008 0.0722169 -0.0730322 0.0965193 0.447372 -0.00589123 0.061195
4 2.09 1.5 0 1.5 0 0 1.57075 0 0 0 0 0 0
5 2.09 50 0.000666857 1
6 2.09 23.3945 0.592341 -0.178872 0.183522
0 2.1 0.0798825 -0.213836 1.71131 -0.0328638 0.0450146 1.50085 0.0818878 -0.0883845 0.107619 -0.0816459 0.145147 0.000195498
1 2.1 0.083158 -0.217371 1.71561 -0.0361379 0.0508176 1.50067 0.0705703 -0.0703732 0.0965307 0.448623 -0.00950823 0.0590867
4 2.1 1.5 0 1.5 0 0 1.57075 0 0 0 0 0 0
5 2.1 50 0.000856161 1
6 2.1 23.3917 0.593324 -0.177438 0.187997
0 2.11 0.0810554 -0.216139 1.71144 -0.0336615 0.0464581 1.5008 0.0804674 -0.085511 0.10811 -0.0799846 0.147679 -0.00508723
1 2.11 0.0842741 -0.219559 1.71577 -0.0368796 0.0523551 1.5004 0.0688895 -0.0669355 0.0968587 0.4504 -0.0145075 0.0559317
4 2.11 1.5 0 1.5 0 0 1.57075 0 0 0 0 0 0
5 2.11 50 0.000882626 1
6 2.11 23.3838 0.59339 -0.186115 0.19479
0 2.13 0.0825259 -0.219248 1.71137 -0.0353211 0.0493642 1.5006 0.0784687 -0.081809 0.108771 -0.0834437 0.147995 -0.00174788
1 2.13 0.0856646 -0.22252 1.71572 -0.0386726 0.0552778 1.50032 0.0663471 -0.0620941 0.0972332 0.453431 -0.0241931 0.0579886
4 2.13 1.5 0 1.5 0 0 1.57075 0 0 0 0 0 0
5 2.13 50 0.00145578 1
6 2.13 23.3708 0.600692 -0.197567 0.190695
0 2.14 0.0836087 -0.221339 1.71159 -0.036158 0.0508859 1.50049 0.0765561 -0.07832 0.109524 -0.0762175 0.144334 -0.00440399
1 2.14 0.0866709 -0.224472 1.71597 -0.0392263 0.0566491 1.5001 0.0641643 -0.0580123 0.0977843 0.455896 -0.0299553 0.0564352
4 2.14 1.5 0 1.5 0 0 1.57075 0 0 0 0 0 0
5 2.14 50 0.00102162 1
6 2.14 23.361 0.595334 -0.199994 0.194217
0 2.15 0.0854466 -0.225274 1.71157 -0.0367036 0.0519151 1.50045 0.0742767 -0.074604 0.110188 -0.0757097 0.146076 -0.00591274
1 2.15 0.0884177 -0.228258 1.71598 -0.0397554 0.0577455 1.49999 0.0617097 -0.053897 0.0983066 0.457299 -0.0335817 0.0555222
4 2.15 1.5 0 1.5 0 0 1.57075 0 0 0 0 0 0
5 2.15 50 0.00076437 1
6 2.15 23.3539 0.596316 -0.206163 0.196118
0 2.16 0.0869991 -0.228309 1.71196 -0.0376188 0.0536451 1.50036 0.0718177 -0.0698487 0.111256 -0.07856 0.151277 -0.00115458
1 2.16 0.0898718 -0.231103 1.71641 -0.0407758 0.0596902 1.50008 0.0589588 -0.0484731 0.0990954 0.45929 -0.0399971 0.0583149
4 2.16 1.5 0 1.5 0 0 1.57075 0 0 0 0 0 0
5 2.16 50 0.00070405 1
6 2.16 23.3397 0.60179 -0.219461 0.189843
0 2.17 0.0882395 -0.231085 1.71185 -0.0385686 0.0555127 1.50033 0.0698609 -0.0663098 0.111758 -0.0757565 0.155002 -0.00264639
1 2.17 0.091034 -0.233738 1.71632 -0.041618 0.061704 1.49999 0.0566962 -0.0442083 0.0994153 0.461571 -0.0464305 0.057382
4 2.17 1.5 0 1.5 0 0 1.57075 0 0 0 0 0 0
5 2.17 50 0.000710726 1
6 2.17 23.3318 0.601186 -0.231124 0.191627
0 2.18 0.0895677 -0.233754 1.71215 -0.0391082 0.0566416 1.50024 0.0672348 -0.0615737 0.112798 -0.0709979 0.154739 0.000128213
1 2.18 0.0922571 -0.236217 1.71666 -0.0419615 0.0628266 1.5 0.0539038 -0.0390396 0.100244 0.463593 -0.0512952 0.059018
4 2.18 1.5 0 1.5 0 0 1.57075 0 0 0 0 0 0
5 2.18 50 0.000808001 1
6 2.18 23.3208 0.59816 -0.236387 0.187993
0 2.19 0.0907063 -0.236351 1.71206 -0.0398578 0.0581643 1.50013 0.0650456 -0.0580006 0.113578 -0.0785046 0.155759 -0.0016706
1 2.19 0.0933081 -0.238671 1.71661 -0.0430163 0.064387 1.49982 0.0514789 -0.0348785 0.10082 0.464915 -0.0567606 0.0579305
4 2.19 1.5 0 1.5 0 0 1.57075 0 0 0 0 0 0
5 2.19 50 0.000794172 1
6 2.19 23.311 0.608015 -0.243839 0.190262
0 2.2 0.0918401 -0.238672 1.71235 -0.0407368 0.0599354 1.50006 0.0624916 -0.0529979 0.114633 -0.0770038 0.160588 0.000119388
1 2.2 0.0943397 -0.240792 1.71693 -0.0438324 0.0663538 1.4998 0.0486486 -0.0291952 0.1016 0.467345 -0.0636996 0.0589267
4 2.2 1.5 0 1.5 0 0 1.57075 0 0 0 0 0 0
5 2.2 50 0.000795126 1
6 2.2 23.2974 0.609077 -0.25733 0.187728
0 2.22 0.0939898 -0.243416 1.71251 -0.0423474 0.0631649 1.4999 0.0589211 -0.0480454 0.113574 -0.0772528 0.152909 -0.000571823
1 2.22 0.0963466 -0.245338 1.71705 -0.0454553 0.0692748 1.49962 0.0445617 -0.0229833 0.100342 0.470757 -0.0747004 0.0585368
4 2.22 1.5 0 1.5 0 0 1.57075 0 0 0 0 0 0
5 2.22 50 0.000689983 1
6 2.22 23.2914 0.613165 -0.261145 0.188691
0 2.24 0.0955306 -0.246971 1.71257 -0.0434651 0.0652472 1.49975 0.056975 -0.0466715 0.112063 -0.0808979 0.148551 0.000466134
1 2.24 0.0978096 -0.248838 1.71705 -0.0467167 0.0711844 1.49951 0.0422515 -0.0207899 0.0987735 0.472531 -0.080725 0.0592507
4 2.24 1.5 0 1.5 0 0 1.57075 0 0 0 0 0 0
5 2.24 50 0.000727415 1
6 2.24 23.292 0.619241 -0.26305 0.187656
0 2.25 0.0968307 -0.249693 1.713 -0.0442455 0.0666554 1.4997 0.0547149 -0.0434481 0.111701 -0.0794851 0.149688 0.00301406
1 2.25 0.0990193 -0.251431 1.71747 -0.0474346 0.0726424 1.49956 0.0397385 -0.0170198 0.0982684 0.474526 -0.0857302 0.0607318
4 2.25 1.5 0 1.5 0 0 1.57075 0 0 0 0 0 0
5 2.25 50 0.000749826 1
6 2.25 23.2862 0.619924 -0.270081 0.18425
0 2.26 0.0980945 -0.2527 1.71304 -0.0452077 0.0684333 1.49965 0.0520394 -0.0394387 0.111215 -0.0788443 0.151748 0.00113125
1 2.26 0.100176 -0.254278 1.71749 -0.0483772 0.074499 1.49942 0.0367507 -0.0123183 0.0976435 0.476862 -0.0920789 0.0595472
4 2.26 1.5 0 1.5 0 0 1.57075 0 0 0 0 0 0
5 2.26 50 0.000680685 1
6 2.26 23.2815 0.621797 -0.279741 0.186479
0 2.27 0.0991075 -0.254848 1.71343 -0.0462104 0.0702361 1.49953 0.0492175 -0.034174 0.111478 -0.0825578 0.152655 -0.00121532
1 2.27 0.101076 -0.256215 1.71789 -0.049536 0.0763335 1.4992 0.0336092 -0.00635931 0.0976419 0.479192 -0.0993739 0.0580675
4 2.27 1.5 0 1.5 0 0 1.57075 0 0 0 0 0 0
5 2.27 50 0.00067234 1
6 2.27 23.2692 0.628531 -0.289166 0.189246
0 2.29 0.100405 -0.258036 1.7135 -0.0475751 0.0728751 1.49938 0.0462629 -0.0288106 0.111852 -0.0766182 0.155371 0.00168458
1 2.29 0.102256 -0.259188 1.71797 -0.0506565 0.0790861 1.49915 0.0302222 2.22297e-05 0.0977129 0.482705 -0.108891 0.0597653
4 2.29 1.5 0 1.5 0 0 1.57075 0 0 0 0 0 0
5 2.29 50 0.000715733 1
6 2.29 23.2564 0.625853 -0.303184 0.185409
0 2.3 0.101644 -0.260692 1.71401 -0.0482969 0.0743174 1.49931 0.043165 -0.0227832 0.101197 -0.0714958 0.144732 0.00175916
1 2.3 0.10337 -0.261603 1.71806 -0.0511723 0.0801034 1.4991 0.0268567 0.00667702 0.0878233 0.484429 -0.116031 0.0596781
4 2.3 1.5 0 1.5 0 0 1.57075 0 0 0 0 0 0
5 2.3 50 0.000676394 1
6 2.3 23.3068 0.622049 -0.299168 0.184895
0 2.32 0.102643 -0.263283 1.71378 -0.0491646 0.0761183 1.49916 0.0409545 -0.0197193 0.0762549 -0.031447 0.0741924 -0.00950301
1 2.32 0.104281 -0.264072 1.71683 -0.0504625 0.0790637 1.49863 0.0242735 0.0106233 0.065033 0.487308 -0.125079 0.0530937
4 2.32 1.5 0 1.5 0 0 1.57075 0 0 0 0 0 0
5 2.32 50 0.000849009 1
6 2.32 23.4433 0.580381 -0.228653 0.199837
0 2.33 0.103368 -0.264955 1.71359 -0.0497144 0.0770694 1.49898 0.0395238 -0.0176425 0.0439511 -0.0352466 0.0536134 -0.00283054
1 2.33 0.104949 -0.26566 1.71534 -0.0511412 0.0792056 1.49876 0.0225372 0.013311 0.0355694 0.485836 -0.130062 0.0570394
4 2.33 1.5 0 1.5 0 0 1.57075 0 0 0 0 0 0
5 2.33 50 0.00109649 1
6 2.33 23.6203 0.583031 -0.210743 0.191133
0 2.34 0.104266 -0.267345 1.71289 -0.0500347 0.0775223 1.49903 0.0380738 -0.0165867 -0.00785429 -0.0245974 0.0383094 0.0046848
1 2.34 0.105789 -0.268008 1.71258 -0.05101 0.0790621 1.49914 0.0207629 0.0149336 -0.0114954 0.483515 -0.1333 0.0613448
4 2.34 1.5 0 1.5 0 0 1.57075 0 0 0 0 0 0
5 2.34 50 0.000683784 1
6 2.34 23.9131 0.568545 -0.196882 0.180886
0 2.35 0.105057 -0.269169 1.71169 -0.0502122 0.0778009 1.49904 0.0373474 -0.0156977 -0.0746595 -0.0189553 0.0356183 -0.00118986
1 2.35 0.10655 -0.269797 1.7087 -0.0509797 0.0792214 1.49892 0.0196988 0.0164384 -0.0721299 0.479308 -0.13613 0.0576329
4 2.35 1.5 0 1.5 0 0 1.57075 0 0 0 0 0 0
5 2.35 50 0.0012188 1
6 2.35 24.2935 0.557507 -0.197053 0.187791
0 2.37 0.106263 -0.272346 1.70882 -0.0506426 0.0783879 1.49899 0.03751 -0.016784 -0.168446 -0.0212333 0.027049 -0.000577935
1 2.37 0.107764 -0.273017 1.70208 -0.051498 0.0794673 1.49891 0.0193145 0.0163143 -0.157179 0.472611 -0.139541 0.0577813
4 2.37 1.5 0 1.5 0 0 1.57075 0 0 0 0 0 0
5 2.37 50 0.000696898 1
6 2.37 24.8326 0.552565 -0.191133 0.186311
0 2.38 0.106998 -0.274072 1.70626 -0.0510108 0.0787643 1.49895 0.0378596 -0.0175446 -0.239493 -0.0209853 0.0234281 -0.00291979
1 2.38 0.108512 -0.274774 1.69668 -0.0518632 0.0796942 1.49879 0.0192246 0.0162656 -0.221576 0.467875 -0.14206 0.0562078
4 2.38 1.5 0 1.5 0 0 1.57075 0 0 0 0 0 0
5 2.38 50 0.00119758 1
6 2.38 25.2429 0.546984 -0.189873 0.188764
0 2.39 0.108021 -0.276819 1.70186 -0.0511593 0.078892 1.49891 0.0385061 -0.0192418 -0.347982 -0.0219803 0.0205521 -0.0049708
1 2.39 0.109562 -0.277589 1.68794 -0.0520576 0.0797028 1.49867 0.0193468 0.0154745 -0.319789 0.460089 -0.144186 0.0547461
4 2.39 1.5 0 1.5 0 0 1.57075 0 0 0 0 0 0
5 2.39 50 0.000800371 1
6 2.39 25.8756 0.539383 -0.189016 0.190646
0 2.4 0.108651 -0.278303 1.69807 -0.0514569 0.0790432 1.49892 0.0391351 -0.020028 -0.425531 -0.0295597 0.0161634 -0.00265699
1 2.4 0.110216 -0.279104 1.68105 -0.0526503 0.0796834 1.49878 0.0195168 0.0153695 -0.389979 0.454589 -0.146359 0.0558647
4 2.4 1.5 0 1.5 0 0 1.57075 0 0 0 0 0 0
5 2.4 50 0.000720739 1
6 2.4 26.3291 0.541714 -0.186472 0.18683
0 2.41 0.109443 -0.28054 1.69294 -0.0516887 0.0791399 1.49886 0.0399206 -0.0214724 -0.50585 -0.028147 0.0158107 -0.00057218
1 2.41 0.11104 -0.281399 1.6727 -0.0528189 0.0797703 1.4988 0.0198504 0.0146181 -0.462535 0.449382 -0.147808 0.0569585
4 2.41 1.5 0 1.5 0 0 1.57075 0 0 0 0 0 0
5 2.41 50 0.00106573 1
6 2.41 26.8072 0.534311 -0.187725 0.183666
0 2.42 0.110176 -0.28236 1.68684 -0.0519721 0.079322 1.49879 0.0410436 -0.0228956 -0.591203 -0.026524 0.02123 -0.00426301
1 2.42 0.111818 -0.283276 1.6632 -0.0530501 0.0801612 1.49857 0.0204732 0.0139737 -0.539593 0.443986 -0.149636 0.0545774
4 2.42 1.5 0 1.5 0 0 1.57075 0 0 0 0 0 0
5 2.42 50 0.000761271 1
6 2.42 27.3183 0.52645 -0.196048 0.187847
0 2.43 0.11111 -0.284937 1.67824 -0.0522793 0.0795101 1.49874 0.0441562 -0.0305066 -0.695184 -0.0228322 0.0144735 -0.00115211
1 2.43 0.112876 -0.286157 1.65043 -0.0531987 0.0800858 1.49866 0.022978 0.00731146 -0.633315 0.436985 -0.149438 0.0563598
4 2.43 1.5 0 1.5 0 0 1.57075 0 0 0 0 0 0
5 2.43 50 0.000892878 1
6 2.43 27.9503 0.514491 -0.188061 0.183606
0 2.44 0.111832 -0.286699 1.67032 -0.0524751 0.0794706 1.49872 0.0465943 -0.0355031 -0.782868 -0.0246167 0.00585586 -0.00687996
1 2.44 0.113696 -0.288119 1.639 -0.0534826 0.0796901 1.49843 0.024919 0.00302852 -0.712293 0.430952 -0.149434 0.0528198
4 2.44 1.5 0 1.5 0 0 1.57075 0 0 0 0 0 0
5 2.44 50 0.000714064 1
6 2.44 28.4862 0.509736 -0.178181 0.190591
0 2.45 0.112544 -0.288716 1.66202 -0.0527475 0.0794458 1.49862 0.0487744 -0.0396246 -0.870681 -0.0306908 0.00655627 -0.00508092
1 2.45 0.114495 -0.290301 1.62719 -0.0539924 0.079697 1.4984 0.0265642 -0.000366254 -0.79137 0.42506 -0.149657 0.0537618
4 2.45 1.5 0 1.5 0 0 1.57075 0 0 0 0 0 0
5 2.45 50 0.000974178 1
6 2.45 29.0241 0.50994 -0.17924 0.187855
0 2.47 0.113536 -0.291014 1.64781 -0.0533553 0.0794083 1.49874 0.0516273 -0.0440939 -1.00181 -0.0328441 0.00294141 0.00576273
1 2.47 0.115601 -0.292778 1.60773 -0.0546513 0.0795381 1.49897 0.0284952 -0.00373946 -0.909337 0.41756 -0.151126 0.0597996
4 2.47 1.5 0 1.5 0 0 1.57075 0 0 0 0 0 0
5 2.47 50 0.000678301 1
6 2.47 29.8351 0.503962 -0.17675 0.172512
0 2.48 0.114302 -0.293172 1.63624 -0.0536893 0.0793878 1.49878 0.0539465 -0.0476113 -1.11057 -0.0350093 0.00255835 0.000592533
1 2.48 0.11646 -0.295077 1.59182 -0.0550883 0.0794913 1.4988 0.0301249 -0.0063467 -1.00716 0.411285 -0.15219 0.0564258
4 2.48 1.5 0 1.5 0 0 1.57075 0 0 0 0 0 0
5 2.48 50 0.0013442 1
6 2.48 30.5078 0.499362 -0.177545 0.178248
0 2.49 0.115064 -0.29492 1.62288 -0.0541039 0.0794213 1.49877 0.0560167 -0.0503632 -1.21953 -0.0335144 0.00876411 -0.00181103
1 2.49 0.117304 -0.296935 1.5741 -0.0554517 0.0797675 1.49868 0.0314528 -0.00814356 -1.10504 0.40574 -0.153861 0.0547
4 2.49 1.5 0 1.5 0 0 1.57075 0 0 0 0 0 0
5 2.49 50 0.000679016 1
6 2.49 31.1907 0.491484 -0.186589 0.180411
0 2.5 0.115766 -0.29699 1.60934 -0.0542988 0.0794561 1.49882 0.0576649 -0.0526992 -1.30876 -0.024551 0.00624172 0.00203332
1 2.5 0.118072 -0.299098 1.55699 -0.0552755 0.0797099 1.49888 0.0325472 -0.00967773 -1.18494 0.401456 -0.15522 0.0567861
4 2.5 1.5 0 1.5 0 0 1.57075 0 0 0 0 0 0
5 2.5 50 0.000688791 1
6 2.5 31.7656 0.476664 -0.185244 0.174798
0 2.52 0.116631 -0.299082 1.59109 -0.0546744 0.0796081 1.49888 0.0593024 -0.0547756 -1.42126 -0.0207067 0.0165632 0.003004
1 2.52 0.119003 -0.301273 1.53424 -0.055496 0.0802762 1.49897 0.0334125 -0.0106751 -1.28561 0.396005 -0.157479 0.0570066
4 2.52 1.5 0 1.5 0 0 1.57075 0 0 0 0 0 0
5 2.52 50 0.000713348 1
6 2.52 32.4946 0.466266 -0.199677 0.172403
0 2.53 0.117402 -0.301303 1.57334 -0.0548914 0.0797943 1.49881 0.0607653 -0.0564406 -1.52944 -0.0173525 0.0195453 -0.00388531
1 2.53 0.119833 -0.303561 1.51216 -0.0556013 0.0805664 1.49861 0.0342087 -0.0112759 -1.38237 0.391043 -0.160149 0.0526731
4 2.53 1.5 0 1.5 0 0 1.57075 0 0 0 0 0 0
5 2.53 50 0.000956297 1
6 2.53 33.1976 0.456951 -0.206173 0.180562
0 2.54 0.118184 -0.303109 1.55412 -0.054978 0.0799555 1.49882 0.062392 -0.0575119 -1.63605 -0.00988689 0.0294248 0.00650667
1 2.54 0.12068 -0.305409 1.48868 -0.0553578 0.0811451 1.49901 0.0352311 -0.0112986 -1.47757 0.386277 -0.163113 0.0585948
4 2.54 1.5 0 1.5 0 0 1.57075 0 0 0 0 0 0
5 2.54 50 0.00101709 1
6 2.54 33.901 0.443287 -0.220898 0.166291
0 2.55 0.119045 -0.305588 1.53024 -0.0549926 0.0804335 1.49891 0.0640267 -0.0590103 -1.7453 0.000523174 0.0469621 0.0028721
1 2.55 0.121606 -0.307949 1.46042 -0.0549708 0.0823154 1.49893 0.0362764 -0.011517 -1.57475 0.381244 -0.16664 0.0561005
4 2.55 1.5 0 1.5 0 0 1.57075 0 0 0 0 0 0
5 2.55 50 0.000774145 1
6 2.55 34.6447 0.426002 -0.24507 0.169932
0 2.57 0.119886 -0.30755 1.5063 -0.0550658 0.081595 1.49877 0.0652847 -0.0599382 -1.84955 -0.00950707 0.0767824 -0.00783771
1 2.57 0.122497 -0.309948 1.43232 -0.0554855 0.0846444 1.49828 0.036976 -0.0107945 -1.66747 0.375479 -0.172666 0.0494213
4 2.57 1.5 0 1.5 0 0 1.57075 0 0 0 0 0 0
5 2.57 50 0.000730515 1
6 2.57 35.3579 0.430714 -0.286204 0.182798
0 2.58 0.120445 -0.309301 1.4885 -0.0551696 0.0823021 1.49869 0.0659853 -0.060445 -1.9315 -0.0138892 0.081619 -0.00541079
1 2.58 0.123085 -0.311719 1.41124 -0.0557579 0.08555 1.49829 0.0372053 -0.010112 -1.74044 0.371534 -0.177056 0.0506578
4 2.58 1.5 0 1.5 0 0 1.57075 0 0 0 0 0 0
5 2.58 50 0.00138474 1
6 2.58 35.913 0.431216 -0.29679 0.178998
0 2.59 0.12107 -0.310856 1.46844 -0.0553977 0.0831403 1.49851 0.0664347 -0.0608514 -2.01695 -0.0273923 0.0902402 -0.0123119
1 2.59 0.123727 -0.313291 1.38777 -0.0565511 0.0867171 1.49782 0.0370955 -0.0091886 -1.81643 0.367136 -0.181996 0.0463135
4 2.59 1.5 0 1.5 0 0 1.57075 0 0 0 0 0 0
5 2.59 50 0.000777721 1
6 2.59 36.4978 0.441349 -0.312371 0.187159
0 2.6 0.121944 -0.313309 1.43698 -0.0558922 0.0843371 1.49822 0.0668284 -0.061118 -2.13878 -0.0483112 0.103856 -0.016959
1 2.6 0.124617 -0.315754 1.35143 -0.0579015 0.088447 1.49731 0.0365755 -0.00750242 -1.92457 0.361215 -0.18924 0.0431901
4 2.6 1.5 0 1.5 0 0 1.57075 0 0 0 0 0 0
5 2.6 50 0.000683784 1
6 2.6 37.3453 0.458078 -0.336343 0.19202
0 2.62 0.122791 -0.315115 1.40655 -0.0572799 0.0863157 1.49787 0.0673199 -0.0606197 -2.24584 -0.0783525 0.0994834 -0.0103791
1 2.62 0.125483 -0.31754 1.31671 -0.0604695 0.0902647 1.49723 0.0357087 -0.00463773 -2.01962 0.356931 -0.199614 0.0466511
4 2.62 1.5 0 1.5 0 0 1.57075 0 0 0 0 0 0
5 2.62 50 0.000680208 1
6 2.62 38.0948 0.486958 -0.343228 0.18206
0 2.63 0.123436 -0.31723 1.37912 -0.0581035 0.0872563 1.49766 0.0686665 -0.0660328 -2.33724 -0.0826509 0.10254 -0.0155289
1 2.63 0.126183 -0.319871 1.28563 -0.0614846 0.091315 1.4968 0.0360479 -0.00845559 -2.10046 0.354051 -0.203399 0.0433708
4 2.63 1.5 0 1.5 0 0 1.57075 0 0 0 0 0 0
5 2.63 50 0.000759363 1
6 2.63 38.7499 0.488499 -0.351117 0.188028
0 2.64 0.124019 -0.318761 1.35547 -0.058913 0.0881605 1.4975 0.0694834 -0.06919 -2.41076 -0.0835519 0.0996897 -0.0117751
1 2.64 0.126798 -0.321529 1.25904 -0.0623174 0.0921134 1.4968 0.0359501 -0.0102046 -2.16539 0.352323 -0.2077 0.0453974
4 2.64 1.5 0 1.5 0 0 1.57075 0 0 0 0 0 0
5 2.64 50 0.000682592 1
6 2.64 39.2833 0.487608 -0.352757 0.182514
0 2.65 0.124665 -0.320828 1.32451 -0.0595541 0.0887771 1.49737 0.0699738 -0.0716246 -2.5023 -0.0877309 0.0909122 -0.0128372
1 2.65 0.127464 -0.323693 1.22442 -0.0631282 0.0923766 1.49664 0.0354855 -0.0111944 -2.24605 0.349472 -0.211712 0.0444962
4 2.65 1.5 0 1.5 0 0 1.57075 0 0 0 0 0 0
5 2.65 50 0.000775576 1
6 2.65 39.9579 0.489094 -0.3473 0.183028
0 2.66 0.125168 -0.32212 1.30176 -0.0604143 0.0895226 1.49718 0.0700916 -0.0725433 -2.56533 -0.0863943 0.0810187 -0.0113097
1 2.66 0.127972 -0.325022 1.19915 -0.0639282 0.0927301 1.49653 0.0346815 -0.0108727 -2.30156 0.348764 -0.216089 0.0452311
4 2.66 1.5 0 1.5 0 0 1.57075 0 0 0 0 0 0
5 2.66 50 0.000691652 1
6 2.66 40.4257 0.486827 -0.340959 0.180498
0 2.67 0.125688 -0.323907 1.27214 -0.0612597 0.0902338 1.49708 0.0703055 -0.0729965 -2.63475 -0.0819276 0.0757255 -0.0053965
1 2.67 0.128501 -0.326827 1.16675 -0.0645731 0.0932439 1.49667 0.0339006 -0.00998768 -2.36228 0.347674 -0.22071 0.0484988
4 2.67 1.5 0 1.5 0 0 1.57075 0 0 0 0 0 0
5 2.67 50 0.000825882 1
6 2.67 40.9659 0.480651 -0.340144 0.172054
0 2.69 0.126534 -0.32602 1.22924 -0.0627993 0.0917952 1.49685 0.0701479 -0.0725375 -2.72945 -0.0668885 0.0747868 -0.00922129
1 2.69 0.12934 -0.328922 1.12006 -0.065526 0.0947576 1.49629 0.0321291 -0.00724831 -2.44505 0.347975 -0.229721 0.0458475
4 2.69 1.5 0 1.5 0 0 1.57075 0 0 0 0 0 0
5 2.69 50 0.000702381 1
6 2.69 41.7115 0.464137 -0.34942 0.175801
0 2.7 0.127038 -0.327793 1.19661 -0.0634558 0.0924981 1.49669 0.0697519 -0.0716834 -2.80332 -0.0641418 0.0743947 -0.0106449
1 2.7 0.129828 -0.330661 1.08448 -0.0660784 0.0954409 1.49607 0.0307979 -0.00496562 -2.50956 0.346862 -0.235007 0.0447459
4 2.7 1.5 0 1.5 0 0 1.57075 0 0 0 0 0 0
5 2.7 50 0.000722408 1
6 2.7 42.2931 0.459811 -0.35504 0.17683
0 2.71 0.127509 -0.329038 1.16948 -0.0640664 0.0931733 1.49657 0.0692996 -0.0704259 -2.86069 -0.0580863 0.0694901 -0.00697676
1 2.71 0.130281 -0.331855 1.05506 -0.0664325 0.0959294 1.49611 0.0295406 -0.0024823 -2.55953 0.346056 -0.239857 0.0467319
4 2.71 1.5 0 1.5 0 0 1.57075 0 0 0 0 0 0
5 2.71 50 0.000741005 1
6 2.71 42.7528 0.452159 -0.354955 0.17146
0 2.72 0.127868 -0.330452 1.14165 -0.0647083 0.0939366 1.49641 0.0687046 -0.0690715 -2.91625 -0.0596252 0.07467 -0.00732197
1 2.72 0.130616 -0.333215 1.025 -0.067139 0.0968982 1.49593 0.0281246 0.000161945 -2.60784 0.345539 -0.24511 0.0462703
4 2.72 1.5 0 1.5 0 0 1.57075 0 0 0 0 0 0
5 2.72 50 0.000734091 1
6 2.72 43.2053 0.453296 -0.366927 0.171088
0 2.73 0.128299 -0.331679 1.113 -0.0652418 0.0945571 1.49636 0.0678353 -0.0670424 -2.96996 -0.0587123 0.0734466 -0.00565466
1 2.73 0.131012 -0.334361 0.994199 -0.0676299 0.097474 1.49594 0.026493 0.00337333 -2.65437 0.344291 -0.249896 0.0469779
4 2.73 1.5 0 1.5 0 0 1.57075 0 0 0 0 0 0
5 2.73 50 0.000782013 1
6 2.73 43.6523 0.45089 -0.371006 0.168025
0 2.74 0.128735 -0.333318 1.07595 -0.0658535 0.0952527 1.49624 0.0664232 -0.0637902 -3.03408 -0.06103 0.0744187 -0.00945198
1 2.74 0.131392 -0.33587 0.954586 -0.0683494 0.0981981 1.49567 0.0241682 0.00804213 -2.70967 0.343858 -0.25601 0.0443848
4 2.74 1.5 0 1.5 0 0 1.57075 0 0 0 0 0 0
5 2.74 50 0.00074172 1
6 2.74 44.2004 0.452975 -0.379157 0.171869
0 2.75 0.129284 -0.33472 1.0367 -0.0665272 0.0959659 1.49607 0.0645216 -0.0599725 -3.09743 -0.0652874 0.0720778 -0.0122781
1 2.75 0.131865 -0.337119 0.912801 -0.0692044 0.0988099 1.49539 0.021298 0.013317 -2.76412 0.342239 -0.262118 0.04237
4 2.75 1.5 0 1.5 0 0 1.57075 0 0 0 0 0 0
5 2.75 50 0.00101495 1
6 2.75 44.7543 0.455912 -0.383497 0.174459
0 2.76 0.129663 -0.3364 0.99452 -0.0673072 0.0967 1.4959 0.0626326 -0.0559401 -3.15739 -0.0603611 0.0597051 -0.0143658
1 2.76 0.132168 -0.338638 0.868224 -0.0697928 0.0990442 1.49517 0.0183572 0.0188332 -2.81527 0.342963 -0.268675 0.0408774
4 2.76 1.5 0 1.5 0 0 1.57075 0 0 0 0 0 0
5 2.76 50 0.000723124 1
6 2.76 45.3034 0.451213 -0.37683 0.17636
0 2.78 0.130141 -0.337796 0.95143 -0.0684226 0.0976787 1.49555 0.060279 -0.0512543 -3.2157 -0.0635492 0.0614633 -0.0143517
1 2.78 0.132552 -0.339846 0.822803 -0.0710372 0.100092 1.4948 0.0147262 0.0252093 -2.86494 0.342972 -0.276235 0.0405863
4 2.78 1.5 0 1.5 0 0 1.57075 0 0 0 0 0 0
5 2.78 50 0.00148296 1
6 2.78 45.8438 0.454788 -0.387524 0.175385
0 2.79 0.130335 -0.338981 0.920485 -0.0690768 0.0982408 1.49543 0.0581239 -0.0474285 -3.25722 -0.0647465 0.0584949 -0.009786
1 2.79 0.13266 -0.340878 0.790196 -0.071721 0.100548 1.49487 0.0117357 0.0301402 -2.90026 0.343067 -0.281339 0.0430457
4 2.79 1.5 0 1.5 0 0 1.57075 0 0 0 0 0 0
5 2.79 50 0.000752211 1
6 2.79 46.231 0.456259 -0.389952 0.168661
0 2.8 0.130683 -0.340156 0.880743 -0.0697202 0.0987239 1.49535 0.055236 -0.0422534 -3.30631 -0.062232 0.0490619 -0.00856487
1 2.8 0.132893 -0.341846 0.748491 -0.0722569 0.100658 1.49487 0.00791618 0.0365142 -2.94171 0.343121 -0.286898 0.0434861
4 2.8 1.5 0 1.5 0 0 1.57075 0 0 0 0 0 0
5 2.8 50 0.000722885 1
6 2.8 46.7061 0.453519 -0.385498 0.166169
0 2.82 0.131228 -0.342937 0.785308 -0.0710682 0.0997197 1.49505 0.04879 -0.0341512 -3.40002 -0.0628951 0.0456363 -0.011299
1 2.82 0.13318 -0.344303 0.649307 -0.0736421 0.101508 1.49447 -0.000548994 0.0472285 -3.01869 0.341379 -0.298061 0.0411219
4 2.82 1.5 0 1.5 0 0 1.57075 0 0 0 0 0 0
5 2.82 50 0.000666142 1
6 2.82 47.7482 0.452303 -0.394391 0.167351
0 2.84 0.131297 -0.343995 0.751207 -0.0722143 0.100234 1.49493 0.0458861 -0.0313519 -3.42921 -0.0580962 0.028913 -0.0051789
1 2.84 0.133132 -0.345249 0.614038 -0.0745673 0.101373 1.49464 -0.00464768 0.0510566 -3.04265 0.345126 -0.302743 0.0445534
4 2.84 1.5 0 1.5 0 0 1.57075 0 0 0 0 0 0
5 2.84 50 0.000737906 1
6 2.84 48.0775 0.451157 -0.380541 0.158768
0 2.85 0.131435 -0.344836 0.71705 -0.072657 0.100413 1.49484 0.0431796 -0.0276279 -3.45771 -0.0510724 0.0281639 -0.00933853
1 2.85 0.133162 -0.345941 0.578742 -0.0747457 0.10151 1.49438 -0.00811248 0.055647 -3.0646 0.344541 -0.308003 0.0416099
4 2.85 1.5 0 1.5 0 0 1.57075 0 0 0 0 0 0
5 2.85 50 0.000955582 1
6 2.85 48.4844 0.442633 -0.385731 0.162651
0 2.86 0.131502 -0.346079 0.666215 -0.0732506 0.100664 1.49464 0.0388076 -0.0208752 -3.49731 -0.055824 0.0288444 -0.0113949
1 2.86 0.133054 -0.346914 0.526323 -0.0755381 0.101782 1.49409 -0.0134337 0.0634679 -3.09645 0.344118 -0.313017 0.0401119
4 2.86 1.5 0 1.5 0 0 1.57075 0 0 0 0 0 0
5 2.86 50 0.000712872 1
6 2.86 48.9657 0.447471 -0.392278 0.164434
0 2.87 0.13164 -0.346848 0.622313 -0.0738311 0.100854 1.49454 0.0350163 -0.0143271 -3.52981 -0.0580439 0.0225321 -0.00555177
1 2.87 0.133041 -0.347421 0.481121 -0.076182 0.101737 1.49425 -0.0181025 0.070902 -3.12244 0.344119 -0.317611 0.0433236
4 2.87 1.5 0 1.5 0 0 1.57075 0 0 0 0 0 0
5 2.87 50 0.000875235 1
6 2.87 49.3706 0.449973 -0.39028 0.156033
0 2.88 0.131547 -0.347743 0.583782 -0.0743633 0.101012 1.49451 0.0317244 -0.00918603 -3.55701 -0.0509094 0.0185657 -0.00238716
1 2.88 0.132816 -0.348111 0.441501 -0.0764149 0.101746 1.49436 -0.0224535 0.0772275 -3.14006 0.339767 -0.327759 0.043932
4 2.88 1.5 0 1.5 0 0 1.57075 0 0 0 0 0 0
5 2.88 50 0.00134754 2
6 2.88 49.9646 0.437127 -0.397356 0.147873
0 2.9 0.131543 -0.348599 0.526874 -0.0752168 0.101147 1.49444 0.0269132 -0.000917653 -3.59456 -0.038994 0.00291557 -0.00510592
1 2.9 0.13262 -0.348636 0.383092 -0.0767981 0.101248 1.49423 -0.0284953 0.086528 -3.16953 0.342634 -0.333162 0.0421066
4 2.9 1.5 0 1.5 0 0 1.57075 0 0 0 0 0 0
5 2.9 50 0.00128102 2
6 2.9 50.4679 0.427005 -0.385606 0.150726
0 2.91 0.131366 -0.349419 0.484671 -0.0754688 0.101151 1.49441 0.0228519 0.00571869 -3.62007 -0.0298204 0.00138197 -0.00320137
1 2.91 0.13228 -0.34919 0.339868 -0.076675 0.101197 1.49428 -0.0331742 0.0938348 -3.18896 0.343211 -0.33723 0.0430481
4 2.91 1.5 0 1.5 0 0 1.57075 0 0 0 0 0 0
5 2.91 50 0.0011344 2
6 2.91 50.8435 0.417387 -0.388505 0.147651
0 2.92 0.131284 -0.34986 0.449683 -0.0757153 0.10109 1.4944 0.0196419 0.011504 -3.63964 -0.0242932 -0.00540396 -0.00525424
1 2.92 0.132069 -0.3494 0.304097 -0.0767066 0.100859 1.4942 -0.0369414 0.100135 -3.2034 0.343628 -0.340682 0.0416256
4 2.92 1.5 0 1.5 0 0 1.57075 0 0 0 0 0 0
5 2.92 50 0.00108123 2
6 2.92 51.1609 0.411673 -0.384682 0.149664
0 2.93 0.131031 -0.350535 0.407863 -0.075977 0.101006 1.49444 0.0153174 0.019078 -3.66032 -0.019433 -0.00189224 0.00016357
1 2.93 0.131643 -0.349772 0.26145 -0.0767531 0.100931 1.49445 -0.041953 0.108371 -3.21737 0.342257 -0.346351 0.0442691
4 2.93 1.5 0 1.5 0 0 1.57075 0 0 0 0 0 0
5 2.93 50 0.0017662 2
6 2.93 51.576 0.404697 -0.395206 0.140807
0 2.94 0.13088 -0.35085 0.372872 -0.0761952 0.100945 1.49448 0.0118123 0.0253882 -3.67655 -0.0218756 -0.00505612 -0.00374463
1 2.94 0.131353 -0.349835 0.22581 -0.0770838 0.100732 1.49434 -0.0459543 0.115115 -3.22917 0.341651 -0.348978 0.0417473
4 2.94 1.5 0 1.5 0 0 1.57075 0 0 0 0 0 0
5 2.94 50 0.00117993 2
6 2.94 51.8503 0.406754 -0.394596 0.145233
0 2.95 0.130972 -0.35247 0.333622 -0.0637533 0.087293 1.4952 0.100079 -0.178009 -2.97797 3.34822 -3.66595 -0.047765
1 2.95 0.134975 -0.359591 0.214503 0.0708261 -0.0591689 1.50266 0.054691 -0.10504 -2.57813 0.560728 -0.169271 0.0300662
4 2.95 1.5 0 1.5 0 0 1.57075 0 0 0 0 0 0
5 2.95 50 0.0010848 1
6 2.95 48.8093 -3.10462 4.02508 0.234525
0 2.96 0.131866 -0.355552 0.30197 -0.00433403 0.0198749 1.49556 0.146314 -0.297817 -2.37296 5.94714 -7.09638 -0.141008
1 2.96 0.137719 -0.367464 0.207052 0.233464 -0.264002 1.49114 0.14435 -0.283826 -2.07088 0.676428 -0.336869 -0.0434987
4 2.96 1.5 0 1.5 0 0 1.57075 0 0 0 0 0 0
5 2.96 50 0.00106645 1
6 2.96 42.5455 -5.81558 7.8249 0.263331
0 2.98 0.136584 -0.36361 0.277067 0.0758541 -0.0903472 1.48886 0.191915 -0.415567 -1.76759 3.26893 -4.86603 -0.0647471
1 2.98 0.144261 -0.380233 0.206363 0.208182 -0.284232 1.47146 0.235644 -0.477066 -1.52293 0.3097 0.222159 0.00595427
4 2.98 1.5 0 1.5 0 0 1.57075 0 0 0 0 0 0
5 2.98 50 0.00171471 2
6 2.98 39.2928 -3.28533 5.85535 0.207634
0 2.99 0.141201 -0.372301 0.257927 0.106607 -0.135886 1.48362 0.224725 -0.496336 -1.33667 2.92542 -4.42987 -0.0482442
1 2.99 0.15019 -0.392154 0.20446 0.226464 -0.31187 1.46266 0.280405 -0.581061 -1.14722 0.222536 0.363002 0.0178884
4 2.99 1.5 0 1.5 0 0 1.57075 0 0 0 0 0 0
5 2.99 50 0.000765324 1
6 2.99 36.1756 -3.0068 5.51068 0.196399
0 3 0.14744 -0.380472 0.258737 0.134861 -0.176653 1.47801 0.246065 -0.54211 -1.09342 2.62764 -3.89948 -0.0436382
1 3 0.157282 -0.402157 0.215 0.244019 -0.330981 1.45495 0.311062 -0.644707 -0.947302 0.138703 0.469761 0.0229967
4 3 1.5 0 1.5 0 0 1.57075 0 0 0 0 0 0
5 3 50 0.00108361 2
6 3 33.8128 -2.77097 5.02244 0.201086
0 3.02 0.154314 -0.39051 0.258425 0.181948 -0.241446 1.46633 0.270438 -0.592955 -0.851315 1.88364 -2.79395 -0.084236
1 3.02 0.165132 -0.414229 0.224373 0.26309 -0.350749 1.44209 0.348851 -0.720457 -0.761966 -0.0211069 0.671179 -0.00299409
4 3.02 1.5 0 1.5 0 0 1.57075 0 0 0 0 0 0
5 3.02 50 0.000494003 0
6 3.02 30.8986 -2.11199 3.98878 0.253383
0 3.03 0.163022 -0.401888 0.267414 0.201328 -0.268285 1.46007 0.294348 -0.641016 -0.6654 1.74306 -2.65867 -0.10867
1 3.03 0.174796 -0.427529 0.240798 0.278068 -0.371615 1.4336 0.375867 -0.775356 -0.604896 -0.076917 0.759323 -0.0205014
4 3.03 1.5 0 1.5 0 0 1.57075 0 0 0 0 0 0
5 3.03 50 0.000370979 0
6 3.03 30.8986 -2.11199 3.98878 0.253383
0 3.04 0.170915 -0.413324 0.273589 0.220804 -0.295445 1.45261 0.319812 -0.689684 -0.511839 1.57596 -2.51496 -0.147459
1 3.04 0.183708 -0.440911 0.253116 0.2923 -0.39231 1.42356 0.404176 -0.830884 -0.476225 -0.133926 0.862186 -0.0483548
4 3.04 1.5 0 1.5 0 0 1.57075 0 0 0 0 0 0
5 3.04 50 0.00037837 0
6 3.04 30.8986 -2.11199 3.98878 0.253383
0 3.06 0.181234 -0.426814 0.288205 0.254755 -0.341539 1.43718 0.350249 -0.744653 -0.371515 1.4305 -2.42683 -0.219319
1 3.06 0.195244 -0.4566 0.273345 0.323689 -0.433268 1.40221 0.439397 -0.897766 -0.37043 -0.218098 1.0038 -0.0986099
4 3.06 1.5 0 1.5 0 0 1.57075 0 0 0 0 0 0
5 3.06 50 0.000370502 0
6 3.06 30.8986 -2.11199 3.98878 0.253383
0 3.07 0.189891 -0.439487 0.297738 0.275908 -0.369494 1.42561 0.38073 -0.799244 -0.267718 1.34938 -2.38972 -0.283753
1 3.07 0.20512 -0.471457 0.287029 0.344198 -0.458375 1.38597 0.471067 -0.957126 -0.290486 -0.271856 1.09585 -0.142434
4 3.07 1.5 0 1.5 0 0 1.57075 0 0 0 0 0 0
5 3.07 50 0.00037837 0
6 3.07 30.8986 -2.11199 3.98878 0.253383
0 3.08 0.202596 -0.455952 0.31886 0.288601 -0.385902 1.41787 0.41625 -0.859801 -0.175575 1.32243 -2.37998 -0.314263
1 3.08 0.219246 -0.490344 0.311837 0.357402 -0.473586 1.37561 0.505773 -1.01801 -0.216669 -0.309004 1.16181 -0.163116
4 3.08 1.5 0 1.5 0 0 1.57075 0 0 0 0 0 0
5 3.08 50 0.000554323 0
6 3.08 30.8986 -2.11199 3.98878 0.253383
0 3.1 0.212562 -0.470139 0.332577 0.323566 -0.428668 1.39488 0.448306 -0.915228 -0.110974 1.28381 -2.3458 -0.384325
1 3.1 0.230494 -0.506749 0.328138 0.395214 -0.512743 1.34606 0.53936 -1.08074 -0.181678 -0.376834 1.29447 -0.209897
4 3.1 1.5 0 1.5 0 0 1.57075 0 0 0 0 0 0
5 3.1 50 0.000761509 0
6 3.1 22.8498 -1.78436 4.21748 0.553438
0 3.11 0.223443 -0.484112 0.351413 0.34161 -0.449082 1.38252 0.482389 -0.972978 -0.0546908 1.28441 -2.3213 -0.418541
1 3.11 0.242738 -0.523031 0.349226 0.415579 -0.53096 1.33048 0.573268 -1.14015 -0.141621 -0.408415 1.39486 -0.234971
4 3.11 1.5 0 1.5 0 0 1.57075 0 0 0 0 0 0
5 3.11 50 0.000770569 1
6 3.11 22.0431 -1.81464 4.30823 0.582659
0 3.12 0.231507 -0.49544 0.363134 0.36062 -0.468862 1.3688 0.509712 -1.0211 -0.0186945 1.30629 -2.27951 -0.474511
1 3.12 0.251895 -0.536284 0.362386 0.438165 -0.547481 1.31283 0.602182 -1.19302 -0.115204 -0.415334 1.55067 -0.279185
4 3.12 1.5 0 1.5 0 0 1.57075 0 0 0 0 0 0
5 3.12 50 0.00110316 1
6 3.12 21.7123 -1.83785 4.44587 0.620191
0 3.13 0.248274 -0.51784 0.390019 0.380413 -0.487902 1.35418 0.554899 -1.09894 0.0285552 1.3231 -2.2459 -0.512366
1 3.13 0.27047 -0.561797 0.391161 0.461138 -0.563706 1.29488 0.645125 -1.26824 -0.088829 -0.456944 1.61792 -0.303931
4 3.13 1.5 0 1.5 0 0 1.57075 0 0 0 0 0 0
5 3.13 50 0.00146437 1
6 3.13 20.5381 -1.89757 4.48927 0.662054
0 3.14 0.26083 -0.53605 0.406798 0.406526 -0.510784 1.33461 0.592897 -1.16648 0.0563306 1.35223 -2.20025 -0.558902
1 3.14 0.284545 -0.58271 0.409051 0.491624 -0.582781 1.27118 0.683023 -1.33716 -0.0775827 -0.472316 1.75906 -0.340126
4 3.14 1.5 0 1.5 0 0 1.57075 0 0 0 0 0 0
5 3.14 50 0.00172424 3
6 3.14 19.7592 -1.94089 4.60529 0.695061
0 3.16 0.273589 -0.552813 0.427387 0.445304 -0.540432 1.30543 0.631827 -1.23504 0.0802412 1.39976 -2.12238 -0.628494
1 3.16 0.298862 -0.602215 0.430596 0.536848 -0.606219 1.23632 0.724035 -1.41108 -0.0693478 -0.435231 2.03696 -0.410207
4 3.16 1.5 0 1.5 0 0 1.57075 0 0 0 0 0 0
5 3.16 50 0.000774145 1
6 3.16 19.2181 -1.94406 4.84507 0.693504
0 3.17 0.283338 -0.566757 0.440479 0.469913 -0.557092 1.28681 0.663682 -1.2928 0.0933259 1.41903 -2.08938 -0.667214
1 3.17 0.309885 -0.618469 0.444212 0.56507 -0.619523 1.21419 0.753129 -1.46407 -0.0753636 -0.464508 2.07293 -0.437778
4 3.17 1.5 0 1.5 0 0 1.57075 0 0 0 0 0 0
5 3.17 50 0.000867128 1
6 3.17 18.1057 -1.99346 4.85404 0.729103
0 3.18 0.299992 -0.589224 0.464915 0.486586 -0.56747 1.27405 0.706414 -1.37015 0.110707 1.43304 -2.05449 -0.706863
1 3.18 0.328249 -0.64403 0.469344 0.584332 -0.62689 1.19884 0.792187 -1.53462 -0.0742813 -0.490384 2.10447 -0.462124
4 3.18 1.5 0 1.5 0 0 1.57075 0 0 0 0 0 0
5 3.18 50 0.00124383 1
6 3.18 17.0434 -2.03333 4.85569 0.777984
0 3.19 0.31228 -0.60695 0.480375 0.517863 -0.585135 1.2498 0.740835 -1.4345 0.118169 1.43942 -2.02704 -0.76615
1 3.19 0.341913 -0.66433 0.485102 0.619674 -0.640414 1.16971 0.822521 -1.59144 -0.0883601 -0.524676 2.1334 -0.502504
4 3.19 1.5 0 1.5 0 0 1.57075 0 0 0 0 0 0
5 3.19 50 0.000746012 1
6 3.19 15.7174 -2.07059 4.86484 0.838373
0 3.2 0.328569 -0.629231 0.502722 0.54367 -0.598491 1.22925 0.785251 -1.51791 0.126241 1.42999 -2.02767 -0.799263
1 3.2 0.359979 -0.689947 0.507771 0.648137 -0.651365 1.14535 0.863794 -1.66916 -0.0957536 -0.503469 2.23397 -0.528823
4 3.2 1.5 0 1.5 0 0 1.57075 0 0 0 0 0 0
5 3.2 50 0.00137782 2
6 3.2 14.7615 -2.03079 4.98428 0.860083
0 3.22 0.343527 -0.651529 0.519265 0.590412 -0.620451 1.19044 0.829261 -1.60493 0.126033 1.38261 -2.04991 -0.873928
1 3.22 0.376697 -0.715726 0.524306 0.699087 -0.669106 1.09864 0.900532 -1.74323 -0.123686 -0.530088 2.26887 -0.581474
4 3.22 1.5 0 1.5 0 0 1.57075 0 0 0 0 0 0
5 3.22 50 0.00160789 3
6 3.22 12.9301 -1.99357 5.05526 0.930437
0 3.23 0.363032 -0.678674 0.54354 0.617632 -0.632116 1.16696 0.876127 -1.69963 0.125051 1.33551 -2.07576 -0.926297
1 3.23 0.398077 -0.746659 0.548542 0.72839 -0.67835 1.06992 0.943105 -1.83047 -0.139004 -0.446939 2.41034 -0.621747
4 3.23 1.5 0 1.5 0 0 1.57075 0 0 0 0 0 0
5 3.23 50 0.00121641 2
6 3.23 11.9519 -1.8371 5.24961 0.969126
0 3.24 0.380673 -0.70525 0.561404 0.659766 -0.648724 1.12897 0.922747 -1.79645 0.116029 1.25899 -2.12657 -0.985011
1 3.24 0.417583 -0.777108 0.566046 0.773259 -0.691785 1.02447 0.979822 -1.90958 -0.173682 -0.476488 2.4047 -0.66281
4 3.24 1.5 0 1.5 0 0 1.57075 0 0 0 0 0 0
5 3.24 50 0.00123024 2
6 3.24 9.98956 -1.77048 5.30169 1.02558
0 3.25 0.395238 -0.725308 0.579024 0.674026 -0.654018 1.1157 0.960706 -1.8749 0.108633 1.24033 -2.13917 -0.995815
1 3.25 0.433666 -0.800304 0.583369 0.788434 -0.696011 1.0092 1.01262 -1.97841 -0.192239 -0.487799 2.41383 -0.669044
4 3.25 1.5 0 1.5 0 0 1.57075 0 0 0 0 0 0
5 3.25 50 0.00128055 2
6 3.25 9.0408 -1.75935 5.32621 1.0402
0 3.26 0.412039 -0.750741 0.594916 0.709943 -0.666402 1.0816 1.007 -1.97448 0.0914245 1.18505 -2.17671 -1.04582
1 3.26 0.452319 -0.82972 0.598573 0.826924 -0.705168 0.969045 1.04932 -2.06031 -0.22992 -0.509316 2.40507 -0.702133
4 3.26 1.5 0 1.5 0 0 1.57075 0 0 0 0 0 0
5 3.26 50 0.00120807 2
6 3.26 7.30055 -1.70961 5.35958 1.09429
0 3.27 0.426012 -0.770231 0.610555 0.739869 -0.675737 1.05194 1.04451 -2.05495 0.0774431 1.13106 -2.21609 -1.10241
1 3.27 0.467793 -0.852429 0.613652 0.859127 -0.711476 0.933606 1.07848 -2.12505 -0.260034 -0.526065 2.39074 -0.736535
4 3.27 1.5 0 1.5 0 0 1.57075 0 0 0 0 0 0
5 3.27 50 0.00106764 2
6 3.27 5.8377 -1.65431 5.38895 1.16521
0 3.28 0.442722 -0.796049 0.624612 0.781018 -0.687048 1.01019 1.09055 -2.15824 0.0523246 1.07394 -2.24524 -1.14619
1 3.28 0.486344 -0.882379 0.626705 0.902558 -0.718554 0.886289 1.10672 -2.19249 -0.315193 -0.106431 2.70579 -0.879378
4 3.28 1.5 0 1.5 0 0 1.57075 0 0 0 0 0 0
5 3.28 50 0.000728607 1
6 3.28 2.77575 -1.1102 5.78253 0.849043
0 3.3 0.46677 -0.831197 0.646752 0.830935 -0.698451 0.957201 1.14117 -2.2695 0.0289855 0.948729 -2.30729 -1.23035
1 3.3 0.512417 -0.921977 0.647911 0.953976 -0.724325 0.824872 1.13987 -2.26663 -0.365317 -0.117535 2.62643 -0.926594
4 3.3 1.5 0 1.5 0 0 1.57075 0 0 0 0 0 0
5 3.3 50 0.000779867 1
6 3.3 -0.225722 -0.960819 5.75738 0.967243
0 3.31 0.484588 -0.858966 0.660178 0.85359 -0.702887 0.932527 1.18031 -2.35967 0.00425569 0.912261 -2.33248 -1.25369
1 3.31 0.5318 -0.953353 0.660348 0.977579 -0.726417 0.797169 1.17025 -2.33709 -0.402468 -0.117007 2.60632 -0.939373
4 3.31 1.5 0 1.5 0 0 1.57075 0 0 0 0 0 0
5 3.31 50 0.000732899 1
6 3.31 -1.74949 -0.912435 5.76125 1.00103
0 3.32 0.507293 -0.892656 0.67921 0.886032 -0.708358 0.896681 1.22841 -2.47232 -0.028272 0.87042 -2.34839 -1.28154
1 3.32 0.55643 -0.991549 0.678079 1.01096 -0.728066 0.75818 1.20646 -2.42157 -0.450953 -0.116783 2.57251 -0.954774
4 3.32 1.5 0 1.5 0 0 1.57075 0 0 0 0 0 0
5 3.32 50 0.00083065 1
6 3.32 -3.86128 -0.858384 5.73839 1.04088
0 3.33 0.528406 -0.926752 0.692367 0.923853 -0.713424 0.853995 1.27362 -2.58706 -0.0692336 0.794871 -2.37915 -1.32152
1 3.33 0.579351 -1.03023 0.689598 1.04895 -0.728606 0.711428 1.23885 -2.50363 -0.507914 -0.12056 2.53084 -0.974799
4 3.33 1.5 0 1.5 0 0 1.57075 0 0 0 0 0 0
5 3.33 50 0.0012033 1
6 3.33 -6.21968 -0.767073 5.72048 1.10477
0 3.35 0.54957 -0.958561 0.70857 0.978558 -0.718011 0.789864 1.31675 -2.7017 -0.111781 0.682064 -2.42652 -1.40268
1 3.35 0.60224 -1.06663 0.704099 1.10355 -0.725641 0.641347 1.26567 -2.57122 -0.569103 -0.122588 2.45628 -1.01071
4 3.35 1.5 0 1.5 0 0 1.57075 0 0 0 0 0 0
5 3.35 50 0.00111914 1
6 3.35 -9.45873 -0.621889 5.68149 1.24949
0 3.36 0.566416 -0.986101 0.718054 1.01824 -0.719196 0.741636 1.35066 -2.79831 -0.15222 0.575235 -2.46802 -1.47032
1 3.36 0.620442 -1.09803 0.711965 1.14186 -0.720951 0.588914 1.28834 -2.63061 -0.621515 -0.125772 2.41828 -1.03491
4 3.36 1.5 0 1.5 0 0 1.57075 0 0 0 0 0 0
5 3.36 50 0.000818729 1
6 3.36 -11.9274 -0.487502 5.67631 1.38842
0 3.37 0.588687 -1.02047 0.73296 1.04824 -0.71892 0.704225 1.39135 -2.91976 -0.203994 0.536951 -2.48383 -1.49038
1 3.37 0.644341 -1.13726 0.724801 1.17111 -0.716847 0.550278 1.32047 -2.72047 -0.682112 -0.123565 2.4151 -1.03749
4 3.37 1.5 0 1.5 0 0 1.57075 0 0 0 0 0 0
5 3.37 50 0.000725746 1
6 3.37 -13.979 -0.43622 5.68704 1.44431
0 3.38 0.61259 -1.06167 0.742764 1.0785 -0.717654 0.665518 1.43282 -3.05943 -0.271164 0.472061 -2.51002 -1.51813
1 3.38 0.669903 -1.18405 0.731917 1.19967 -0.711594 0.509973 1.35381 -2.82604 -0.757455 -0.120202 2.4297 -1.04075
4 3.38 1.5 0 1.5 0 0 1.57075 0 0 0 0 0 0
5 3.38 50 0.00107121 1
6 3.38 -16.1507 -0.350958 5.7269 1.5227
0 3.39 0.636627 -1.09935 0.757009 1.10834 -0.715243 0.626206 1.46737 -3.17543 -0.322172 0.369763 -2.54416 -1.58287
1 3.39 0.695322 -1.22637 0.744122 1.22679 -0.703982 0.468146 1.38104 -2.90616 -0.815721 -0.122917 2.44698 -1.05385
4 3.39 1.5 0 1.5 0 0 1.57075 0 0 0 0 0 0
5 3.39 50 0.000896215 1
6 3.39 -18.3943 -0.221819 5.77499 1.68783
0 3.4 0.65412 -1.12883 0.764666 1.13785 -0.71152 0.586089 1.49175 -3.26568 -0.365237 0.287885 -2.56456 -1.6203
1 3.4 0.71379 -1.25946 0.750057 1.25309 -0.695727 0.427238 1.4003 -2.96254 -0.863748 -0.122374 2.46123 -1.05912
4 3.4 1.5 0 1.5 0 0 1.57075 0 0 0 0 0 0
5 3.4 50 0.000760794 1
6 3.4 -20.454 -0.119105 5.8049 1.7907
0 3.42 0.683709 -1.17792 0.778262 1.18865 -0.701984 0.513528 1.52719 -3.41812 -0.440791 0.153351 -2.59185 -1.68195
1 3.42 0.744797 -1.31464 0.76063 1.29735 -0.67822 0.354688 1.43058 -3.05436 -0.944989 -0.12235 2.51165 -1.0639
4 3.42 1.5 0 1.5 0 0 1.57075 0 0 0 0 0 0
5 3.42 50 0.00115442 1
6 3.42 -24.0483 0.0481419 5.87676 1.97266
0 3.43 0.707827 -1.22155 0.785628 1.21331 -0.695698 0.4769 1.56908 -3.56152 -0.460306 0.0947798 -2.59944 -1.71247
1 3.43 0.770591 -1.36402 0.767215 1.31845 -0.667913 0.318781 1.47004 -3.16013 -0.96799 -0.118807 2.59229 -1.05512
4 3.43 1.5 0 1.5 0 0 1.57075 0 0 0 0 0 0
5 3.43 50 0.000743151 1
6 3.43 -26.289 0.125179 5.97005 2.09832
0 3.44 0.732965 -1.26341 0.79646 1.24043 -0.687261 0.436097 1.6011 -3.68127 -0.485262 0.0336592 -2.61349 -1.73885
1 3.44 0.797009 -1.41066 0.77705 1.34145 -0.65538 0.27898 1.50174 -3.24079 -0.994623 -0.115528 2.67388 -1.04725
4 3.44 1.5 0 1.5 0 0 1.57075 0 0 0 0 0 0
5 3.44 50 0.000961065 1
6 3.44 -28.5695 0.204843 6.07117 2.20784
0 3.45 0.760511 -1.31366 0.80374 1.27129 -0.675834 0.387088 1.6303 -3.82229 -0.532027 -0.0847524 -2.63771 -1.78333
1 3.45 0.825723 -1.46656 0.782459 1.3656 -0.638807 0.230897 1.53334 -3.33462 -1.04204 -0.116668 2.79574 -1.04309
4 3.45 1.5 0 1.5 0 0 1.57075 0 0 0 0 0 0
5 3.45 50 0.000793934 1
6 3.45 -31.2944 0.349104 6.22139 2.36348
0 3.47 0.788668 -1.36318 0.812734 1.3159 -0.654251 0.309127 1.65343 -3.96424 -0.589585 -0.255742 -2.65567 -1.85108
1 3.47 0.854805 -1.52175 0.78915 1.39882 -0.609385 0.156054 1.56889 -3.41181 -1.09611 -0.121743 2.97598 -1.04344
4 3.47 1.5 0 1.5 0 0 1.57075 0 0 0 0 0 0
5 3.47 50 0.000800848 1
6 3.47 -34.9363 0.552084 6.42205 2.57918
0 3.48 0.814518 -1.41345 0.816381 1.3358 -0.642136 0.271083 1.66883 -4.1037 -0.657032 -0.33533 -2.66112 -1.8832
1 3.48 0.881272 -1.57759 0.7901 1.41293 -0.593662 0.119915 1.59266 -3.51498 -1.16209 -0.121286 3.13993 -1.03817
4 3.48 1.5 0 1.5 0 0 1.57075 0 0 0 0 0 0
5 3.48 50 0.000719309 1
6 3.48 -37.0087 0.649467 6.6033 2.6988
0 3.49 0.847496 -1.47479 0.823273 1.35053 -0.63176 0.240918 1.68314 -4.25516 -0.731229 -0.427148 -2.66405 -1.91527
1 3.49 0.914821 -1.64499 0.794024 1.42179 -0.580283 0.091318 1.61474 -3.63276 -1.23579 -0.124338 3.31938 -1.0317
4 3.49 1.5 0 1.5 0 0 1.57075 0 0 0 0 0 0
5 3.49 50 0.000841618 1
6 3.49 -38.9617 0.756225 6.79707 2.82206
0 3.5 0.876112 -1.53328 0.824667 1.3715 -0.614529 0.194697 1.68918 -4.3989 -0.809473 -0.549317 -2.67111 -1.96069
1 3.5 0.943679 -1.70924 0.792288 1.43439 -0.558807 0.0475125 1.63681 -3.7354 -1.31097 -0.131904 3.53925 -1.02944
4 3.5 1.5 0 1.5 0 0 1.57075 0 0 0 0 0 0
5 3.5 50 0.000838518 1
6 3.5 -41.3098 0.895488 7.03595 2.97469
0 3.52 0.902564 -1.58412 0.828817 1.40004 -0.58361 0.120476 1.68861 -4.53317 -0.886572 -0.74077 -2.66386 -2.02424
1 3.52 0.970108 -1.76544 0.793355 1.44883 -0.521924 -0.0218448 1.67023 -3.81928 -1.38127 -0.142391 3.82451 -1.03125
4 3.52 1.5 0 1.5 0 0 1.57075 0 0 0 0 0 0
5 3.52 50 0.00074625 1
6 3.52 -44.1868 1.11066 7.31987 3.17236
0 3.53 0.928028 -1.63915 0.827891 1.4075 -0.572993 0.0972035 1.68174 -4.67267 -0.971841 -0.827502 -2.65279 -2.05049
1 3.53 0.995298 -1.82606 0.789017 1.45055 -0.509315 -0.043266 1.67575 -3.93392 -1.46612 -0.147326 4.02302 -1.02533
4 3.53 1.5 0 1.5 0 0 1.57075 0 0 0 0 0 0
5 3.53 50 0.00128698 1
6 3.53 -45.6781 1.20604 7.51856 3.27533
0 3.54 0.953527 -1.69083 0.829822 1.41732 -0.556423 0.0624653 1.66941 -4.80943 -1.05724 -0.903312 -2.64288 -2.07456
1 3.54 1.0203 -1.8832 0.787532 1.45406 -0.490578 -0.0755062 1.68396 -4.04583 -1.54963 -0.153544 4.25615 -1.01859
4 3.54 1.5 0 1.5 0 0 1.57075 0 0 0 0 0 0
5 3.54 50 0.000926733 1
6 3.54 -47.1781 1.28745 7.75998 3.37389
0 3.55 0.977264 -1.7457 0.826575 1.42717 -0.535042 0.0201898 1.65139 -4.94574 -1.14605 -1.02052 -2.62289 -2.11077
1 3.55 1.04332 -1.94353 0.780733 1.45505 -0.466498 -0.114562 1.69358 -4.15672 -1.63649 -0.161719 4.51376 -1.01399
4 3.55 1.5 0 1.5 0 0 1.57075 0 0 0 0 0 0
5 3.55 50 0.000809431 1
6 3.55 -48.7681 1.41382 8.00937 3.50451
0 3.56 1.00249 -1.79949 0.826545 1.43313 -0.516979 -0.0135519 1.63803 -5.06303 -1.21727 -1.11112 -2.60325 -2.13882
1 3.56 1.06801 -2.00201 0.777854 1.454 -0.446526 -0.145708 1.70429 -4.25597 -1.70697 -0.168525 4.73639 -1.00893
4 3.56 1.5 0 1.5 0 0 1.57075 0 0 0 0 0 0
5 3.56 50 0.000704527 1
6 3.56 -49.9556 1.51017 8.22382 3.61047
0 3.58 1.03478 -1.87846 0.819491 1.43922 -0.480408 -0.0772293 1.60936 -5.23064 -1.3254 -1.3241 -2.55447 -2.20436
1 3.58 1.09916 -2.08768 0.766475 1.44507 -0.406401 -0.204499 1.72453 -4.40327 -1.81566 -0.18669 5.07234 -1.00267
4 3.58 1.5 0 1.5 0 0 1.57075 0 0 0 0 0 0
5 3.58 50 0.000922918 1
6 3.58 -51.5147 1.73331 8.5083 3.84023
0 3.59 1.06112 -1.93871 0.816982 1.43956 -0.466092 -0.100791 1.57988 -5.3651 -1.41275 -1.40768 -2.52148 -2.23151
1 3.59 1.12432 -2.15331 0.760472 1.43943 -0.390798 -0.225798 1.71524 -4.52653 -1.90514 -0.192459 5.29181 -0.994725
4 3.59 1.5 0 1.5 0 0 1.57075 0 0 0 0 0 0
5 3.59 50 0.000862598 1
6 3.59 -52.3867 1.82002 8.70382 3.95247
0 3.6 1.08603 -2.0046 0.808835 1.43772 -0.441252 -0.139935 1.54343 -5.50314 -1.50624 -1.53715 -2.45894 -2.26994
1 3.6 1.14777 -2.22473 0.748586 1.42797 -0.364308 -0.261073 1.71137 -4.66189 -2.00231 -0.204215 5.52383 -0.982332
4 3.6 1.5 0 1.5 0 0 1.57075 0 0 0 0 0 0
5 3.6 50 0.000771046 1
6 3.6 -52.9256 1.94805 8.86939 4.115
0 3.62 1.11502 -2.07635 0.803018 1.42723 -0.397273 -0.204938 1.5101 -5.63723 -1.59061 -1.76619 -2.35108 -2.33453
1 3.62 1.17543 -2.30184 0.739393 1.40125 -0.318307 -0.320363 1.72826 -4.81982 -2.09561 -0.229939 5.68444 -0.959036
4 3.62 1.5 0 1.5 0 0 1.57075 0 0 0 0 0 0
5 3.62 50 0.00085187 1
6 3.62 -52.2756 2.16794 8.87733 4.39597
0 3.63 1.14189 -2.15123 0.793176 1.42169 -0.381714 -0.226353 1.48286 -5.77316 -1.63549 -1.83487 -2.30997 -2.35906
1 3.63 1.2012 -2.38216 0.727757 1.3906 -0.302125 -0.339918 1.71888 -4.95931 -2.14584 -0.238739 5.88 -0.944846
4 3.63 1.5 0 1.5 0 0 1.57075 0 0 0 0 0 0
5 3.63 50 0.00111246 1
6 3.63 -52.4024 2.23172 9.03751 4.51969
0 3.64 1.16615 -2.21458 0.786949 1.41257 -0.361064 -0.254087 1.44724 -5.89637 -1.68806 -1.95009 -2.22908 -2.38777
1 3.64 1.22404 -2.45044 0.719427 1.3735 -0.280795 -0.364292 1.7035 -5.09745 -2.20549 -0.258247 6.00082 -0.922284
4 3.64 1.5 0 1.5 0 0 1.57075 0 0 0 0 0 0
5 3.64 50 0.000848293 1
6 3.64 -51.957 2.32843 9.05614 4.6835
0 3.65 1.18432 -2.26872 0.778634 1.40447 -0.345484 -0.274431 1.41318 -5.99559 -1.73745 -2.01535 -2.17595 -2.41407
1 3.65 1.24084 -2.50854 0.709136 1.36051 -0.264663 -0.382649 1.68258 -5.21219 -2.26049 -0.26114 6.09568 -0.907437
4 3.65 1.5 0 1.5 0 0 1.57075 0 0 0 0 0 0
5 3.65 50 0.000767231 1
6 3.65 -51.3686 2.39253 9.08669 4.81491
0 3.66 1.2145 -2.35677 0.766114 1.38921 -0.319559 -0.307424 1.37064 -6.12919 -1.80501 -2.11609 -2.08445 -2.449
1 3.66 1.26933 -2.60194 0.693913 1.33756 -0.238267 -0.412438 1.65519 -5.38462 -2.33613 -0.281277 6.15007 -0.877822
4 3.66 1.5 0 1.5 0 0 1.57075 0 0 0 0 0 0
5 3.66 50 0.00131702 2
6 3.66 -49.5562 2.47059 9.01781 5.02099
0 3.68 1.24056 -2.4432 0.749967 1.36032 -0.277678 -0.358486 1.3206 -6.2571 -1.87702 -2.28406 -1.9108 -2.50538
1 3.68 1.29338 -2.69349 0.674886 1.29624 -0.195643 -0.45798 1.60953 -5.60481 -2.41574 -0.315129 5.89118 -0.824054
4 3.68 1.5 0 1.5 0 0 1.57075 0 0 0 0 0 0
5 3.68 50 0.00346112 5
6 3.68 -44.6066 2.59468 8.47674 5.37261
0 3.69 1.26508 -2.51943 0.737885 1.34349 -0.256674 -0.382682 1.26636 -6.37256 -1.94583 -2.35134 -1.82904 -2.53081
1 3.69 1.31574 -2.77434 0.660052 1.27413 -0.174533 -0.479962 1.54452 -5.78374 -2.48368 -0.333656 5.71213 -0.793918
4 3.69 1.5 0 1.5 0 0 1.57075 0 0 0 0 0 0
5 3.69 50 0.0021081 4
6 3.69 -40.8695 2.63629 8.15857 5.54993
0 3.7 1.28752 -2.60192 0.72062 1.32898 -0.239857 -0.402001 1.20401 -6.48985 -2.02039 -2.41804 -1.749 -2.54883
1 3.7 1.33568 -2.86151 0.639805 1.25484 -0.157623 -0.497062 1.4647 -5.96437 -2.55309 -0.349288 5.49936 -0.764026
4 3.7 1.5 0 1.5 0 0 1.57075 0 0 0 0 0 0
5 3.7 50 0.00276375 6
6 3.7 -36.942 2.67943 7.80501 5.7028
0 3.71 1.3167 -2.70468 0.701161 1.30075 -0.209692 -0.435263 1.1359 -6.61977 -2.09981 -2.5158 -1.6116 -2.58681
1 3.71 1.36214 -2.96947 0.617169 1.21921 -0.127167 -0.527004 1.35954 -6.20333 -2.61998 -0.383649 4.92933 -0.707216
4 3.71 1.5 0 1.5 0 0 1.57075 0 0 0 0 0 0
5 3.71 50 0.00248313 6
6 3.71 -29.9916 2.72672 6.96477 6.00521
0 3.73 1.33879 -2.79581 0.680224 1.26256 -0.172165 -0.473918 1.07108 -6.72926 -2.17136 -2.64267 -1.39647 -2.64663
1 3.73 1.38163 -3.06499 0.59337 1.17169 -0.088236 -0.560542 0.896449 -7.0284 -2.45526 -0.414346 0.00662535 -0.382069
4 3.73 1.5 0 1.5 0 0 1.57075 0 0 0 0 0 0
5 3.73 50 0.0055263 11
6 3.73 22.2323 2.79564 1.02968 7.2338
0 3.74 1.3621 -2.88438 0.662406 1.23944 -0.150833 -0.494557 0.993884 -6.83506 -2.2442 -2.69505 -1.27853 -2.67362
1 3.74 1.40186 -3.15779 0.572637 1.14428 -0.0663431 -0.578663 0.817899 -7.12456 -2.52152 -0.206406 -0.454283 -0.385053
4 3.74 1.5 0 1.5 0 0 1.57075 0 0 0 0 0 0
5 3.74 50 0.0026257 6
6 3.74 21.9154 3.06421 0.348024 7.31015
0 3.76 1.38363 -2.98944 0.635623 1.19406 -0.111527 -0.532099 0.903295 -6.94822 -2.32525 -2.78616 -1.07358 -2.71867
1 3.76 1.41977 -3.26737 0.542612 1.09157 -0.0262052 -0.612537 0.730164 -7.21473 -2.59282 -0.37479 -1.22983 -0.311154
4 3.76 1.5 0 1.5 0 0 1.57075 0 0 0 0 0 0
5 3.76 50 0.00496221 8
6 3.76 20.9138 2.93688 -0.807544 7.68941
0 3.77 1.40211 -3.06314 0.620667 1.1569 -0.0807328 -0.559797 0.843157 -7.02211 -2.37562 -2.84417 -0.903802 -2.75906
1 3.77 1.43584 -3.34403 0.525642 1.0494 0.00577113 -0.637535 0.676286 -7.26855 -2.63779 -0.356626 -1.74376 -0.273498
4 3.77 1.5 0 1.5 0 0 1.57075 0 0 0 0 0 0
5 3.77 50 0.00297618 7
6 3.77 19.8981 2.98733 -1.61458 7.93808
0 3.78 1.41856 -3.14453 0.600552 1.1365 -0.0641099 -0.574029 0.777785 -7.09569 -2.42982 -2.88006 -0.7921 -2.78787
1 3.78 1.44967 -3.42836 0.503359 1.02616 0.0237212 -0.649849 0.600389 -7.35292 -2.67765 -0.224135 -1.8724 -0.245384
4 3.78 1.5 0 1.5 0 0 1.57075 0 0 0 0 0 0
5 3.78 50 0.00331497 6
6 3.78 21.088 3.15239 -1.90543 8.11948
0 3.79 1.43695 -3.22817 0.581826 1.10746 -0.0407447 -0.593387 0.726674 -7.16223 -2.47695 -2.90209 -0.69295 -2.80067
1 3.79 1.46602 -3.51466 0.482749 0.994432 0.0470828 -0.668313 0.543489 -7.42226 -2.7106 -0.391509 -2.16278 -0.194771
4 3.79 1.5 0 1.5 0 0 1.57075 0 0 0 0 0 0
5 3.79 50 0.00266719 6
6 3.79 21.7735 2.96788 -2.36052 8.32161
0 3.81 1.45434 -3.32385 0.55705 1.06068 -0.00394243 -0.626092 0.665462 -7.22941 -2.53274 -2.76396 -0.766151 -2.77458
1 3.81 1.48096 -3.61303 0.45574 0.950437 0.0779471 -0.707028 0.503789 -7.45194 -2.77124 -0.409578 -2.81186 -0.190199
4 3.81 1.5 0 1.5 0 0 1.57075 0 0 0 0 0 0
5 3.81 50 0.00250936 6
6 3.81 19.3054 2.80823 -2.98317 8.25303
0 3.82 1.47653 -3.44404 0.526926 1.02685 0.021287 -0.65293 0.584523 -7.30322 -2.59836 -2.58228 -0.908401 -2.70887
1 3.82 1.49991 -3.73617 0.422992 0.921702 0.0951987 -0.740117 0.416496 -7.52887 -2.82066 -0.309058 -3.29906 -0.218616
4 3.82 1.5 0 1.5 0 0 1.57075 0 0 0 0 0 0
5 3.82 50 0.00330925 6
6 3.82 20.1369 2.74483 -3.32305 7.95281
0 3.83 1.48946 -3.52732 0.504277 0.999977 0.0397875 -0.675851 0.543338 -7.35108 -2.61388 -2.51507 -0.968965 -2.64002
1 3.83 1.51119 -3.82136 0.399722 0.895804 0.107704 -0.765594 0.386325 -7.55749 -2.83993 -0.27794 -3.90517 -0.26045
4 3.83 1.5 0 1.5 0 0 1.57075 0 0 0 0 0 0
5 3.83 50 0.0029633 7
6 3.83 18.8712 2.71241 -3.91951 7.59955
0 3.85 1.50957 -3.64588 0.473948 0.949612 0.0712837 -0.720238 0.486104 -7.41109 -2.643 -2.4541 -1.02875 -2.54663
1 3.85 1.52901 -3.94233 0.368228 0.844825 0.13017 -0.813222 0.361627 -7.56843 -2.89236 -0.246163 -5.20469 -0.388703
4 3.85 1.5 0 1.5 0 0 1.57075 0 0 0 0 0 0
5 3.85 50 0.00179601 4
6 3.85 15.0917 2.6848 -5.30952 6.89205
0 3.86 1.52479 -3.76252 0.4403 0.923746 0.0855166 -0.743363 0.422841 -7.46117 -2.67909 -2.41592 -1.07551 -2.47975
1 3.86 1.54171 -4.06097 0.333137 0.819041 0.138723 -0.837828 0.304174 -7.60824 -2.92953 -0.208334 -5.776 -0.506444
4 3.86 1.5 0 1.5 0 0 1.57075 0 0 0 0 0 0
5 3.86 50 0.00313616 7
6 3.86 14.477 2.68826 -5.88988 6.30273
0 3.88 1.54025 -3.86094 0.414564 0.878232 0.106832 -0.785025 0.371059 -7.49783 -2.70895 -2.36985 -1.15119 -2.36419
1 3.88 1.55509 -4.16085 0.306206 0.773162 0.150211 -0.881396 0.256999 -7.63413 -2.95531 -0.161911 -6.87532 -0.834684
4 3.88 1.5 0 1.5 0 0 1.57075 0 0 0 0 0 0
5 3.88 50 0.00317645 6
6 3.88 14.0898 2.69313 -7.03214 4.88603
0 3.89 1.55017 -3.93907 0.392177 0.852126 0.11713 -0.809092 0.328078 -7.523 -2.73474 -2.35181 -1.1878 -2.30589
1 3.89 1.56329 -4.23999 0.282787 0.7467 0.155273 -0.906245 0.20741 -7.66418 -2.96664 -0.0745474 -7.59121 -1.05822
4 3.89 1.5 0 1.5 0 0 1.57075 0 0 0 0 0 0
5 3.89 50 0.00233936 5
6 3.89 15.0349 2.77212 -7.79659 3.98637
0 3.9 1.56338 -4.03343 0.366562 0.819138 0.12768 -0.839753 0.287206 -7.52895 -2.73124 -2.39245 -1.30015 -2.17692
1 3.9 1.57487 -4.33459 0.257313 0.710929 0.155783 -0.938007 0.16584 -7.66697 -2.95445 -0.0527384 -7.93775 -1.26357
4 3.9 1.5 0 1.5 0 0 1.57075 0 0 0 0 0 0
5 3.9 50 0.00240779 5
6 3.9 15.3009 2.84946 -8.04745 2.91943
0 3.91 1.57335 -4.1235 0.341577 0.791108 0.128165 -0.860541 0.298754 -7.45343 -2.42101 -3.90175 -2.2286 -1.51194
1 3.91 1.58531 -4.42164 0.244736 0.621389 0.1085 -0.967329 0.268404 -7.48701 -2.76937 -0.160106 -7.95887 -1.24651
4 3.91 1.5 0 1.5 0 0 1.57075 0 0 0 0 0 0
5 3.91 50 0.00259733 6
6 3.91 3.86806 4.46221 -7.06377 0.857267
0 3.92 1.58717 -4.22611 0.318961 0.697368 0.090301 -0.898403 0.318883 -7.14199 -1.77741 -8.93361 -5.40367 0.475234
1 3.92 1.59993 -4.51179 0.247865 0.328774 -0.0875911 -1.02315 0.331464 -7.12955 -2.19072 -0.915818 -1.9609 0.721058
4 3.92 1.5 0 1.5 0 0 1.57075 0 0 0 0 0 0
5 3.92 50 0.00119996 2
6 3.92 -1.67748 8.76109 4.30212 0.839664
0 3.94 1.59842 -4.32348 0.30201 0.521026 -0.0126726 -0.936873 0.314001 -6.90491 -1.31539 -7.5311 -4.64566 1.57769
1 3.94 1.61098 -4.59968 0.249394 0.220261 -0.205254 -0.974641 0.254646 -6.94656 -1.58149 -0.805485 -2.02965 1.2779
4 3.94 1.5 0 1.5 0 0 1.57075 0 0 0 0 0 0
5 3.94 50 0.00103188 2
6 3.94 8.91989 6.92574 3.98691 -0.917317
0 3.95 1.60959 -4.40214 0.289928 0.452248 -0.0534271 -0.944161 0.293149 -6.69309 -0.960683 -6.76111 -3.78818 1.15994
1 3.95 1.62132 -4.66986 0.251501 0.183113 -0.209996 -0.968678 0.213679 -6.73829 -1.16629 -0.753233 -1.94103 1.08108
4 3.95 1.5 0 1.5 0 0 1.57075 0 0 0 0 0 0
5 3.95 50 0.00151277 3
6 3.95 12.7378 6.36279 2.76977 -0.222656
0 3.96 1.61863 -4.48277 0.280829 0.401523 -0.0807596 -0.948483 0.260056 -6.52177 -0.697017 -6.47091 -3.35512 0.868665
1 3.96 1.62903 -4.74364 0.252948 0.144342 -0.217871 -0.969016 0.173737 -6.56184 -0.869945 -0.731214 -1.9194 0.930608
4 3.96 1.5 0 1.5 0 0 1.57075 0 0 0 0 0 0
5 3.96 50 0.00164533 3
6 3.96 14.652 6.18377 2.11347 0.22243
0 3.97 1.62928 -4.55694 0.276653 0.336131 -0.116765 -0.95284 0.233341 -6.41595 -0.536683 -6.40721 -3.50095 0.803788
1 3.97 1.63862 -4.81357 0.255186 0.0816999 -0.25957 -0.968786 0.143609 -6.44333 -0.676094 -0.688919 -1.999 0.809581
4 3.97 1.5 0 1.5 0 0 1.57075 0 0 0 0 0 0
5 3.97 50 0.00155878 3
6 3.97 16.5267 6.16803 2.15038 0.0439875
0 3.99 1.64082 -4.66321 0.272233 0.192777 -0.203678 -0.956516 0.186993 -6.27853 -0.369641 -6.34324 -3.88615 0.75173
1 3.99 1.6483 -4.91435 0.257448 -0.0608971 -0.362005 -0.95679 0.0724126 -6.25662 -0.355624 -0.678453 -1.39506 0.772543
4 3.99 1.5 0 1.5 0 0 1.57075 0 0 0 0 0 0
5 3.99 50 0.00145602 3
6 3.99 25.8982 6.09938 3.25359 0.094461
0 4 1.65025 -4.73297 0.270964 0.127906 -0.245461 -0.95488 0.152371 -6.1739 -0.273901 -6.31541 -4.0728 0.699823
1 4 1.65635 -4.97992 0.260008 -0.12646 -0.410613 -0.94768 0.0311754 -6.11262 -0.187157 -0.668697 -1.03124 0.781214
4 4 1.5 0 1.5 0 0 1.57075 0 0 0 0 0 0
5 4 50 0.00146627 3
6 4 30.5036 6.08498 3.85623 0.289076
0 4.01 1.65646 -4.79217 0.270114 0.0638879 -0.28784 -0.951384 0.122182 -6.09007 -0.210437 -6.30672 -4.19149 0.669879
1 4.01 1.66134 -5.03577 0.261697 -0.193129 -0.456868 -0.934659 -0.00401907 -5.97719 -0.0449301 -0.684657 -0.619357 0.840263
4 4.01 1.5 0 1.5 0 0 1.57075 0 0 0 0 0 0
5 4.01 50 0.00191212 4
6 4.01 35.7108 6.06088 4.44881 0.573994
0 4.02 1.66382 -4.84957 0.270505 -0.00789346 -0.335701 -0.944645 0.0942915 -6.00546 -0.16048 -6.3005 -4.31666 0.633052
1 4.02 1.66759 -5.08979 0.264086 -0.269224 -0.508162 -0.916383 -0.0320887 -5.8216 0.0863836 -0.701523 -0.186885 0.906721
4 4.02 1.5 0 1.5 0 0 1.57075 0 0 0 0 0 0
5 4.02 50 0.00190091 4
6 4.02 41.4711 6.04119 5.069 0.904599
0 4.03 1.67102 -4.9224 0.271465 -0.0537789 -0.366506 -0.939232 0.0858332 -5.89526 -0.0884665 -6.29653 -4.45816 0.588664
1 4.03 1.67445 -5.15821 0.267926 -0.318345 -0.543309 -0.903779 -0.0371285 -5.66048 0.201913 -0.71097 0.0852187 0.941128
4 4.03 1.5 0 1.5 0 0 1.57075 0 0 0 0 0 0
5 4.03 50 0.00122571 2
6 4.03 44.8602 6.03503 5.52015 1.15715
0 4.05 1.68104 -5.01803 0.273843 -0.203955 -0.464529 -0.909681 0.0743745 -5.78761 -0.042199 -6.09878 -4.56513 0.502221
1 4.05 1.68401 -5.24954 0.272155 -0.476298 -0.63928 -0.846307 -0.0199758 -5.38209 0.319767 -0.733171 0.441954 0.976234
4 4.05 1.5 0 1.5 0 0 1.57075 0 0 0 0 0 0
5 4.05 50 0.000764132 1
6 4.05 52.7753 5.81606 5.99879 1.54493
0 4.06 1.68759 -5.10034 0.275511 -0.270962 -0.506429 -0.891968 0.0608298 -5.69564 -0.0245203 -5.82816 -4.41238 0.475068
1 4.06 1.69002 -5.32816 0.274531 -0.540448 -0.671398 -0.817009 -0.0148286 -5.22298 0.33195 -0.701996 0.40057 0.969752
4 4.06 1.5 0 1.5 0 0 1.57075 0 0 0 0 0 0
5 4.06 50 0.00244355 5
6 4.06 54.4382 5.56422 5.75166 1.60851
0 4.07 1.69527 -5.17756 0.277683 -0.351412 -0.554504 -0.866694 0.0487465 -5.60591 -0.013962 -5.22188 -4.11754 0.456044
1 4.07 1.69722 -5.4018 0.277124 -0.606006 -0.702861 -0.779862 -0.00502398 -5.04663 0.338138 -0.632157 0.544612 1.00915
4 4.07 1.5 0 1.5 0 0 1.57075 0 0 0 0 0 0
5 4.07 50 0.00226831 5
6 4.07 57.1289 4.98186 5.54651 1.79024
0 4.08 1.70085 -5.25117 0.279451 -0.414164 -0.589966 -0.842795 0.0349464 -5.50188 0.0190009 -4.71055 -3.84517 0.474196
1 4.08 1.70225 -5.47125 0.280211 -0.655651 -0.723136 -0.747411 -0.00251798 -4.87075 0.367553 -0.570661 0.796243 1.09344
4 4.08 1.5 0 1.5 0 0 1.57075 0 0 0 0 0 0
5 4.08 50 0.00204277 3
6 4.08 59.6596 4.48299 5.51048 1.99751
0 4.1 1.70712 -5.3193 0.281739 -0.507878 -0.636779 -0.802764 0.0220627 -5.3791 0.0707741 -3.48331 -2.65185 0.482162
1 4.1 1.70801 -5.53447 0.28457 -0.697824 -0.720085 -0.717643 0.0111014 -4.6792 0.369384 -0.459223 1.03113 1.12583
4 4.1 1.5 0 1.5 0 0 1.57075 0 0 0 0 0 0
5 4.1 50 0.000703335 1
6 4.1 60.2455 3.27907 4.36487 2.06542
0 4.11 1.71138 -5.3828 0.284343 -0.551872 -0.651746 -0.783014 0.0106394 -5.25042 0.166414 -2.16968 -1.21132 0.48136
1 4.11 1.7118 -5.59282 0.291 -0.670551 -0.682911 -0.730438 0.0140926 -4.56906 0.400772 -0.314729 0.859771 1.06616
4 4.11 1.5 0 1.5 0 0 1.57075 0 0 0 0 0 0
5 4.11 50 0.00148177 3
6 4.11 56.7045 2.02782 2.46283 1.86996
0 4.12 1.71647 -5.44056 0.287354 -0.564029 -0.653765 -0.777708 0.00187273 -5.10566 0.278471 -1.76368 -0.767916 0.484905
1 4.12 1.71654 -5.64479 0.298493 -0.659716 -0.669355 -0.736371 0.0098865 -4.43618 0.491727 -0.281968 0.832312 1.05113
4 4.12 1.5 0 1.5 0 0 1.57075 0 0 0 0 0 0
5 4.12 50 0.00148535 3
6 4.12 55.2979 1.62744 1.90691 1.80922
0 4.13 1.71956 -5.48813 0.290655 -0.579027 -0.651888 -0.77169 -0.00475435 -4.98933 0.351541 -0.843613 0.191029 0.493624
1 4.13 1.71937 -5.68771 0.304717 -0.622193 -0.634687 -0.75616 0.0107328 -4.33416 0.543247 -0.19938 0.865357 1.03344
4 4.13 1.5 0 1.5 0 0 1.57075 0 0 0 0 0 0
5 4.13 50 0.000905037 1
6 4.13 53.77 0.728551 0.808212 1.72317
0 4.14 1.72395 -5.5415 0.293913 -0.579888 -0.640199 -0.772228 -0.00940608 -4.85906 0.401517 0.309663 1.15907 0.500656
1 4.14 1.72358 -5.73586 0.309974 -0.561058 -0.590443 -0.783015 0.0111594 -4.23292 0.57587 -0.118269 0.740167 0.997297
4 4.14 1.5 0 1.5 0 0 1.57075 0 0 0 0 0 0
5 4.14 50 0.00102401 1
6 4.14 51.744 -0.431344 -0.493474 1.58593
0 4.15 1.72714 -5.59728 0.298224 -0.569467 -0.623091 -0.776692 -0.0133172 -4.72152 0.433298 0.71525 1.35579 0.487912
1 4.15 1.72661 -5.78615 0.315556 -0.531656 -0.566894 -0.792459 0.00940251 -4.11705 0.607967 -0.0956324 0.679706 0.977604
4 4.15 1.5 0 1.5 0 0 1.57075 0 0 0 0 0 0
5 4.15 50 0.00116134 2
6 4.15 50.7849 -0.853187 -0.804637 1.56444
0 4.17 1.73178 -5.65976 0.302952 -0.552409 -0.599752 -0.783046 -0.0140632 -4.59164 0.451977 0.780264 1.29087 0.439906
1 4.17 1.73122 -5.84342 0.321031 -0.512914 -0.546564 -0.797724 0.0102 -4.00936 0.635164 -0.101866 0.650207 0.954158
4 4.17 1.5 0 1.5 0 0 1.57075 0 0 0 0 0 0
5 4.17 50 0.00189161 4
6 4.17 50.1706 -0.940567 -0.763516 1.6429
0 4.18 1.73551 -5.73093 0.309185 -0.542145 -0.586599 -0.786757 -0.0145408 -4.43124 0.463158 0.797763 1.26123 0.405766
1 4.18 1.73493 -5.90818 0.327711 -0.502174 -0.53501 -0.801319 0.0102056 -3.86359 0.649201 -0.101745 0.673641 0.945857
4 4.18 1.5 0 1.5 0 0 1.57075 0 0 0 0 0 0
5 4.18 50 0.00173211 2
6 4.18 49.6628 -0.9646 -0.701008 1.72539
0 4.2 1.73993 -5.79287 0.314283 -0.522106 -0.562126 -0.794155 -0.0123097 -4.29845 0.466804 0.769084 1.16871 0.312736
1 4.2 1.73944 -5.96481 0.332955 -0.483487 -0.515368 -0.808893 0.0132341 -3.75503 0.661318 -0.119796 0.595352 0.886421
4 4.2 1.5 0 1.5 0 0 1.57075 0 0 0 0 0 0
5 4.2 50 0.00117064 2
6 4.2 49.0166 -0.964674 -0.677771 1.83251
0 4.21 1.74261 -5.84023 0.318548 -0.514946 -0.553561 -0.796868 -0.0107805 -4.19053 0.467626 0.752566 1.14236 0.287733
1 4.21 1.74218 -6.00785 0.337253 -0.477126 -0.508124 -0.811547 0.0149767 -3.65695 0.663557 -0.122915 0.586131 0.873357
4 4.21 1.5 0 1.5 0 0 1.57075 0 0 0 0 0 0
5 4.21 50 0.00175881 3
6 4.21 48.6737 -0.952693 -0.656129 1.87058
0 4.22 1.74629 -5.89342 0.323158 -0.50328 -0.539795 -0.801315 -0.00759378 -4.05556 0.466038 0.719265 1.08183 0.235357
1 4.22 1.74599 -6.05565 0.341799 -0.466946 -0.497347 -0.816031 0.018518 -3.53681 0.665204 -0.129367 0.569773 0.846666
4 4.22 1.5 0 1.5 0 0 1.57075 0 0 0 0 0 0
5 4.22 50 0.00139165 3
6 4.22 48.2181 -0.928711 -0.601532 1.95249
0 4.23 1.7489 -5.93527 0.327369 -0.494622 -0.529428 -0.80481 0.00978754 -3.95598 0.470818 0.658042 1.00018 0.192483
1 4.23 1.74929 -6.09351 0.346201 -0.461153 -0.490561 -0.818963 0.0363348 -3.44829 0.672263 -0.139586 0.547876 0.824097
4 4.23 1.5 0 1.5 0 0 1.57075 0 0 0 0 0 0
5 4.23 50 0.00159287 3
6 4.23 47.8812 -0.876722 -0.529442 2.01718
0 4.24 1.75219 -5.98265 0.331608 -0.488633 -0.521402 -0.807334 0.0261083 -3.84294 0.459652 0.473974 0.798716 0.147755
1 4.24 1.75323 -6.13637 0.349994 -0.464057 -0.490417 -0.818611 0.0534377 -3.34191 0.664488 -0.163082 0.551838 0.803757
4 4.24 1.5 0 1.5 0 0 1.57075 0 0 0 0 0 0
5 4.24 50 0.00136399 3
6 4.24 47.7775 -0.703153 -0.289057 2.09472
0 4.25 1.75484 -6.02992 0.336141 -0.484769 -0.515006 -0.808971 0.037767 -3.73805 0.433819 0.324829 0.634634 0.13843
1 4.25 1.75635 -6.17944 0.353493 -0.467853 -0.489965 -0.816934 0.0661196 -3.24172 0.641406 -0.176189 0.543914 0.795731
4 4.25 1.5 0 1.5 0 0 1.57075 0 0 0 0 0 0
5 4.25 50 0.00139475 2
6 4.25 47.7251 -0.553406 -0.107814 2.09867
0 4.27 1.75806 -6.08079 0.340243 -0.482517 -0.507254 -0.809716 0.0479878 -3.61296 0.395916 0.071537 0.30436 0.128038
1 4.27 1.75998 -6.22531 0.356079 -0.479037 -0.494094 -0.810988 0.0786344 -3.11909 0.608948 -0.197374 0.562715 0.794105
4 4.27 1.5 0 1.5 0 0 1.57075 0 0 0 0 0 0
5 4.27 50 0.00162196 2
6 4.27 47.8927 -0.297699 0.295656 2.12644
0 4.28 1.76019 -6.12199 0.343715 -0.482614 -0.504157 -0.808974 0.0547447 -3.5075 0.369952 -0.00282689 0.12555 0.169947
1 4.28 1.76238 -6.26229 0.358513 -0.484764 -0.496554 -0.804759 0.0863012 -3.01616 0.582468 -0.206733 0.540408 0.80641
4 4.28 1.5 0 1.5 0 0 1.57075 0 0 0 0 0 0
5 4.28 50 0.00195098 3
6 4.28 47.7723 -0.226407 0.476016 2.03191
0 4.29 1.76257 -6.15897 0.346112 -0.482951 -0.503217 -0.808318 0.0601677 -3.42127 0.353161 -0.0159428 0.0971252 0.181227
1 4.29 1.76497 -6.29582 0.360239 -0.486129 -0.49641 -0.803049 0.0919381 -2.93121 0.564646 -0.209822 0.540811 0.810438
4 4.29 1.5 0 1.5 0 0 1.57075 0 0 0 0 0 0
5 4.29 50 0.00241852 4
6 4.29 47.6746 -0.215493 0.50929 2.00876
0 4.3 1.76498 -6.20318 0.349339 -0.484407 -0.501183 -0.806056 0.0662671 -3.30732 0.338906 -0.0576302 0.0255444 0.222427
1 4.3 1.76763 -6.33547 0.362895 -0.490765 -0.496136 -0.797621 0.0985922 -2.81888 0.548981 -0.210705 0.542435 0.831089
4 4.3 1.5 0 1.5 0 0 1.57075 0 0 0 0 0 0
5 4.3 50 0.00192332 2
6 4.3 47.5465 -0.170812 0.594103 1.94315
0 4.32 1.76747 -6.24425 0.351899 -0.488507 -0.499563 -0.800633 0.0720865 -3.18942 0.329563 -0.127102 -0.110502 0.310099
1 4.32 1.77035 -6.37182 0.365081 -0.5007 -0.497644 -0.785792 0.10486 -2.70153 0.537064 -0.217299 0.531954 0.874093
4 4.32 1.5 0 1.5 0 0 1.57075 0 0 0 0 0 0
5 4.32 50 0.00124002 2
6 4.32 47.4041 -0.103726 0.740373 1.80057
0 4.33 1.76993 -6.29129 0.355472 -0.491784 -0.49914 -0.796504 0.0783236 -3.04426 0.324051 -0.148874 -0.152302 0.340493
1 4.33 1.77307 -6.41306 0.368434 -0.505852 -0.498079 -0.779554 0.111059 -2.55824 0.526998 -0.21993 0.528652 0.886937
4 4.33 1.5 0 1.5 0 0 1.57075 0 0 0 0 0 0
5 4.33 50 0.00136304 1
6 4.33 47.1158 -0.0837472 0.785479 1.74455
0 4.34 1.77188 -6.32385 0.357394 -0.495641 -0.498995 -0.7917 0.0826663 -2.94769 0.321974 -0.172248 -0.205453 0.3795
1 4.34 1.77519 -6.44175 0.370273 -0.511939 -0.499004 -0.772041 0.115378 -2.46141 0.522286 -0.215591 0.538684 0.908793
4 4.34 1.5 0 1.5 0 0 1.57075 0 0 0 0 0 0
5 4.34 50 0.000798941 1
6 4.34 47.001 -0.0548753 0.859187 1.68981
0 4.35 1.77363 -6.35525 0.359652 -0.501402 -0.499161 -0.784545 0.0866249 -2.84832 0.321464 -0.21104 -0.289367 0.454386
1 4.35 1.77709 -6.46918 0.37251 -0.521566 -0.500575 -0.760055 0.1192 -2.3604 0.519038 -0.215518 0.553392 0.951813
4 4.35 1.5 0 1.5 0 0 1.57075 0 0 0 0 0 0
5 4.35 50 0.000782728 1
6 4.35 46.9351 -0.0157668 0.97487 1.58811
0 4.37 1.77634 -6.40386 0.36313 -0.511262 -0.50011 -0.772254 0.0926961 -2.69597 0.323075 -0.246956 -0.384029 0.531315
1 4.37 1.78005 -6.5117 0.376053 -0.535376 -0.503109 -0.742567 0.124649 -2.2052 0.515448 -0.214054 0.57831 0.996411
4 4.37 1.5 0 1.5 0 0 1.57075 0 0 0 0 0 0
5 4.37 50 0.000920057 1
6 4.37 46.8006 0.0201225 1.115 1.48493
