2 6.58 0.218822
2 6.59 0.217837
2 6.6 0.217654
2 6.61 0.216544
2 6.64 0.231216
2 6.65 0.241751
2 6.65 0.2604
2 6.67 0.277191
2 6.67 0.296859
2 6.69 0.327774
2 6.7 0.339791
2 6.72 0.351551
2 6.73 0.365719
2 6.74 0.371269
2 6.75 0.381956
2 6.76 0.40274
2 6.78 0.416364
2 6.79 0.428797
2 6.8 0.45288
2 6.81 0.471959
2 6.82 0.500511
2 6.83 0.523995
2 6.84 0.550916
2 6.85 0.590264
2 6.87 0.633488
2 6.88 0.679549
2 6.9 0.72506
2 6.91 0.764574
2 6.92 0.8
2 6.94 0.8
2 6.95 0.8
2 6.96 0.8
2 6.97 0.8
2 6.98 0.8
2 6.99 0.8
2 7.01 0.8
2 7.02 0.8
2 7.03 0.8
2 7.04 0.8
2 7.05 0.8
2 7.07 0.8
2 7.08 0.8
2 7.09 0.8
2 7.1 0.8
2 7.11 0.8
2 7.12 0.8
2 7.14 0.8
2 7.15 0.8
2 7.17 0.8
2 7.18 0.8
2 7.19 0.8
2 7.2 0.8
2 7.22 0.8
2 7.23 0.8
2 7.24 0.8
2 7.26 0.8
2 7.27 0.8
2 7.28 0.8
2 7.29 0.8
2 7.31 0.8
2 7.32 0.8
2 7.33 0.8
2 7.34 0.8
2 7.36 0.8
2 7.37 0.8
2 7.38 0.8
2 7.39 0.8
2 7.4 0.8
2 7.42 0.8
2 7.43 0.8
2 7.44 0.8
2 7.45 0.8
2 7.46 0.8
2 7.47 0.8
2 7.48 0.8
2 7.49 0.8
2 7.51 0.8
2 7.52 0.8
2 7.53 0.8
2 7.54 0.8
2 7.56 0.747724
2 7.57 0.721881
2 7.58 0.698409
2 7.6 0.65913
2 7.61 0.608039
2 7.62 0.595155
2 7.63 0.593532
2 7.65 0.594048
2 7.66 0.579783
2 7.67 0.559448
2 7.69 0.517946
2 7.7 0.47232
2 7.71 0.447024
2 7.72 0.454564
2 7.74 0.501462
2 7.75 0.436614
2 7.76 0.502327
2 7.77 0.299334
2 7.78 0.319952
2 7.8 0.294728
2 7.81 0.312871
2 7.82 0.326928
2 7.83 0.326113
2 7.84 0.204228
2 7.85 0.293488
2 7.87 0.214352
2 7.88 0.227881
2 7.89 0.215681
2 7.9 0.20435
2 7.92 0.235657
2 7.93 0.148661
2 7.94 0.123256
2 7.95 0.145272
2 7.96 0.145046
2 7.97 0.0907848
2 7.99 0.0890725
2 8 0.146891
2 8.01 0.127617
2 8.03 0.05
2 8.04 0.05
2 8.05 0.05
2 8.07 0.05
2 8.08 0.05
2 8.1 0.05
2 8.11 0.05
2 8.13 0.05
2 8.14 0.05
2 8.15 0.05
2 8.16 0.05
2 8.17 0.05
2 8.18 0.05
2 8.2 0.05
2 8.21 0.05
2 8.22 0.05
2 8.23 0.05
2 8.24 0.05
2 8.25 0.05
2 8.27 0.05
2 8.28 0.05
2 8.29 0.05
2 8.31 0.05
2 8.32 0.05
2 8.33 0.05
2 8.35 0.05
2 8.36 0.05
2 8.37 0.05
2 8.38 0.05
2 8.4 0.05
2 8.41 0.05
2 8.42 0.05
2 8.43 0.05
2 8.45 0.05
2 8.46 0.05
2 8.47 0.05
2 8.48 0.05
2 8.49 0.05
2 8.51 0.05
2 8.52 0.05
2 8.54 0.05
2 8.55 0.05
2 8.56 0.05
2 8.57 0.05
2 8.58 0.05
2 8.59 0.05
2 8.61 0.05
2 8.62 0.05
2 8.63 0.05
2 8.64 0.05
2 8.65 0.05
2 8.66 0.05
2 8.68 0.05
2 8.69 0.05
2 8.7 0.05
2 8.71 0.05
2 8.73 0.05
2 8.75 0.05
2 8.76 0.05
2 8.77 0.05
2 8.79 0.05
2 8.8 0.05
2 8.81 0.05
