2 2.26 0.233804
2 2.27 0.233825
2 2.29 0.233872
2 2.3 0.233748
2 2.31 0.233445
2 2.33 0.233245
2 2.34 0.233008
2 2.35 0.232828
2 2.37 0.232318
2 2.38 0.232308
2 2.39 0.23203
2 2.41 0.232041
2 2.42 0.23186
2 2.43 0.231919
2 2.44 0.231627
2 2.46 0.231327
2 2.47 0.231335
2 2.48 0.231289
2 2.5 0.230696
2 2.51 0.230585
2 2.52 0.230729
2 2.53 0.23085
2 2.55 0.230541
2 2.56 0.230649
2 2.57 0.230474
2 2.58 0.230248
2 2.59 0.230227
2 2.61 0.230359
2 2.62 0.230101
2 2.63 0.230107
2 2.65 0.229653
2 2.66 0.229494
2 2.67 0.229304
2 2.68 0.229162
2 2.69 0.229013
2 2.7 0.228754
2 2.71 0.228685
2 2.73 0.228653
2 2.74 0.228463
2 2.75 0.228296
2 2.77 0.228019
2 2.79 0.227728
2 2.8 0.22777
2 2.81 0.227497
2 2.83 0.227361
2 2.84 0.227093
2 2.85 0.226695
2 2.86 0.226436
2 2.87 0.226285
2 2.89 0.226111
2 2.9 0.226038
2 2.91 0.225826
2 2.92 0.225648
2 2.93 0.225185
2 2.95 0.225095
2 2.96 0.225094
2 2.97 0.224852
2 2.98 0.224443
2 2.99 0.224234
2 3.01 0.223857
2 3.02 0.223567
2 3.04 0.223358
2 3.05 0.223131
2 3.07 0.222791
2 3.08 0.222439
2 3.09 0.221967
2 3.1 0.221777
2 3.12 0.22155
2 3.14 0.220853
2 3.15 0.22055
2 3.16 0.220438
2 3.17 0.220134
2 3.18 0.219837
2 3.19 0.219559
2 3.2 0.219311
2 3.22 0.219315
2 3.23 0.219108
2 3.24 0.218974
2 3.25 0.218416
2 3.26 0.218152
2 3.28 0.217861
2 3.29 0.217349
2 3.3 0.216861
2 3.31 0.216672
2 3.32 0.216298
2 3.33 0.216022
2 3.35 0.215392
2 3.36 0.214953
2 3.37 0.214782
2 3.39 0.214294
2 3.4 0.214162
2 3.41 0.213521
2 3.43 0.21317
2 3.44 0.212732
2 3.45 0.212274
2 3.46 0.21194
2 3.47 0.21135
2 3.48 0.210903
2 3.49 0.210609
2 3.51 0.209997
2 3.52 0.209436
2 3.54 0.209294
2 3.55 0.208467
2 3.56 0.207972
2 3.58 0.207249
2 3.59 0.206781
2 3.6 0.206536
2 3.61 0.206006
2 3.62 0.20557
2 3.63 0.204873
2 3.64 0.204292
2 3.66 0.203882
2 3.67 0.203248
2 3.68 0.202811
2 3.69 0.202219
2 3.7 0.20155
2 3.72 0.200737
2 3.73 0.200295
2 3.74 0.199719
2 3.75 0.199142
2 3.76 0.198537
2 3.78 0.197665
2 3.79 0.197
2 3.8 0.196302
2 3.81 0.195841
2 3.83 0.194948
2 3.84 0.19449
2 3.85 0.193674
2 3.86 0.192947
2 3.88 0.191684
2 3.89 0.191129
2 3.9 0.190528
2 3.91 0.189861
2 3.92 0.189036
2 3.93 0.188268
2 3.95 0.187468
2 3.96 0.186838
2 3.97 0.186153
2 3.98 0.185485
2 3.99 0.184474
2 4.01 0.18322
2 4.03 0.182153
2 4.04 0.181072
2 4.05 0.180362
2 4.06 0.179235
2 4.07 0.178308
2 4.08 0.177168
2 4.1 0.176395
2 4.11 0.175457
2 4.12 0.174174
2 4.14 0.172361
2 4.16 0.172413
2 4.17 0.172468
2 4.18 0.173685
2 4.19 0.173348
2 4.2 0.172498
2 4.22 0.171944
2 4.23 0.171973
2 4.25 0.171189
2 4.27 0.170983
2 4.28 0.170822
2 4.29 0.170552
2 4.3 0.17017
2 4.31 0.169978
2 4.33 0.169326
2 4.34 0.169143
2 4.35 0.168713
2 4.36 0.168722
2 4.37 0.168347
2 4.38 0.168234
2 4.4 0.167726
2 4.41 0.167597
2 4.42 0.16726
2 4.43 0.16711
2 4.44 0.166693
2 4.46 0.166005
2 4.47 0.165562
2 4.48 0.165354
2 4.49 0.165
2 4.51 0.164432
2 4.52 0.163894
2 4.54 0.163419
2 4.55 0.163001
2 4.56 0.162808
2 4.57 0.162272
2 4.59 0.161677
2 4.6 0.161306
2 4.61 0.161195
2 4.62 0.160673
2 4.63 0.160162
2 4.64 0.162115
2 4.66 0.163473
2 4.67 0.164031
2 4.68 0.164522
2 4.69 0.164367
2 4.71 0.164317
2 4.72 0.163886
2 4.73 0.163613
2 4.74 0.163255
2 4.75 0.16296
2 4.76 0.16224
2 4.78 0.17487
2 4.79 0.189648
2 4.8 0.194926
2 4.81 0.200416
2 4.83 0.204722
2 4.84 0.209851
2 4.85 0.212908
2 4.86 0.215387
2 4.87 0.217527
2 4.89 0.218203
2 4.9 0.218892
2 4.91 0.219315
2 4.92 0.219472
2 4.94 0.21953
2 4.95 0.219702
2 4.96 0.219543
2 4.97 0.219854
2 4.99 0.220304
2 5 0.220402
2 5.01 0.220285
2 5.02 0.220273
2 5.03 0.221593
2 5.05 0.222691
2 5.06 0.223371
2 5.07 0.223884
2 5.08 0.223793
2 5.1 0.22442
2 5.11 0.224487
2 5.12 0.224616
2 5.13 0.224672
2 5.15 0.22469
2 5.16 0.224711
2 5.18 0.224636
2 5.19 0.224733
2 5.2 0.224825
2 5.21 0.22471
2 5.22 0.224685
2 5.24 0.225229
2 5.25 0.225674
2 5.26 0.225853
2 5.27 0.225996
2 5.28 0.226235
2 5.3 0.226196
2 5.31 0.226126
2 5.33 0.22621
2 5.34 0.226175
2 5.35 0.226086
2 5.36 0.225735
2 5.38 0.226086
2 5.39 0.225984
2 5.4 0.225731
2 5.42 0.225751
2 5.43 0.225512
2 5.44 0.225724
2 5.45 0.225851
2 5.46 0.225995
2 5.47 0.225927
2 5.49 0.225941
2 5.5 0.226098
2 5.51 0.225953
2 5.52 0.225854
2 5.53 0.225821
2 5.54 0.22557
2 5.55 0.225479
2 5.56 0.225285
2 5.58 0.2254
2 5.59 0.225176
2 5.6 0.224768
2 5.62 0.224725
2 5.63 0.224541
2 5.64 0.224679
2 5.65 0.22473
2 5.67 0.224449
2 5.68 0.224536
2 5.69 0.224312
2 5.7 0.224239
2 5.72 0.223861
2 5.73 0.223716
2 5.74 0.22371
2 5.76 0.223487
2 5.77 0.223274
2 5.78 0.223185
2 5.79 0.225369
2 5.8 0.225514
2 5.81 0.223428
2 5.83 0.225192
2 5.84 0.226774
2 5.85 0.228644
2 5.86 0.22973
2 5.88 0.231301
2 5.89 0.232
2 5.9 0.232987
2 5.91 0.233433
2 5.92 0.234109
2 5.94 0.234398
2 5.95 0.235015
2 5.96 0.235176
2 5.98 0.235358
2 5.99 0.235478
2 6 0.23561
2 6.02 0.235854
2 6.03 0.235895
2 6.04 0.235946
2 6.05 0.236113
2 6.06 0.236256
2 6.08 0.236401
2 6.09 0.23641
2 6.1 0.23637
2 6.12 0.236346
2 6.13 0.236366
2 6.14 0.236438
2 6.15 0.236404
2 6.16 0.236151
