3 1.11 -10 0 0 0 0 0 0 0 0 0 0 0 0
0 1.11 -0.00432296 -0.174126 1.33828 -0.00756846 0.017891 1.48934 -0.10224 0.54464 0.0590616 0.0858637 -0.214999 0.00382705
1 1.11 -0.00841257 -0.15234 1.34064 -0.00413001 0.0092925 1.48956 -0.104797 0.552387 0.0865391 0.490339 -0.242625 0.0454848
4 1.11 1.5 0 1.5 0 0 1.57075 0 0 0 0 0 0
5 1.11 50 0.000745535 1
6 1.11 25.7224 0.452503 -0.031724 0.132972
0 1.12 -0.00535164 -0.170514 1.33827 -0.00693307 0.0162604 1.48937 -0.100656 0.541202 0.060236 0.085666 -0.21498 0.00558025
1 1.12 -0.00937789 -0.148866 1.34068 -0.00350183 0.00766293 1.48966 -0.103003 0.548245 0.0877605 0.489073 -0.237079 0.0464521
4 1.12 1.5 0 1.5 0 0 1.57075 0 0 0 0 0 0
5 1.12 50 0.000670671 1
6 1.12 25.7244 0.451277 -0.0253949 0.130463
0 1.13 -0.00652677 -0.16707 1.33799 -0.00607609 0.0140952 1.48942 -0.09901 0.537406 0.0609997 0.0862827 -0.213397 0.00369842
1 1.13 -0.0104872 -0.145574 1.34043 -0.00262197 0.00556041 1.48962 -0.101073 0.543515 0.0886818 0.487448 -0.229594 0.0452219
4 1.13 1.5 0 1.5 0 0 1.57075 0 0 0 0 0 0
5 1.13 50 0.000818253 1
6 1.13 25.7331 0.448803 -0.0186094 0.132543
0 1.14 -0.00764008 -0.1632 1.33794 -0.00521296 0.0119531 1.48946 -0.0972217 0.533746 0.0617921 0.0857206 -0.208947 0.0019567
1 1.14 -0.011529 -0.141851 1.34041 -0.00178268 0.00359573 1.48959 -0.0989971 0.53893 0.0896012 0.485678 -0.222299 0.0440655
4 1.14 1.5 0 1.5 0 0 1.57075 0 0 0 0 0 0
5 1.14 50 0.000738859 1
6 1.14 25.74 0.447482 -0.0153332 0.134412
0 1.16 -0.00895627 -0.158977 1.33773 -0.003598 0.00777505 1.4896 -0.0943002 0.526921 0.063165 0.0799073 -0.207306 0.00409234
1 1.16 -0.0127283 -0.1379 1.34026 -0.000400205 -0.000516549 1.4898 -0.0955429 0.530302 0.0912147 0.481945 -0.20738 0.0451393
4 1.16 1.5 0 1.5 0 0 1.57075 0 0 0 0 0 0
5 1.16 50 0.000757933 1
6 1.16 25.7535 0.449774 -0.000111457 0.131024
0 1.17 -0.0100536 -0.154648 1.33784 -0.00259445 0.00519134 1.48965 -0.0921207 0.521792 0.0645713 0.0788867 -0.202526 -0.00290585
1 1.17 -0.0137384 -0.133776 1.34043 0.000560529 -0.00290997 1.48955 -0.0930312 0.524057 0.0926941 0.479807 -0.198179 0.0408571
4 1.17 1.5 0 1.5 0 0 1.57075 0 0 0 0 0 0
5 1.17 50 0.000734329 1
6 1.17 25.7575 0.448641 0.00500597 0.139695
0 1.18 -0.0112358 -0.151162 1.33752 -0.00198114 0.00365606 1.48969 -0.0904734 0.508691 0.063706 0.0808397 -0.203761 0.00187582
1 1.18 -0.0148547 -0.130815 1.34007 0.00125278 -0.00449421 1.48978 -0.0911797 0.510292 0.0920897 0.478426 -0.188403 0.0439806
4 1.18 1.5 0 1.5 0 0 1.57075 0 0 0 0 0 0
5 1.18 50 0.000828028 1
6 1.18 25.7732 0.444831 0.0176077 0.134401
0 1.2 -0.0124293 -0.146814 1.33752 -6.06562e-05 -0.00119605 1.49001 -0.0889299 0.49734 0.0639358 0.0801414 -0.199839 0.0106896
1 1.2 -0.0159865 -0.12692 1.34008 0.00314449 -0.00918959 1.49044 -0.088996 0.49684 0.0926819 0.474826 -0.169193 0.0489768
4 1.2 1.5 0 1.5 0 0 1.57075 0 0 0 0 0 0
5 1.2 50 0.00109649 1
6 1.2 25.7952 0.441441 0.0350902 0.122214
0 1.21 -0.0135547 -0.143325 1.33723 0.000699859 -0.0031503 1.49011 -0.0864782 0.484334 0.0642382 0.079897 -0.19686 0.00894156
1 1.21 -0.0170139 -0.123952 1.3398 0.00389463 -0.0110249 1.49046 -0.0862913 0.482987 0.0931349 0.472828 -0.158085 0.0481338
4 1.21 1.5 0 1.5 0 0 1.57075 0 0 0 0 0 0
5 1.21 50 0.00109196 1
6 1.21 25.8046 0.439509 0.0444276 0.125103
0 1.22 -0.0145211 -0.139625 1.33728 0.00153657 -0.00514215 1.49022 -0.0845211 0.474538 0.0649408 0.0865542 -0.191707 0.00774181
1 1.22 -0.0179019 -0.120643 1.33988 0.0049972 -0.0128109 1.49052 -0.0840501 0.472326 0.0939363 0.4714 -0.148353 0.047459
4 1.22 1.5 0 1.5 0 0 1.57075 0 0 0 0 0 0
5 1.22 50 0.000745058 1
6 1.22 25.8108 0.430486 0.0496846 0.126778
0 1.23 -0.0153229 -0.137221 1.33697 0.00217481 -0.00662446 1.49027 -0.0827456 0.46645 0.0658149 0.0835399 -0.194166 0.00506451
1 1.23 -0.0186327 -0.118563 1.3396 0.00551518 -0.0143915 1.49046 -0.0820565 0.463593 0.0948599 0.469653 -0.140802 0.045974
4 1.23 1.5 0 1.5 0 0 1.57075 0 0 0 0 0 0
5 1.23 50 0.00101924 1
6 1.23 25.8141 0.431944 0.0611913 0.130585
0 1.25 -0.01631 -0.133517 1.33691 0.00381158 -0.0107638 1.49053 -0.0803976 0.457639 0.0646736 0.0815683 -0.203026 0.00684245
1 1.25 -0.019526 -0.115212 1.3395 0.0070717 -0.0188858 1.49077 -0.079159 0.452984 0.0940849 0.46598 -0.125123 0.046789
4 1.25 1.5 0 1.5 0 0 1.57075 0 0 0 0 0 0
5 1.25 50 0.000717878 1
6 1.25 25.8376 0.430008 0.0893338 0.127511
0 1.26 -0.017175 -0.130657 1.33656 0.00479378 -0.0135006 1.49055 -0.0780141 0.448736 0.0569917 0.0769607 -0.216132 0.00284678
1 1.26 -0.0202955 -0.112707 1.33884 0.00787123 -0.0221464 1.49063 -0.0764516 0.442885 0.0872767 0.462633 -0.113522 0.0444967
4 1.26 1.5 0 1.5 0 0 1.57075 0 0 0 0 0 0
5 1.26 50 0.00121427 1
6 1.26 25.8921 0.431481 0.117709 0.132949
0 1.27 -0.0180807 -0.126958 1.33638 0.00553459 -0.0157947 1.49055 -0.0758036 0.439875 0.0419445 0.0761292 -0.239977 0.00376029
1 1.27 -0.0211128 -0.109363 1.33806 0.00857822 -0.0253945 1.49064 -0.0740003 0.433008 0.0737323 0.459455 -0.103678 0.045178
4 1.27 1.5 0 1.5 0 0 1.57075 0 0 0 0 0 0
5 1.27 50 0.000730038 1
6 1.27 25.9851 0.428832 0.156354 0.132205
0 1.28 -0.0188828 -0.124196 1.33575 0.00604074 -0.0179127 1.49055 -0.0735209 0.431525 0.0220523 0.0590008 -0.282246 0.00454
1 1.28 -0.0218236 -0.106935 1.33663 0.00839874 -0.0292034 1.49066 -0.0715667 0.42371 0.0557527 0.455079 -0.094735 0.0458517
4 1.28 1.5 0 1.5 0 0 1.57075 0 0 0 0 0 0
5 1.28 50 0.000693321 1
6 1.28 26.1033 0.44307 0.215113 0.131869
0 1.29 -0.0197173 -0.1207 1.3351 0.00668169 -0.0216748 1.49058 -0.0714082 0.42368 -0.00361897 0.0487149 -0.314716 0.00162713
1 1.29 -0.0225737 -0.103753 1.33495 0.0086307 -0.0342636 1.49056 -0.0692975 0.414189 0.0325643 0.450664 -0.0806546 0.0441579
4 1.29 1.5 0 1.5 0 0 1.57075 0 0 0 0 0 0
5 1.29 50 0.00106239 1
6 1.29 26.2575 0.449702 0.268537 0.135762
0 1.31 -0.020414 -0.118201 1.33398 0.00753896 -0.0285883 1.49065 -0.0690256 0.415448 -0.0334034 0.0359647 -0.359196 0.00299507
1 1.31 -0.023175 -0.101584 1.33264 0.00897722 -0.0429566 1.49066 -0.0667695 0.402889 0.00568329 0.44539 -0.0562942 0.0448172
4 1.31 1.5 0 1.5 0 0 1.57075 0 0 0 0 0 0
5 1.31 50 0.00134468 1
6 1.31 26.4401 0.458021 0.347517 0.133502
0 1.32 -0.0211354 -0.115016 1.33271 0.007765 -0.031338 1.49067 -0.0666678 0.407519 -0.0662732 0.0278501 -0.363016 -0.000542264
1 1.32 -0.0238021 -0.0987155 1.33006 0.00888321 -0.0458581 1.49054 -0.0643926 0.393669 -0.0240675 0.441149 -0.044308 0.0428714
4 1.32 1.5 0 1.5 0 0 1.57075 0 0 0 0 0 0
5 1.32 50 0.000714302 1
6 1.32 26.6335 0.462459 0.365662 0.138587
0 1.33 -0.0216979 -0.112961 1.33094 0.00801869 -0.0352584 1.49059 -0.0647854 0.400843 -0.0947831 0.0206427 -0.358845 -0.00693931
1 1.33 -0.0242893 -0.0969273 1.32715 0.00885825 -0.0496096 1.4902 -0.0625234 0.385184 -0.0498276 0.437495 -0.0286625 0.0391758
4 1.33 1.5 0 1.5 0 0 1.57075 0 0 0 0 0 0
5 1.33 50 0.00111485 1
6 1.33 26.8055 0.466622 0.378838 0.147214
0 1.34 -0.0224017 -0.109809 1.32864 0.00819914 -0.0385096 1.49049 -0.0625264 0.393194 -0.131519 0.0177351 -0.347832 -0.00693256
1 1.34 -0.0249028 -0.0940812 1.32338 0.00892362 -0.0524201 1.4901 -0.0602831 0.375972 -0.083023 0.433486 -0.0146396 0.0393823
4 1.34 1.5 0 1.5 0 0 1.57075 0 0 0 0 0 0
5 1.34 50 0.000767946 1
6 1.34 27.0258 0.465384 0.382289 0.147853
0 1.35 -0.0229852 -0.107488 1.32582 0.0084102 -0.0426774 1.49044 -0.0600361 0.384596 -0.170211 0.0145966 -0.316132 -0.00619279
1 1.35 -0.0253866 -0.092104 1.31901 0.00900919 -0.0553201 1.49009 -0.0578293 0.365369 -0.117981 0.429204 0.00357092 0.0399851
4 1.35 1.5 0 1.5 0 0 1.57075 0 0 0 0 0 0
5 1.35 50 0.000697374 1
6 1.35 27.2594 0.464067 0.36681 0.147418
0 1.37 -0.0235728 -0.104626 1.32285 0.00862624 -0.0469933 1.49032 -0.0572122 0.376292 -0.20878 0.0150793 -0.260335 -0.0103617
1 1.37 -0.0258612 -0.0895741 1.3145 0.00925312 -0.0574027 1.48981 -0.0550478 0.354964 -0.152834 0.425123 0.0225482 0.037675
4 1.37 1.5 0 1.5 0 0 1.57075 0 0 0 0 0 0
5 1.37 50 0.000778437 1
6 1.37 27.4926 0.459022 0.324571 0.153352
0 1.38 -0.0241209 -0.102372 1.31846 0.00877529 -0.0493931 1.49021 -0.0547361 0.362066 -0.251789 0.0161758 -0.241797 -0.0121695
1 1.38 -0.0263104 -0.0878893 1.30838 0.00945058 -0.0590604 1.48964 -0.0525734 0.339446 -0.191595 0.420768 0.0374993 0.0371114
4 1.38 1.5 0 1.5 0 0 1.57075 0 0 0 0 0 0
5 1.38 50 0.000743866 1
6 1.38 27.7563 0.452942 0.320459 0.157325
0 1.39 -0.0245689 -0.10022 1.31487 0.00913189 -0.0527744 1.49004 -0.0526275 0.351955 -0.286038 0.0290138 -0.196753 -0.00382742
1 1.39 -0.026674 -0.0861421 1.30342 0.0103043 -0.0606429 1.48981 -0.0504142 0.32761 -0.222453 0.417802 0.0542247 0.0423507
4 1.39 1.5 0 1.5 0 0 1.57075 0 0 0 0 0 0
5 1.39 50 0.00101972 1
6 1.39 27.9692 0.43508 0.287962 0.147417
0 1.4 -0.0248932 -0.0988633 1.31123 0.00947517 -0.0547227 1.49004 -0.0506186 0.34195 -0.320132 0.0333061 -0.176 0.00132483
1 1.4 -0.0269179 -0.0851853 1.29843 0.0108082 -0.0617629 1.49003 -0.0483033 0.316517 -0.253158 0.414218 0.0659206 0.0456871
4 1.4 1.5 0 1.5 0 0 1.57075 0 0 0 0 0 0
5 1.4 50 0.000908852 1
6 1.4 28.1801 0.426186 0.277557 0.14162
0 1.41 -0.0254257 -0.0960173 1.30536 0.00979885 -0.0563656 1.49008 -0.0473141 0.328942 -0.37087 0.0324164 -0.162462 0.00570881
1 1.41 -0.0273183 -0.0828597 1.29053 0.0110862 -0.062866 1.49024 -0.0448835 0.302452 -0.298809 0.408586 0.0776844 0.0487029
4 1.41 1.5 0 1.5 0 0 1.57075 0 0 0 0 0 0
5 1.41 50 0.000704288 1
6 1.41 28.4949 0.420823 0.27551 0.137253
0 1.43 -0.0257315 -0.0945387 1.29986 0.010349 -0.0590609 1.49007 -0.0451003 0.32013 -0.405529 0.030608 -0.146816 0.00032409
1 1.43 -0.0275355 -0.0817335 1.28364 0.0115762 -0.0649334 1.49002 -0.0424956 0.292154 -0.3299 0.404137 0.0911263 0.0456811
4 1.43 1.5 0 1.5 0 0 1.57075 0 0 0 0 0 0
5 1.43 50 0.00103927 1
6 1.43 28.7184 0.417941 0.272996 0.144797
0 1.44 -0.0261044 -0.0924033 1.29357 0.0105451 -0.0601803 1.49002 -0.0427637 0.310586 -0.445112 0.022286 -0.146013 -0.00303854
1 1.44 -0.0278149 -0.0799798 1.27577 0.0114476 -0.0660192 1.48984 -0.0400874 0.281829 -0.365392 0.399412 0.0993338 0.044054
4 1.44 1.5 0 1.5 0 0 1.57075 0 0 0 0 0 0
5 1.44 50 0.000798464 1
6 1.44 28.9714 0.422005 0.281498 0.150339
0 1.45 -0.0264281 -0.0905835 1.28574 0.0107412 -0.0624589 1.48999 -0.0398152 0.29943 -0.491433 0.00553497 -0.14535 0.00571174
1 1.45 -0.0280207 -0.0786063 1.26608 0.0109522 -0.068275 1.49015 -0.0371069 0.269289 -0.406956 0.39349 0.112358 0.0496662
4 1.45 1.5 0 1.5 0 0 1.57075 0 0 0 0 0 0
5 1.45 50 0.000773668 1
6 1.45 29.2675 0.434018 0.295672 0.140324
0 1.46 -0.0268161 -0.0879626 1.27697 0.0107505 -0.0639391 1.49002 -0.0365457 0.288208 -0.541073 -0.000776145 -0.148368 0.00362712
1 1.46 -0.028278 -0.0764342 1.25533 0.0107143 -0.0698751 1.4901 -0.03386 0.257025 -0.451417 0.388298 0.122484 0.0487945
4 1.46 1.5 0 1.5 0 0 1.57075 0 0 0 0 0 0
5 1.46 50 0.00117397 1
6 1.46 29.5881 0.435294 0.310755 0.144197
0 1.48 -0.0269721 -0.0869826 1.27033 0.0107358 -0.0666139 1.48997 -0.0333036 0.277933 -0.582143 -0.000294261 -0.14532 0.0035822
1 1.48 -0.0283043 -0.0758653 1.24705 0.0107186 -0.0724279 1.49005 -0.0307079 0.24518 -0.488333 0.384424 0.136535 0.0490724
4 1.48 1.5 0 1.5 0 0 1.57075 0 0 0 0 0 0
5 1.48 50 0.000711679 1
6 1.48 29.8483 0.430422 0.323379 0.145228
0 1.49 -0.0272089 -0.0849973 1.26151 0.0107418 -0.0680353 1.48999 -0.0292413 0.266561 -0.631119 0.00140884 -0.145559 0.00346827
1 1.49 -0.0283785 -0.0743349 1.23626 0.0107929 -0.0738588 1.49007 -0.0266708 0.232764 -0.532187 0.379702 0.14675 0.049364
4 1.49 1.5 0 1.5 0 0 1.57075 0 0 0 0 0 0
5 1.49 50 0.00105262 1
6 1.49 30.1656 0.423233 0.335373 0.146522
0 1.5 -0.0272948 -0.0842391 1.25353 0.0106918 -0.0696253 1.48992 -0.0264655 0.256908 -0.668225 -0.0125348 -0.139022 -0.0101305
1 1.5 -0.0283534 -0.0739628 1.2268 0.0102228 -0.0751815 1.48945 -0.0239651 0.222055 -0.565379 0.375268 0.157 0.0416644
4 1.5 1.5 0 1.5 0 0 1.57075 0 0 0 0 0 0
5 1.5 50 0.000825644 1
6 1.5 30.4092 0.434031 0.339622 0.165357
0 1.52 -0.027443 -0.0826353 1.24322 0.0104861 -0.0724109 1.48986 -0.0234087 0.245444 -0.71473 -0.00495563 -0.120621 0.00388004
1 1.52 -0.0283794 -0.0728175 1.21463 0.0102803 -0.077237 1.48996 -0.0211005 0.208857 -0.606969 0.372039 0.172318 0.0503366
4 1.52 1.5 0 1.5 0 0 1.57075 0 0 0 0 0 0
5 1.52 50 0.000774622 1
6 1.52 30.7171 0.421784 0.336096 0.148313
0 1.53 -0.0274859 -0.081994 1.23445 0.0104504 -0.0733729 1.48992 -0.0203456 0.234379 -0.757058 -0.00653716 -0.121087 0.00493954
1 1.53 -0.0282998 -0.0726188 1.20417 0.0101781 -0.0782182 1.49007 -0.0180715 0.196978 -0.644794 0.367954 0.181051 0.0513116
4 1.53 1.5 0 1.5 0 0 1.57075 0 0 0 0 0 0
5 1.53 50 0.000883818 1
6 1.53 30.9957 0.418972 0.346653 0.148044
0 1.54 -0.0275474 -0.0810046 1.22637 0.010376 -0.0744558 1.48993 -0.0179549 0.225297 -0.793183 -0.00781039 -0.111569 0.00175708
1 1.54 -0.0282656 -0.0719927 1.19465 0.0100618 -0.078919 1.48996 -0.0157449 0.18706 -0.677047 0.364771 0.189334 0.0497023
4 1.54 1.5 0 1.5 0 0 1.57075 0 0 0 0 0 0
5 1.54 50 0.000690222 1
6 1.54 31.2361 0.416869 0.345234 0.153066
0 1.56 -0.0275419 -0.0803216 1.21492 0.010245 -0.076465 1.48995 -0.014535 0.212804 -0.841164 -0.00523419 -0.0779377 0.00114631
1 1.56 -0.0281233 -0.0718094 1.18127 0.0100346 -0.0795828 1.48997 -0.012452 0.17315 -0.719873 0.360855 0.202965 0.0496924
4 1.56 1.5 0 1.5 0 0 1.57075 0 0 0 0 0 0
5 1.56 50 0.000831842 1
6 1.56 31.5574 0.409612 0.322287 0.154984
0 1.57 -0.0275601 -0.0792651 1.20455 0.0102159 -0.0770416 1.49 -0.0118667 0.202934 -0.882157 -0.00544347 -0.070584 -0.00233381
1 1.57 -0.0280348 -0.0711478 1.16926 0.0100076 -0.0798639 1.48988 -0.00980266 0.162631 -0.756322 0.357206 0.209889 0.0479263
4 1.57 1.5 0 1.5 0 0 1.57075 0 0 0 0 0 0
5 1.57 50 0.000685453 1
6 1.57 31.838 0.405785 0.321792 0.160456
0 1.58 -0.027492 -0.0791378 1.19525 0.0101551 -0.07772 1.49 -0.00990562 0.190731 -0.917528 -0.00756813 -0.0610494 0.00160851
1 1.58 -0.0278882 -0.0715086 1.15855 0.00984925 -0.0801625 1.49004 -0.00788634 0.149772 -0.787793 0.354083 0.218332 0.0506854
4 1.58 1.5 0 1.5 0 0 1.57075 0 0 0 0 0 0
5 1.58 50 0.00066781 1
6 1.58 32.0793 0.404647 0.320541 0.156678
0 1.59 -0.027442 -0.078502 1.18318 0.0101005 -0.0783847 1.49 -0.00785038 0.177107 -0.961259 -0.00603489 -0.0549214 0.00130683
1 1.59 -0.027756 -0.0714177 1.14473 0.0098567 -0.0805819 1.49003 -0.00586882 0.135414 -0.826617 0.350632 0.227294 0.0509395
4 1.59 1.5 0 1.5 0 0 1.57075 0 0 0 0 0 0
5 1.59 50 0.00101542 1
6 1.59 32.3824 0.399072 0.323793 0.158453
0 1.6 -0.0272746 -0.0782885 1.16733 0.01 -0.0790073 1.49 -0.00586096 0.164192 -1.00681 -0.00995769 -0.0378261 0.00106582
1 1.6 -0.027509 -0.0717208 1.12706 0.00959956 -0.0805207 1.49002 -0.00393959 0.121746 -0.866782 0.346646 0.236145 0.0512492
4 1.6 1.5 0 1.5 0 0 1.57075 0 0 0 0 0 0
5 1.6 50 0.00077796 1
6 1.6 32.7146 0.399003 0.314334 0.160211
0 1.62 -0.0271389 -0.0775092 1.14889 0.00971443 -0.079759 1.49004 -0.00385717 0.150418 -1.06021 -0.0189228 -0.0255129 -0.00114514
1 1.62 -0.0272932 -0.0714925 1.10648 0.00896197 -0.080779 1.48998 -0.0020976 0.107077 -0.9139 0.342291 0.24573 0.0503898
4 1.62 1.5 0 1.5 0 0 1.57075 0 0 0 0 0 0
5 1.62 50 0.000664949 1
6 1.62 33.1025 0.404167 0.311201 0.164526
0 1.63 -0.0269707 -0.0776564 1.13801 0.00952475 -0.0799438 1.49001 -0.00240144 0.141061 -1.0955 -0.0299789 -0.0179185 -0.0011346
1 1.63 -0.0270667 -0.0720139 1.09419 0.00832978 -0.0806601 1.48996 -0.000741115 0.0973013 -0.945144 0.339112 0.251259 0.0507876
4 1.63 1.5 0 1.5 0 0 1.57075 0 0 0 0 0 0
5 1.63 50 0.000982046 1
6 1.63 33.3517 0.41298 0.308831 0.165762
0 1.64 -0.0268171 -0.0774197 1.12464 0.00906111 -0.0801647 1.48998 -0.000605307 0.130633 -1.13685 -0.0386244 -0.0112894 -0.00123721
1 1.64 -0.0268413 -0.0721944 1.07916 0.00752044 -0.0806158 1.48993 0.000804938 0.0863864 -0.981709 0.336036 0.257276 0.0511541
4 1.64 1.5 0 1.5 0 0 1.57075 0 0 0 0 0 0
5 1.64 50 0.000669003 1
6 1.64 33.6465 0.419211 0.308128 0.16726
0 1.65 -0.0265541 -0.0777208 1.11049 0.00876852 -0.0802794 1.49003 0.00102364 0.122059 -1.17259 -0.0377823 -0.0125984 0.0026499
1 1.65 -0.0265132 -0.0728384 1.06359 0.00724905 -0.0807842 1.49013 0.00228079 0.0774077 -1.01305 0.333658 0.262092 0.0537511
4 1.65 1.5 0 1.5 0 0 1.57075 0 0 0 0 0 0
5 1.65 50 0.000771999 1
6 1.65 33.9168 0.415605 0.315167 0.163141
0 1.66 -0.026293 -0.0776708 1.09329 0.00828655 -0.0804307 1.49012 0.00325961 0.112053 -1.21625 -0.0373319 -0.0035982 0.00141043
1 1.66 -0.0261627 -0.0731886 1.04464 0.00678882 -0.0805751 1.49017 0.00425736 0.0669056 -1.05136 0.331076 0.267847 0.0533235
4 1.66 1.5 0 1.5 0 0 1.57075 0 0 0 0 0 0
5 1.66 50 0.00108886 1
6 1.66 34.246 0.412214 0.311439 0.165733
0 1.68 -0.0259532 -0.0781225 1.07663 0.0075991 -0.0803587 1.49017 0.0053459 0.101774 -1.25925 -0.0324228 0.00966791 -0.00114681
1 1.68 -0.0257393 -0.0740515 1.02626 0.00630565 -0.0799717 1.49013 0.00597217 0.0562731 -1.08911 0.329268 0.273034 0.0521536
4 1.68 1.5 0 1.5 0 0 1.57075 0 0 0 0 0 0
5 1.68 50 0.000672102 1
6 1.68 34.5682 0.404697 0.302163 0.170161
0 1.69 -0.0256689 -0.0781961 1.05981 0.00733521 -0.0802901 1.49014 0.00737181 0.0919227 -1.30204 -0.0290637 0.0108578 -0.000322603
1 1.69 -0.025374 -0.0745191 1.00773 0.00617344 -0.0798557 1.49013 0.00785555 0.0460451 -1.12661 0.326566 0.277772 0.0530076
4 1.69 1.5 0 1.5 0 0 1.57075 0 0 0 0 0 0
5 1.69 50 0.000686407 1
6 1.69 34.893 0.397917 0.306236 0.170256
0 1.7 -0.0252109 -0.0789861 1.03999 0.00706172 -0.0801247 1.49019 0.00967235 0.0816864 -1.34656 -0.0272865 0.0234083 0.00310953
1 1.7 -0.024824 -0.0757187 0.986132 0.00595974 -0.0791892 1.49032 0.0100144 0.0354564 -1.16543 0.323592 0.282713 0.0553758
4 1.7 1.5 0 1.5 0 0 1.57075 0 0 0 0 0 0
5 1.7 50 0.000808477 1
6 1.7 35.2426 0.392606 0.297513 0.166859
0 1.71 -0.0248248 -0.0793722 1.02057 0.00679417 -0.0799042 1.4902 0.0117863 0.0719091 -1.38992 -0.027834 0.0258202 0.00254599
1 1.71 -0.0243533 -0.0764958 0.964975 0.00567209 -0.0788721 1.49031 0.0119872 0.0253706 -1.20322 0.320575 0.286952 0.0553823
4 1.71 1.5 0 1.5 0 0 1.57075 0 0 0 0 0 0
5 1.71 50 0.000751257 1
6 1.71 35.5843 0.389843 0.299608 0.168679
0 1.73 -0.0243788 -0.0802792 1.00285 0.00627099 -0.0794775 1.49024 0.0136869 0.0618812 -1.43135 -0.0323407 0.0289574 0.00235571
1 1.73 -0.0238313 -0.0778039 0.945599 0.00496928 -0.0783198 1.49035 0.0136062 0.0151971 -1.23941 0.317961 0.290587 0.0556274
4 1.73 1.5 0 1.5 0 0 1.57075 0 0 0 0 0 0
5 1.73 50 0.00100374 1
6 1.73 35.9044 0.391961 0.30018 0.170069
0 1.74 -0.0239846 -0.0808208 0.984343 0.00599053 -0.0792439 1.4903 0.0155764 0.0522307 -1.47349 -0.0380398 0.0351803 -0.000851163
1 1.74 -0.0233615 -0.0787316 0.925403 0.00447097 -0.0778365 1.49027 0.0153432 0.0052687 -1.27618 0.315007 0.294753 0.0540205
4 1.74 1.5 0 1.5 0 0 1.57075 0 0 0 0 0 0
5 1.74 50 0.00073576 1
6 1.74 36.2338 0.395025 0.297811 0.175176
0 1.75 -0.0233441 -0.0821947 0.960034 0.00542362 -0.0786527 1.4903 0.0182605 0.0406631 -1.52356 -0.0403282 0.0467604 -0.00128327
1 1.75 -0.0226137 -0.0805682 0.899092 0.00381374 -0.076782 1.49026 0.0177154 -0.00644311 -1.31966 0.31182 0.298725 0.0541934
4 1.75 1.5 0 1.5 0 0 1.57075 0 0 0 0 0 0
5 1.75 50 0.000753403 1
6 1.75 36.6372 0.394016 0.289081 0.177107
0 1.76 -0.0229526 -0.0828763 0.943441 0.00500053 -0.0782069 1.4903 0.0199052 0.033143 -1.55714 -0.0417473 0.0452531 0.00348545
1 1.76 -0.0221564 -0.0815506 0.881155 0.003319 -0.0763975 1.49045 0.0191233 -0.0140261 -1.34878 0.310019 0.301008 0.057317
4 1.76 1.5 0 1.5 0 0 1.57075 0 0 0 0 0 0
5 1.76 50 0.000973701 1
6 1.76 36.9095 0.393607 0.293446 0.171855
0 1.78 -0.0222841 -0.0844722 0.919635 0.00424439 -0.0774149 1.49035 0.023197 0.0175084 -1.60343 -0.044888 0.0566418 0.00366727
1 1.78 -0.0213562 -0.0837718 0.855498 0.00243675 -0.0751499 1.49051 0.0219893 -0.029627 -1.38889 0.307273 0.305747 0.0579279
4 1.78 1.5 0 1.5 0 0 1.57075 0 0 0 0 0 0
5 1.78 50 0.000672579 1
6 1.78 37.2869 0.394052 0.285818 0.173224
0 1.79 -0.0217755 -0.0855037 0.899231 0.00380909 -0.0768718 1.49047 0.0251188 0.00572521 -1.64272 -0.0455088 0.0651452 0.00594569
1 1.79 -0.0207707 -0.0852747 0.833523 0.00196966 -0.0742669 1.49072 0.0236664 -0.0414662 -1.42289 0.30507 0.309525 0.0595791
4 1.79 1.5 0 1.5 0 0 1.57075 0 0 0 0 0 0
5 1.79 50 0.00109577 1
6 1.79 37.6101 0.392297 0.280404 0.171221
0 1.8 -0.021099 -0.0872533 0.876225 0.00324514 -0.0761204 1.49054 0.0269247 -0.00580587 -1.68419 -0.0467318 0.06714 0.00211426
1 1.8 -0.0200221 -0.0874855 0.808857 0.00136875 -0.0734351 1.49063 0.0251509 -0.0529451 -1.45864 0.302898 0.312575 0.0576441
4 1.8 1.5 0 1.5 0 0 1.57075 0 0 0 0 0 0
5 1.8 50 0.000750303 1
6 1.8 37.9596 0.391215 0.281601 0.177275
0 1.82 -0.0204949 -0.0886535 0.853158 0.00237043 -0.0748518 1.4906 0.0288348 -0.0163391 -1.7259 -0.0441873 0.0758127 0.000320641
1 1.82 -0.0193415 -0.0893071 0.784122 0.000601432 -0.0718193 1.49062 0.0265653 -0.0630829 -1.49456 0.301651 0.313277 0.0569267
4 1.82 1.5 0 1.5 0 0 1.57075 0 0 0 0 0 0
5 1.82 50 0.000695229 1
6 1.82 38.3114 0.386964 0.272449 0.180711
0 1.83 -0.0199654 -0.0900915 0.836087 0.00203168 -0.0743182 1.49061 0.030375 -0.0244642 -1.75841 -0.0469556 0.0780218 -0.00307346
1 1.83 -0.0187504 -0.0910701 0.76575 0.000162141 -0.0711971 1.49049 0.0279042 -0.0711858 -1.52266 0.299594 0.315403 0.0551666
4 1.83 1.5 0 1.5 0 0 1.57075 0 0 0 0 0 0
5 1.83 50 0.00070262 1
6 1.83 38.581 0.387737 0.27234 0.185927
0 1.84 -0.019291 -0.0917231 0.811007 0.00157693 -0.073588 1.49053 0.0321944 -0.0344435 -1.80433 -0.046477 0.0796923 -0.000979963
1 1.84 -0.0180032 -0.0931008 0.738834 -0.000279631 -0.0704002 1.49049 0.0294438 -0.0811489 -1.56224 0.297343 0.317869 0.0567937
4 1.84 1.5 0 1.5 0 0 1.57075 0 0 0 0 0 0
5 1.84 50 0.000900507 1
6 1.84 38.9682 0.384697 0.273261 0.184438
0 1.85 -0.0186698 -0.0934314 0.790896 0.0010205 -0.0725432 1.49048 0.0337772 -0.0425659 -1.84245 -0.0425708 0.0901619 -0.00106684
1 1.85 -0.0173187 -0.095134 0.717198 -0.000679504 -0.0689367 1.49045 0.0307001 -0.0889579 -1.59512 0.295979 0.318291 0.0570559
4 1.85 1.5 0 1.5 0 0 1.57075 0 0 0 0 0 0
5 1.85 50 0.000697374 1
6 1.85 39.2865 0.378798 0.261733 0.185553
0 1.87 -0.0180427 -0.0949935 0.767816 0.000190717 -0.0708921 1.4905 0.0357549 -0.0508337 -1.88394 -0.0512309 0.100274 -0.00252887
1 1.87 -0.0166125 -0.0970269 0.692459 -0.00185139 -0.0668811 1.4904 0.0322012 -0.0965365 -1.6308 0.293945 0.316506 0.0565099
4 1.87 1.5 0 1.5 0 0 1.57075 0 0 0 0 0 0
5 1.87 50 0.000809431 1
6 1.87 39.639 0.386199 0.248077 0.188475
0 1.88 -0.0171587 -0.0974698 0.739184 -0.000419112 -0.0696526 1.4906 0.0374702 -0.0601114 -1.93035 -0.0469695 0.100628 -0.00122162
1 1.88 -0.0156599 -0.0998743 0.66197 -0.00229436 -0.0656275 1.49055 0.0335513 -0.10545 -1.67047 0.292103 0.316808 0.0575355
4 1.88 1.5 0 1.5 0 0 1.57075 0 0 0 0 0 0
5 1.88 50 0.000668526 1
6 1.88 40.0495 0.379381 0.248024 0.187577
0 1.89 -0.0164421 -0.099356 0.713545 -0.00089454 -0.068611 1.49057 0.0391444 -0.0679575 -1.9711 -0.0480762 0.108568 0.000770619
1 1.89 -0.0148763 -0.102074 0.634701 -0.00281944 -0.0642683 1.4906 0.034931 -0.112998 -1.70525 0.290131 0.317089 0.0590016
4 1.89 1.5 0 1.5 0 0 1.57075 0 0 0 0 0 0
5 1.89 50 0.000754356 1
6 1.89 40.4123 0.37843 0.239244 0.185896
0 1.91 -0.015457 -0.102228 0.681951 -0.00197903 -0.066242 1.4906 0.0406781 -0.0771333 -2.01847 -0.0517644 0.113889 0.00375171
1 1.91 -0.0138299 -0.105314 0.601212 -0.00405896 -0.0616861 1.49075 0.0358267 -0.121027 -1.74549 0.288752 0.313233 0.0611231
4 1.91 1.5 0 1.5 0 0 1.57075 0 0 0 0 0 0
5 1.91 50 0.000717878 1
6 1.91 40.8444 0.381041 0.228727 0.183151
0 1.92 -0.0146598 -0.104451 0.653839 -0.00246487 -0.0651237 1.49065 0.0419075 -0.0848307 -2.06018 -0.048657 0.114274 0.00208649
1 1.92 -0.0129835 -0.107844 0.571432 -0.00441586 -0.0605525 1.49073 0.036747 -0.12836 -1.78091 0.287108 0.313086 0.0603365
4 1.92 1.5 0 1.5 0 0 1.57075 0 0 0 0 0 0
5 1.92 50 0.000729799 1
6 1.92 41.227 0.375709 0.22811 0.185957
0 1.93 -0.0138601 -0.106888 0.628949 -0.00270058 -0.0645568 1.49067 0.0430914 -0.091118 -2.09502 -0.0476968 0.115711 0.00173422
1 1.93 -0.0121365 -0.110532 0.545149 -0.00461213 -0.0599282 1.49073 0.037762 -0.134597 -1.81041 0.285136 0.314366 0.0602997
4 1.93 1.5 0 1.5 0 0 1.57075 0 0 0 0 0 0
5 1.93 50 0.000679493 1
6 1.93 41.5534 0.372425 0.227929 0.186964
0 1.94 -0.0131125 -0.109089 0.603716 -0.00329778 -0.0631308 1.49073 0.0440427 -0.0969949 -2.13047 -0.0508021 0.119569 0.00361094
1 1.94 -0.0113508 -0.112969 0.518497 -0.00533799 -0.0583475 1.49086 0.0383428 -0.139829 -1.84023 0.283508 0.312383 0.0615706
4 1.94 1.5 0 1.5 0 0 1.57075 0 0 0 0 0 0
5 1.94 50 0.000975609 1
6 1.94 41.895 0.374098 0.221235 0.185029
0 1.96 -0.0120285 -0.112401 0.568647 -0.00428432 -0.061058 1.49076 0.0457318 -0.105716 -2.17969 -0.0558186 0.122088 0.00111592
1 1.96 -0.0101992 -0.116629 0.48146 -0.00651851 -0.0561743 1.49079 0.039402 -0.147561 -1.88152 0.281409 0.309621 0.0603298
4 1.96 1.5 0 1.5 0 0 1.57075 0 0 0 0 0 0
5 1.96 50 0.000722647 1
6 1.96 42.3766 0.377338 0.215166 0.189032
0 1.97 -0.0110406 -0.115294 0.533513 -0.00484003 -0.0598706 1.49072 0.0476729 -0.113981 -2.22866 -0.05511 0.120487 -0.00126437
1 1.97 -0.00913364 -0.119853 0.444366 -0.00704 -0.0550514 1.49065 0.0409409 -0.155487 -1.92186 0.278071 0.310611 0.0590643
4 1.97 1.5 0 1.5 0 0 1.57075 0 0 0 0 0 0
5 1.97 50 0.000688791 1
6 1.97 42.9034 0.372787 0.218128 0.192592
0 1.98 -0.0104125 -0.117321 0.514689 -0.00538691 -0.0586637 1.49076 0.0488564 -0.121223 -2.25309 -0.0545905 0.123036 -0.00185769
1 1.98 -0.00845827 -0.12217 0.424566 -0.00756461 -0.0537427 1.49066 0.0417728 -0.162082 -1.94237 0.277434 0.30946 0.058888
4 1.98 1.5 0 1.5 0 0 1.57075 0 0 0 0 0 0
5 1.98 50 0.000697136 1
6 1.98 43.1405 0.371486 0.213881 0.193923
0 1.99 -0.00980752 -0.119216 0.494713 -0.00616855 -0.0568866 1.49075 0.04978 -0.127523 -2.27916 -0.0528769 0.124528 0.00234122
1 1.99 -0.00781632 -0.124317 0.403547 -0.00828721 -0.051905 1.49081 0.0422029 -0.167325 -1.96424 0.277227 0.305694 0.0615891
4 1.99 1.5 0 1.5 0 0 1.57075 0 0 0 0 0 0
5 1.99 50 0.000835896 1
6 1.99 43.3942 0.36938 0.207865 0.189141
0 2 -0.00874717 -0.12264 0.460808 -0.00653938 -0.0560172 1.49074 0.0512403 -0.135191 -2.31838 -0.0515455 0.123391 0.00483343
1 2 -0.00669755 -0.128048 0.368073 -0.00861023 -0.0510804 1.4909 0.0433391 -0.174916 -1.99337 0.271543 0.309953 0.0628764
4 2 1.5 0 1.5 0 0 1.57075 0 0 0 0 0 0
5 2 50 0.00119472 2
6 2 44.0115 0.361555 0.214067 0.185295
0 2.01 -0.00795836 -0.125137 0.433919 -0.00702774 -0.0547573 1.49089 0.0521079 -0.140827 -2.35029 -0.0519553 0.134238 0.00748978
1 2.01 -0.00587405 -0.13077 0.339907 -0.0091203 -0.0493858 1.49116 0.0438748 -0.179912 -2.0199 0.270403 0.307947 0.0644829
4 2.01 1.5 0 1.5 0 0 1.57075 0 0 0 0 0 0
5 2.01 50 0.00119162 2
6 2.01 44.3381 0.360771 0.199333 0.181943
0 2.03 -0.00682322 -0.128871 0.396677 -0.00813299 -0.0521531 1.49079 0.0527765 -0.148733 -2.39564 -0.0578802 0.135537 -0.00161728
1 2.03 -0.00471216 -0.13482 0.300851 -0.0104425 -0.0467323 1.49069 0.0438003 -0.186261 -2.05768 0.269339 0.302014 0.0594177
4 2.03 1.5 0 1.5 0 0 1.57075 0 0 0 0 0 0
5 2.03 50 0.00103712 2
6 2.03 44.7973 0.36611 0.190994 0.194845
0 2.04 -0.00610981 -0.131188 0.371561 -0.00855661 -0.0511224 1.49078 0.0533294 -0.15371 -2.42618 -0.0570368 0.142557 -0.00207783
1 2.04 -0.00397663 -0.137337 0.274514 -0.0108313 -0.045421 1.49065 0.0440338 -0.190743 -2.08261 0.267837 0.301007 0.0592208
4 2.04 1.5 0 1.5 0 0 1.57075 0 0 0 0 0 0
5 2.04 50 0.00154686 2
6 2.04 45.1387 0.36348 0.181784 0.195687
0 2.05 -0.00521703 -0.134191 0.342717 -0.00911517 -0.0497446 1.49078 0.0541701 -0.159488 -2.46183 -0.055036 0.136973 0.00722426
1 2.05 -0.00305023 -0.14057 0.244244 -0.0113285 -0.0442633 1.49102 0.0444537 -0.19582 -2.1112 0.265776 0.299729 0.0647209
4 2.05 1.5 0 1.5 0 0 1.57075 0 0 0 0 0 0
5 2.05 50 0.000970602 2
6 2.05 45.5687 0.35904 0.186766 0.183549
0 2.06 -0.00513669 -0.133637 0.321788 -0.0110267 -0.0457492 1.49084 -0.0665426 0.366272 -1.05557 -0.438378 0.955089 0.00391447
1 2.06 -0.00779839 -0.118986 0.279566 -0.0285497 -0.00754625 1.49058 -0.0754749 0.339004 -0.838661 0.336763 0.0760163 0.0522444
4 2.06 1.5 0 1.5 0 0 1.57075 0 0 0 0 0 0
5 2.06 50 0.000792742 1
6 2.06 37.3615 0.867617 -1.00844 0.153817
0 2.07 -0.00517772 -0.132812 0.304125 -0.0229076 -0.00633906 1.48968 -0.1382 0.678733 -0.222822 -1.57259 6.10878 -0.0856852
1 2.07 -0.0107057 -0.105662 0.295212 -0.085754 0.23787 1.48066 -0.150827 0.67632 -0.0744679 0.342231 -0.0929669 -0.0242044
4 2.07 1.5 0 1.5 0 0 1.57075 0 0 0 0 0 0
5 2.07 50 0.000688076 1
6 2.07 33.1305 2.09969 -7.12658 0.185359
0 2.08 -0.00642354 -0.126263 0.297612 -0.0430144 0.0801452 1.4867 -0.192659 0.961173 0.647052 -1.46406 6.9329 -0.134281
1 2.08 -0.0141299 -0.087816 0.323494 -0.102966 0.356974 1.46935 -0.209158 0.999218 0.709406 0.456217 -0.422909 -0.0674329
4 2.08 1.5 0 1.5 0 0 1.57075 0 0 0 0 0 0
5 2.08 50 0.000724077 1
6 2.08 27.9693 2.07245 -8.45579 0.201876
0 2.1 -0.00717945 -0.123225 0.287889 -0.0541726 0.157103 1.48005 -0.228596 1.14217 1.22037 -0.186459 3.87983 -0.198642
1 2.1 -0.0163233 -0.0775386 0.336704 -0.0642189 0.311639 1.4635 -0.243371 1.2018 1.19441 0.683033 -0.706172 -0.0904447
4 2.1 1.5 0 1.5 0 0 1.57075 0 0 0 0 0 0
5 2.1 50 0.0015018 3
6 2.1 22.7578 0.909832 -5.2647 0.344597
0 2.11 -0.00840205 -0.117624 0.287698 -0.055407 0.201025 1.47495 -0.253327 1.26127 1.61041 0.0361352 2.38719 -0.204659
1 2.11 -0.0185351 -0.067173 0.352114 -0.0567048 0.295913 1.46121 -0.265042 1.32749 1.53597 0.764022 -0.946392 -0.0934518
4 2.11 1.5 0 1.5 0 0 1.57075 0 0 0 0 0 0
5 2.11 50 0.00102162 2
6 2.11 19.906 0.774471 -3.82408 0.355126
0 2.12 -0.00979289 -0.11209 0.284449 -0.0560574 0.216621 1.47199 -0.276858 1.36982 1.98051 0.0202284 1.04897 -0.198839
1 2.12 -0.0208672 -0.0572969 0.363669 -0.0575133 0.258068 1.46145 -0.286768 1.43259 1.8675 0.823897 -1.12353 -0.0950199
4 2.12 1.5 0 1.5 0 0 1.57075 0 0 0 0 0 0
5 2.12 50 0.00116253 2
6 2.12 17.5494 0.882167 -2.49223 0.331465
0 2.13 -0.0120408 -0.102044 0.292683 -0.0562438 0.220239 1.47078 -0.294742 1.45182 2.26523 0.0410316 0.64698 -0.196958
1 2.13 -0.0238305 -0.0439709 0.383292 -0.0566892 0.245635 1.46123 -0.303595 1.50953 2.12535 0.865324 -1.2113 -0.103127
4 2.13 1.5 0 1.5 0 0 1.57075 0 0 0 0 0 0
5 2.13 50 0.001508 3
6 2.13 15.8752 0.911883 -2.13137 0.299586
0 2.14 -0.0139729 -0.0942042 0.295284 -0.0553947 0.220218 1.46814 -0.306176 1.50887 2.46492 0.229357 -0.549231 -0.188006
1 2.14 -0.02622 -0.0338493 0.393881 -0.0476289 0.197866 1.46169 -0.314005 1.56213 2.30563 0.91819 -1.31811 -0.10231
4 2.14 1.5 0 1.5 0 0 1.57075 0 0 0 0 0 0
5 2.14 50 0.00167942 3
6 2.14 14.6538 0.779188 -0.878579 0.273442
0 2.16 -0.0165224 -0.0827798 0.307726 -0.0472049 0.196021 1.4658 -0.313656 1.55182 2.61078 0.708281 -1.90642 -0.146529
1 2.16 -0.0290686 -0.020707 0.412158 -0.0193217 0.119573 1.4635 -0.319826 1.59796 2.4462 0.895759 -1.34325 -0.0954091
4 2.16 1.5 0 1.5 0 0 1.57075 0 0 0 0 0 0
5 2.16 50 0.000984192 1
6 2.16 14.2423 0.232623 0.654744 0.161664
0 2.17 -0.0179407 -0.0771233 0.309879 -0.0395904 0.175303 1.46518 -0.31792 1.57867 2.70575 0.81123 -2.17994 -0.121331
1 2.17 -0.0306575 -0.0139765 0.41811 -0.00738885 0.0879814 1.46376 -0.322704 1.61913 2.53763 0.914843 -1.32346 -0.0865689
4 2.17 1.5 0 1.5 0 0 1.57075 0 0 0 0 0 0
5 2.17 50 0.000707626 1
6 2.17 13.9621 0.137571 0.990817 0.108969
0 2.18 -0.0207277 -0.0643827 0.326149 -0.0318089 0.153538 1.46499 -0.321727 1.60536 2.80803 0.826152 -2.34411 -0.0848284
1 2.18 -0.0335968 -0.000168343 0.43847 0.00117388 0.0597128 1.46458 -0.325156 1.63977 2.63438 0.931616 -1.30047 -0.0728462
4 2.18 1.5 0 1.5 0 0 1.57075 0 0 0 0 0 0
5 2.18 50 0.00081706 1
6 2.18 13.565 0.134271 1.2032 0.0360522
0 2.2 -0.0225015 -0.0570594 0.331524 -0.0182588 0.106168 1.46521 -0.323975 1.6207 2.86547 0.529437 -2.32728 0.00246245
1 2.2 -0.0354605 0.00776865 0.446143 0.00311032 0.0130942 1.46702 -0.325545 1.64481 2.69646 0.911162 -1.1991 -0.0281872
4 2.2 1.5 0 1.5 0 0 1.57075 0 0 0 0 0 0
5 2.2 50 0.000997543 1
6 2.2 13.762 0.426646 1.29428 -0.0992496
0 2.21 -0.0243643 -0.04866 0.341966 -0.0140446 0.0789178 1.46605 -0.325927 1.63176 2.90137 0.261176 -2.14806 0.0325643
1 2.21 -0.0374014 0.0166104 0.458021 -0.00339914 -0.00697797 1.46856 -0.327213 1.64969 2.73283 0.899039 -1.13584 -0.0154456
4 2.21 1.5 0 1.5 0 0 1.57075 0 0 0 0 0 0
5 2.21 50 0.000835419 1
6 2.21 13.7552 0.707987 1.16064 -0.153909
0 2.22 -0.0265365 -0.0393732 0.351213 -0.0129762 0.0638102 1.46657 -0.327637 1.63942 2.9223 0.0789392 -1.95052 0.0573412
1 2.22 -0.039642 0.0262037 0.468104 -0.00960743 -0.0141744 1.46988 -0.32904 1.65392 2.7532 0.892963 -1.09858 -0.00400517
4 2.22 1.5 0 1.5 0 0 1.57075 0 0 0 0 0 0
5 2.22 50 0.00103951 1
6 2.22 13.7066 0.901668 0.977073 -0.196023
0 2.23 -0.0290868 -0.0275572 0.367802 -0.0132352 0.0455897 1.4675 -0.327919 1.64511 2.92839 -0.055894 -1.71514 0.0736623
1 2.23 -0.0422035 0.0382472 0.484938 -0.0152951 -0.0229711 1.47136 -0.329816 1.65557 2.75988 0.890007 -1.0513 0.00185504
4 2.23 1.5 0 1.5 0 0 1.57075 0 0 0 0 0 0
5 2.23 50 0.000830173 1
6 2.23 13.7286 1.04804 0.761984 -0.229136
0 2.25 -0.0309375 -0.0198009 0.374963 -0.0157226 0.0193922 1.46955 -0.326208 1.64406 2.91269 -0.120307 -1.06363 0.0908284
1 2.25 -0.0439858 0.0459613 0.491471 -0.0204514 -0.0230908 1.47385 -0.329337 1.64883 2.74892 0.888687 -0.959493 0.00794718
4 2.25 1.5 0 1.5 0 0 1.57075 0 0 0 0 0 0
5 2.25 50 0.00069809 1
6 2.25 14.008 1.12107 0.12039 -0.264453
0 2.26 -0.0333592 -0.00860156 0.390059 -0.0165736 0.0103553 1.47053 -0.324049 1.64195 2.89256 -0.0656774 -0.853199 0.0905808
1 2.26 -0.0463212 0.0570765 0.505761 -0.0191574 -0.0237079 1.47472 -0.327614 1.64471 2.73081 0.892136 -0.929837 0.00566688
4 2.26 1.5 0 1.5 0 0 1.57075 0 0 0 0 0 0
5 2.26 50 0.00109243 1
6 2.26 14.13 1.06538 -0.0874355 -0.271024
0 2.27 -0.0351493 -0.0010492 0.396895 -0.0165051 0.00328926 1.47148 -0.321098 1.63549 2.8614 0.052549 -0.639701 0.0797183
1 2.27 -0.0479932 0.0643704 0.511351 -0.0143913 -0.0222427 1.47509 -0.324873 1.63664 2.70348 0.894654 -0.900579 -0.00181139
4 2.27 1.5 0 1.5 0 0 1.57075 0 0 0 0 0 0
5 2.27 50 0.000769615 1
6 2.27 14.3642 0.938066 -0.29966 -0.260322
0 2.28 -0.0376255 0.0104528 0.411911 -0.0154674 -0.00253198 1.47232 -0.318151 1.62811 2.82875 0.121152 -0.565932 0.0717715
1 2.28 -0.0503516 0.0755774 0.525061 -0.0106295 -0.0251221 1.47554 -0.321866 1.62788 2.6738 0.893254 -0.88164 -0.00736479
4 2.28 1.5 0 1.5 0 0 1.57075 0 0 0 0 0 0
5 2.28 50 0.000864029 1
6 2.28 14.546 0.860588 -0.36294 -0.252721
0 2.3 -0.0395573 0.0189013 0.420016 -0.010493 -0.0149247 1.47343 -0.314105 1.61266 2.78035 0.281987 -0.580388 0.0360869
1 2.3 -0.0521215 0.0834076 0.53123 0.000761282 -0.0381238 1.47511 -0.317011 1.60928 2.63221 0.888166 -0.84393 -0.0295338
4 2.3 1.5 0 1.5 0 0 1.57075 0 0 0 0 0 0
5 2.3 50 0.000720978 1
6 2.3 14.9638 0.676544 -0.303211 -0.20968
0 2.31 -0.0420532 0.0307959 0.436017 -0.0088775 -0.0181865 1.47356 -0.310467 1.59848 2.73726 0.305031 -0.616372 0.0308729
1 2.31 -0.0544719 0.094735 0.545508 0.00329728 -0.0428294 1.47502 -0.313093 1.59421 2.59252 0.880664 -0.831524 -0.0315958
4 2.31 1.5 0 1.5 0 0 1.57075 0 0 0 0 0 0
5 2.31 50 0.000762939 1
6 2.31 15.1723 0.642524 -0.24763 -0.199645
0 2.32 -0.0436172 0.0376499 0.441261 -0.00459432 -0.0269418 1.47376 -0.306511 1.58062 2.68792 0.378392 -0.78811 0.0062819
1 2.32 -0.0558776 0.100875 0.548778 0.0105307 -0.0584647 1.47416 -0.308335 1.57392 2.54929 0.869947 -0.806408 -0.0453635
4 2.32 1.5 0 1.5 0 0 1.57075 0 0 0 0 0 0
5 2.32 50 0.00112581 1
6 2.32 15.5493 0.5496 -0.0211909 -0.165217
0 2.33 -0.0457906 0.047994 0.453996 0.000546363 -0.0383591 1.47376 -0.303072 1.56364 2.64138 0.417458 -0.96125 -0.000319008
1 2.33 -0.0579135 0.11054 0.559651 0.017246 -0.076809 1.47373 -0.303895 1.55373 2.50825 0.857585 -0.776128 -0.049226
4 2.33 1.5 0 1.5 0 0 1.57075 0 0 0 0 0 0
5 2.33 50 0.000755787 1
6 2.33 15.8922 0.492487 0.212406 -0.156592
0 2.36 -0.0470846 0.0537175 0.457815 0.00786058 -0.0574893 1.4736 -0.299191 1.5426 2.58659 0.399775 -1.17294 -0.0101527
1 2.36 -0.0590522 0.115422 0.561279 0.0238962 -0.104402 1.47282 -0.29859 1.52709 2.4614 0.834875 -0.721463 -0.0547224
4 2.36 1.5 0 1.5 0 0 1.57075 0 0 0 0 0 0
5 2.36 50 0.000771999 1
6 2.36 16.3943 0.487812 0.518326 -0.142822
0 2.36 -0.0486019 0.0609377 0.466184 0.0127288 -0.0733661 1.47327 -0.296442 1.5267 2.54515 0.345888 -1.22502 -0.0100271
1 2.36 -0.0604596 0.122006 0.56799 0.0266397 -0.122358 1.47224 -0.294931 1.50643 2.42525 0.81697 -0.672071 -0.054455
4 2.36 1.5 0 1.5 0 0 1.57075 0 0 0 0 0 0
5 2.36 50 0.00071311 1
6 2.36 16.7369 0.528102 0.634693 -0.142317
0 2.37 -0.0502097 0.0683032 0.471471 0.0141891 -0.078851 1.47315 -0.293042 1.50601 2.49001 0.325246 -1.23065 -0.0121217
1 2.37 -0.0619314 0.128544 0.571071 0.0272924 -0.128065 1.47196 -0.291247 1.48378 2.37542 0.803214 -0.643792 -0.0533046
4 2.37 1.5 0 1.5 0 0 1.57075 0 0 0 0 0 0
5 2.37 50 0.000767469 1
6 2.37 17.0705 0.536022 0.673646 -0.131932
0 2.38 -0.0518748 0.0762875 0.480359 0.0183718 -0.0971703 1.4727 -0.290202 1.48898 2.44952 0.242444 -1.19189 -0.0060678
1 2.38 -0.0634829 0.135847 0.578339 0.0281785 -0.144834 1.47158 -0.287707 1.46105 2.3398 0.784533 -0.58309 -0.0495558
4 2.38 1.5 0 1.5 0 0 1.57075 0 0 0 0 0 0
5 2.38 50 0.000844717 1
6 2.38 17.3994 0.607139 0.698617 -0.139164
0 2.39 -0.0532755 0.0827489 0.484527 0.0200251 -0.105953 1.47252 -0.286289 1.46598 2.39337 0.204848 -1.13907 -0.00699918
1 2.39 -0.064727 0.141388 0.580262 0.0283458 -0.151501 1.47132 -0.283519 1.4349 2.2892 0.769136 -0.541165 -0.0477858
4 2.39 1.5 0 1.5 0 0 1.57075 0 0 0 0 0 0
5 2.39 50 0.000845909 1
6 2.39 17.7573 0.632039 0.686112 -0.130477
0 2.4 -0.0552626 0.0923963 0.495468 0.0223604 -0.119453 1.47211 -0.282312 1.44543 2.34134 0.171904 -1.03195 -0.00695191
1 2.4 -0.0665551 0.150213 0.589122 0.0293807 -0.160714 1.4709 -0.279207 1.40976 2.24208 0.754756 -0.487586 -0.0467405
4 2.4 1.5 0 1.5 0 0 1.57075 0 0 0 0 0 0
5 2.4 50 0.000708103 1
6 2.4 18.0884 0.652744 0.624656 -0.127227
0 2.42 -0.0559871 0.0956733 0.495913 0.0248382 -0.133545 1.47154 -0.278429 1.42538 2.29359 0.156561 -0.884041 -0.0115667
1 2.42 -0.0671243 0.152689 0.587657 0.0312808 -0.168884 1.47019 -0.274958 1.38474 2.19964 0.740649 -0.428129 -0.0482503
4 2.42 1.5 0 1.5 0 0 1.57075 0 0 0 0 0 0
5 2.42 50 0.000782728 1
6 2.42 18.4496 0.654377 0.523228 -0.11727
0 2.43 -0.0575738 0.103409 0.503845 0.0269073 -0.143533 1.47109 -0.274109 1.40314 2.23915 0.160444 -0.745685 -0.0162399
1 2.43 -0.0685382 0.159535 0.593411 0.0335348 -0.173333 1.46962 -0.270265 1.3587 2.1501 0.728291 -0.380568 -0.0495717
4 2.43 1.5 0 1.5 0 0 1.57075 0 0 0 0 0 0
5 2.43 50 0.000841856 1
6 2.43 18.7803 0.636359 0.419124 -0.106548
0 2.44 -0.0589123 0.109834 0.506604 0.0291911 -0.152141 1.4706 -0.269418 1.37972 2.18184 0.183798 -0.650666 -0.0167938
1 2.44 -0.069689 0.165023 0.593877 0.0367625 -0.178137 1.46915 -0.265077 1.33169 2.09829 0.71581 -0.336355 -0.0481594
4 2.44 1.5 0 1.5 0 0 1.57075 0 0 0 0 0 0
5 2.44 50 0.000800371 1
6 2.44 19.1462 0.596167 0.360871 -0.10027
0 2.45 -0.0607716 0.119071 0.515655 0.0307321 -0.15683 1.47029 -0.264402 1.35777 2.12913 0.201922 -0.608108 -0.0185489
1 2.45 -0.0713476 0.173382 0.60082 0.0390445 -0.18112 1.46879 -0.259673 1.30753 2.04984 0.70574 -0.307926 -0.0475196
4 2.45 1.5 0 1.5 0 0 1.57075 0 0 0 0 0 0
5 2.45 50 0.000748873 1
6 2.45 19.4255 0.564648 0.344717 -0.0926286
0 2.46 -0.0614522 0.122412 0.515243 0.0329849 -0.16275 1.46993 -0.259465 1.33675 2.08102 0.225745 -0.578301 -0.0139017
1 2.46 -0.0718308 0.175881 0.598484 0.0422312 -0.185851 1.4686 -0.254147 1.28376 2.00642 0.694219 -0.274777 -0.0431464
4 2.46 1.5 0 1.5 0 0 1.57075 0 0 0 0 0 0
5 2.46 50 0.000724316 1
6 2.46 19.7363 0.524836 0.3485 -0.093512
0 2.47 -0.0625473 0.127961 0.519491 0.0361318 -0.17005 1.46953 -0.254986 1.31713 2.03668 0.251465 -0.572363 -0.0150401
1 2.47 -0.0727467 0.180646 0.600958 0.0464356 -0.192908 1.46808 -0.248829 1.26096 1.96612 0.682816 -0.240837 -0.0430774
4 2.47 1.5 0 1.5 0 0 1.57075 0 0 0 0 0 0
5 2.47 50 0.000787735 1
6 2.47 20.0144 0.483346 0.380681 -0.0896726
0 2.49 -0.0646704 0.138863 0.531873 0.040695 -0.18028 1.46882 -0.249391 1.29035 1.97867 0.241726 -0.585044 -0.0166828
1 2.49 -0.0746461 0.190477 0.611019 0.050659 -0.203635 1.46717 -0.242009 1.2298 1.91264 0.665195 -0.19628 -0.0430899
4 2.49 1.5 0 1.5 0 0 1.57075 0 0 0 0 0 0
5 2.49 50 0.000930071 1
6 2.49 20.3362 0.474621 0.446372 -0.0844656
0 2.5 -0.0652896 0.142189 0.529401 0.0425156 -0.184643 1.46852 -0.244444 1.26558 1.92541 0.239022 -0.599334 -0.0129606
1 2.5 -0.0750674 0.192812 0.606417 0.0523635 -0.208573 1.46696 -0.236499 1.20257 1.86428 0.651759 -0.166045 -0.0386262
4 2.5 1.5 0 1.5 0 0 1.57075 0 0 0 0 0 0
5 2.5 50 0.000860453 1
6 2.5 20.6595 0.46245 0.497379 -0.0821004
0 2.51 -0.0666525 0.14936 0.533788 0.0450693 -0.191086 1.46805 -0.238903 1.23833 1.86805 0.228152 -0.609241 -0.0151079
1 2.51 -0.0762086 0.198893 0.60851 0.0545246 -0.215403 1.46632 -0.230218 1.17211 1.81158 0.636773 -0.129805 -0.0380265
4 2.51 1.5 0 1.5 0 0 1.57075 0 0 0 0 0 0
5 2.51 50 0.000953197 1
6 2.51 20.9785 0.457962 0.550353 -0.0733258
0 2.52 -0.066962 0.15118 0.530755 0.047185 -0.197032 1.46759 -0.234594 1.21535 1.82074 0.203011 -0.618045 -0.0167159
1 2.52 -0.0763458 0.199794 0.603585 0.0556716 -0.221695 1.46572 -0.225298 1.14612 1.76849 0.622692 -0.0955869 -0.0370278
4 2.52 1.5 0 1.5 0 0 1.57075 0 0 0 0 0 0
5 2.52 50 0.000764608 1
6 2.52 21.269 0.47043 0.599709 -0.0649884
0 2.54 -0.0684318 0.159007 0.53591 0.0518603 -0.212512 1.46639 -0.228479 1.18115 1.7519 0.15328 -0.601053 -0.0151897
1 2.54 -0.077571 0.206254 0.605986 0.0583913 -0.23649 1.4645 -0.218009 1.10515 1.70477 0.599998 -0.0268802 -0.0345387
4 2.54 1.5 0 1.5 0 0 1.57075 0 0 0 0 0 0
5 2.54 50 0.000756264 1
6 2.54 21.6633 0.500583 0.658955 -0.0618765
0 2.55 -0.0687832 0.161251 0.532624 0.0533328 -0.218362 1.46585 -0.223107 1.15235 1.6954 0.128223 -0.566988 -0.0185847
1 2.55 -0.0777075 0.207345 0.60044 0.0588947 -0.24097 1.46385 -0.212212 1.07313 1.65291 0.585599 0.0124915 -0.0339815
4 2.55 1.5 0 1.5 0 0 1.57075 0 0 0 0 0 0
5 2.55 50 0.000819206 1
6 2.55 21.9845 0.512624 0.665048 -0.0492368
0 2.56 -0.0695968 0.165747 0.5346 0.0543454 -0.222557 1.46544 -0.218214 1.12769 1.64795 0.119159 -0.54374 -0.0215081
1 2.56 -0.0783254 0.210855 0.600518 0.0595735 -0.244227 1.46335 -0.207022 1.04608 1.60898 0.575048 0.0418775 -0.0338036
4 2.56 1.5 0 1.5 0 0 1.57075 0 0 0 0 0 0
5 2.56 50 0.000884295 1
6 2.56 22.2279 0.511054 0.672104 -0.0393271
0 2.57 -0.0702532 0.170118 0.531617 0.0556533 -0.228134 1.46489 -0.211065 1.0925 1.57893 0.106289 -0.506528 -0.0207813
1 2.57 -0.0786958 0.213818 0.594774 0.0603592 -0.248317 1.46288 -0.19946 1.00746 1.54547 0.559678 0.0841929 -0.0304248
4 2.57 1.5 0 1.5 0 0 1.57075 0 0 0 0 0 0
5 2.57 50 0.000861168 1
6 2.57 22.6048 0.508161 0.677931 -0.0308479
0 2.59 -0.0711195 0.175115 0.532838 0.0574846 -0.235965 1.4641 -0.200823 1.03903 1.47081 0.0892629 -0.419721 -0.0259527
1 2.59 -0.0791524 0.216677 0.59167 0.0615362 -0.252667 1.46204 -0.188623 0.948986 1.44537 0.537855 0.147739 -0.0291738
4 2.59 1.5 0 1.5 0 0 1.57075 0 0 0 0 0 0
5 2.59 50 0.000891924 1
6 2.59 23.1548 0.502824 0.651252 -0.0103261
0 2.6 -0.0711733 0.17627 0.527786 0.0590998 -0.24209 1.46345 -0.191497 0.992088 1.37785 0.0873779 -0.364584 -0.0230419
1 2.6 -0.0788332 0.215953 0.5829 0.0630348 -0.256594 1.46161 -0.178722 0.897771 1.35966 0.519578 0.201717 -0.0237528
4 2.6 1.5 0 1.5 0 0 1.57075 0 0 0 0 0 0
5 2.6 50 0.000863552 1
6 2.6 23.6501 0.484279 0.649897 -0.00230551
0 2.61 -0.0717314 0.179847 0.527408 0.0601251 -0.245647 1.46305 -0.183009 0.949893 1.29646 0.0846374 -0.317858 -0.0157725
1 2.61 -0.0790518 0.217843 0.579267 0.06386 -0.2583 1.46161 -0.169798 0.852569 1.28433 0.504739 0.242353 -0.0162167
4 2.61 1.5 0 1.5 0 0 1.57075 0 0 0 0 0 0
5 2.61 50 0.000858307 1
6 2.61 24.0563 0.470465 0.642853 -0.00144867
0 2.62 -0.0717501 0.181038 0.522346 0.0609371 -0.2482 1.46279 -0.174855 0.909107 1.21992 0.0873691 -0.292674 -0.0150738
1 2.62 -0.0787443 0.217402 0.571143 0.0647651 -0.259849 1.46143 -0.161234 0.809144 1.21387 0.490636 0.278594 -0.0127444
4 2.62 1.5 0 1.5 0 0 1.57075 0 0 0 0 0 0
5 2.62 50 0.000845671 1
6 2.62 24.4575 0.451579 0.655537 0.00740732
0 2.63 -0.0722962 0.184717 0.522068 0.061925 -0.251027 1.46243 -0.167275 0.871362 1.15148 0.0869601 -0.271838 -0.018767
1 2.63 -0.0789872 0.219571 0.568127 0.0657681 -0.261833 1.46096 -0.153225 0.768882 1.15045 0.478364 0.311945 -0.0124409
4 2.63 1.5 0 1.5 0 0 1.57075 0 0 0 0 0 0
5 2.63 50 0.000803709 1
6 2.63 24.794 0.438362 0.669924 0.0201691
0 2.65 -0.0725191 0.188665 0.51387 0.0640804 -0.256669 1.46156 -0.153472 0.806442 1.03514 0.0752528 -0.207903 -0.0214405
1 2.65 -0.078658 0.220923 0.555276 0.0674549 -0.264913 1.46012 -0.138532 0.69914 1.04293 0.455238 0.373243 -0.00965685
4 2.65 1.5 0 1.5 0 0 1.57075 0 0 0 0 0 0
5 2.65 50 0.000680685 1
6 2.65 25.394 0.425532 0.666896 0.0376016
0 2.67 -0.0723187 0.189401 0.507283 0.0654978 -0.260161 1.46104 -0.146506 0.772432 0.975005 0.0619852 -0.166129 -0.00981176
1 2.67 -0.0781789 0.220298 0.546283 0.0681972 -0.266766 1.46018 -0.131 0.66233 0.987352 0.442717 0.40782 -0.00048552
4 2.67 1.5 0 1.5 0 0 1.57075 0 0 0 0 0 0
5 2.67 50 0.00100279 1
6 2.67 25.7091 0.426137 0.658555 0.0297623
0 2.68 -0.0725012 0.191489 0.505143 0.066086 -0.261757 1.46081 -0.14137 0.746703 0.929772 0.0480599 -0.151168 -0.00907192
1 2.68 -0.078156 0.221357 0.542334 0.0682124 -0.267767 1.46003 -0.125579 0.634974 0.945432 0.434018 0.429164 0.00166432
4 2.68 1.5 0 1.5 0 0 1.57075 0 0 0 0 0 0
5 2.68 50 0.000711918 1
6 2.68 25.9316 0.431964 0.665865 0.0342672
0 2.69 -0.0721892 0.191778 0.498144 0.0666494 -0.263495 1.46067 -0.134844 0.714595 0.872031 0.0322068 -0.118815 -0.000503968
1 2.69 -0.077583 0.220362 0.533025 0.0680284 -0.268236 1.46032 -0.118725 0.600826 0.892238 0.422908 0.456351 0.00898436
4 2.69 1.5 0 1.5 0 0 1.57075 0 0 0 0 0 0
5 2.69 50 0.000689268 1
6 2.69 26.2339 0.437163 0.659902 0.0302871
0 2.7 -0.0724882 0.195018 0.495775 0.0669559 -0.264648 1.46061 -0.127032 0.678379 0.808339 0.0211421 -0.0983403 -0.000898508
1 2.7 -0.0775695 0.222153 0.528109 0.0678826 -0.26857 1.4603 -0.11065 0.562777 0.833273 0.41217 0.482209 0.0110128
4 2.7 1.5 0 1.5 0 0 1.57075 0 0 0 0 0 0
5 2.7 50 0.000914812 1
6 2.7 26.5432 0.437531 0.666079 0.0380246
0 2.72 -0.0718801 0.19451 0.486232 0.0671755 -0.266126 1.46056 -0.119689 0.644916 0.748583 -0.00209868 -0.0601894 0.000958229
1 2.72 -0.0766676 0.220307 0.516176 0.0671252 -0.268531 1.46044 -0.103089 0.527297 0.778351 0.40064 0.509366 0.0144721
4 2.72 1.5 0 1.5 0 0 1.57075 0 0 0 0 0 0
5 2.72 50 0.000670671 1
6 2.72 26.8618 0.450623 0.653464 0.0431432
0 2.73 -0.0718003 0.195917 0.481882 0.0671429 -0.266509 1.46053 -0.11394 0.617075 0.699226 -0.0111613 -0.0462091 0.000705746
1 2.73 -0.0763579 0.2206 0.509851 0.0667226 -0.268355 1.46043 -0.0972207 0.498197 0.73289 0.393368 0.527981 0.016128
4 2.73 1.5 0 1.5 0 0 1.57075 0 0 0 0 0 0
5 2.73 50 0.000997543 1
6 2.73 27.1125 0.452628 0.658782 0.049236
0 2.74 -0.0710559 0.19458 0.47233 0.0669051 -0.26706 1.46054 -0.108253 0.591612 0.651992 -0.025234 -0.0175424 0.000361047
1 2.74 -0.075386 0.218244 0.49841 0.0659046 -0.267761 1.46051 -0.0915033 0.471358 0.689719 0.385292 0.54703 0.0177942
4 2.74 1.5 0 1.5 0 0 1.57075 0 0 0 0 0 0
5 2.74 50 0.000854492 1
6 2.74 27.3748 0.459341 0.647747 0.0556558
0 2.75 -0.0707106 0.194833 0.46624 0.0666866 -0.267219 1.46051 -0.102992 0.567256 0.606863 -0.029578 -0.00485311 0.00513251
1 2.75 -0.0748303 0.217524 0.490515 0.0654509 -0.267426 1.46071 -0.0862038 0.445888 0.648349 0.378464 0.562892 0.022283
4 2.75 1.5 0 1.5 0 0 1.57075 0 0 0 0 0 0
5 2.75 50 0.000744104 1
6 2.75 27.6148 0.456559 0.6514 0.054753
0 2.76 -0.0697695 0.19342 0.454099 0.0663994 -0.267233 1.46058 -0.095855 0.532279 0.541369 -0.0273295 0.0128656 0.0065487
1 2.76 -0.0736037 0.214711 0.475754 0.0652254 -0.266737 1.46089 -0.0789668 0.409306 0.588624 0.370189 0.585843 0.0252951
4 2.76 1.5 0 1.5 0 0 1.57075 0 0 0 0 0 0
5 2.76 50 0.000695705 1
6 2.76 27.9815 0.444794 0.657405 0.0598474
0 2.78 -0.0693399 0.193487 0.446497 0.0658823 -0.266939 1.46082 -0.0855343 0.480173 0.437302 -0.0305274 0.0416389 0.0131653
1 2.78 -0.0727613 0.212694 0.463989 0.0644875 -0.265311 1.46148 -0.0685212 0.355026 0.492942 0.357823 0.61757 0.032298
4 2.78 1.5 0 1.5 0 0 1.57075 0 0 0 0 0 0
5 2.78 50 0.00106192 1
6 2.78 28.5119 0.434574 0.660812 0.0610797
0 2.79 -0.0684841 0.19139 0.437168 0.0656433 -0.266716 1.46095 -0.0777176 0.441142 0.360934 -0.0278288 0.0553698 0.0136866
1 2.79 -0.0715928 0.209035 0.451605 0.0643412 -0.264542 1.46166 -0.0605462 0.314321 0.423007 0.348517 0.641391 0.0347924
4 2.79 1.5 0 1.5 0 0 1.57075 0 0 0 0 0 0
5 2.79 50 0.000693798 1
6 2.79 28.9191 0.421158 0.672387 0.0673783
0 2.8 -0.0679275 0.190638 0.429609 0.0653523 -0.266277 1.46098 -0.0696369 0.402114 0.285041 -0.034766 0.079896 0.00985498
1 2.8 -0.070713 0.206723 0.441011 0.0637974 -0.263114 1.46161 -0.0523421 0.273773 0.353395 0.338678 0.663747 0.0347855
4 2.8 1.5 0 1.5 0 0 1.57075 0 0 0 0 0 0
5 2.8 50 0.000705242 1
6 2.8 29.3147 0.417914 0.669894 0.0795875
0 2.81 -0.066775 0.187909 0.417511 0.0649135 -0.265364 1.46114 -0.0633039 0.371045 0.223517 -0.0386126 0.102021 0.0132713
1 2.81 -0.0693071 0.20275 0.426452 0.0631531 -0.261326 1.46196 -0.0459455 0.241609 0.297531 0.331651 0.680813 0.0386738
4 2.81 1.5 0 1.5 0 0 1.57075 0 0 0 0 0 0
5 2.81 50 0.000937462 1
6 2.81 29.6666 0.414402 0.664104 0.0810931
0 2.82 -0.0658011 0.186375 0.405244 0.0645174 -0.264485 1.46129 -0.0554695 0.330801 0.144852 -0.0437965 0.112222 0.0162082
1 2.82 -0.0680198 0.199607 0.411038 0.0625119 -0.260048 1.46226 -0.0379853 0.199896 0.225845 0.322357 0.702165 0.0426199
4 2.82 1.5 0 1.5 0 0 1.57075 0 0 0 0 0 0
5 2.82 50 0.000778675 1
6 2.82 30.1025 0.409841 0.676914 0.0843139
0 2.84 -0.0647251 0.183636 0.394498 0.0635494 -0.26227 1.46171 -0.050056 0.304023 0.0933555 -0.058819 0.156905 0.0172253
1 2.84 -0.0667274 0.195797 0.398232 0.0609051 -0.25605 1.46284 -0.0327035 0.172921 0.179376 0.31626 0.712009 0.0450039
4 2.84 1.5 0 1.5 0 0 1.57075 0 0 0 0 0 0
5 2.84 50 0.000832558 1
6 2.84 30.4022 0.4199 0.636967 0.0886728
0 2.85 -0.0639424 0.182007 0.385568 0.0628671 -0.260706 1.46199 -0.0447364 0.277237 0.0423612 -0.0718524 0.176725 0.0154057
1 2.85 -0.0657318 0.193097 0.387262 0.0597104 -0.25369 1.46309 -0.0274398 0.145676 0.133152 0.310201 0.722861 0.0455062
4 2.85 1.5 0 1.5 0 0 1.57075 0 0 0 0 0 0
5 2.85 50 0.000983715 1
6 2.85 30.6911 0.427705 0.626685 0.0960814
0 2.86 -0.0626231 0.178651 0.372494 0.0622545 -0.259403 1.46224 -0.0391554 0.24918 -0.0118178 -0.0807623 0.191042 0.0187594
1 2.86 -0.0641893 0.188618 0.372021 0.0586991 -0.251823 1.46351 -0.0218817 0.116896 0.0842634 0.304041 0.735849 0.0490919
4 2.86 1.5 0 1.5 0 0 1.57075 0 0 0 0 0 0
5 2.86 50 0.00085187 1
6 2.86 31.0152 0.430853 0.625196 0.0968193
0 2.87 -0.0617961 0.176808 0.363316 0.0613705 -0.257469 1.46262 -0.0346629 0.225874 -0.0562661 -0.0850307 0.21666 0.027853
1 2.87 -0.0631827 0.185843 0.361065 0.0575365 -0.248887 1.46432 -0.0175384 0.0934657 0.0442275 0.299702 0.74346 0.055854
4 2.87 1.5 0 1.5 0 0 1.57075 0 0 0 0 0 0
5 2.87 50 0.00104141 1
6 2.87 31.2777 0.430974 0.604607 0.0893721
0 2.88 -0.0600164 0.172173 0.34596 0.0604287 -0.255323 1.46303 -0.0287557 0.197018 -0.112762 -0.0890629 0.229626 0.022342
1 2.88 -0.0611666 0.180054 0.34145 0.0564885 -0.246209 1.46452 -0.0117467 0.0641891 -0.00623745 0.294344 0.7542 0.0541458
4 2.88 1.5 0 1.5 0 0 1.57075 0 0 0 0 0 0
5 2.88 50 0.0013051 1
6 2.88 31.6407 0.429417 0.602021 0.101511
0 2.89 -0.0585971 0.168862 0.330231 0.0589291 -0.251913 1.46359 -0.022444 0.165138 -0.175824 -0.097908 0.246173 0.0185452
1 2.89 -0.0594949 0.175468 0.323198 0.0546729 -0.242127 1.46495 -0.00574319 0.0324489 -0.0625887 0.289105 0.761648 0.0537251
4 2.89 1.5 0 1.5 0 0 1.57075 0 0 0 0 0 0
5 2.89 50 0.000793934 1
6 2.89 32.0351 0.433405 0.591566 0.112284
0 2.9 -0.0571913 0.164974 0.317258 0.0578494 -0.249404 1.46398 -0.0179257 0.143328 -0.218999 -0.102972 0.263189 0.0186819
1 2.9 -0.0579083 0.170707 0.308498 0.0533854 -0.238938 1.46538 -0.00145576 0.0108052 -0.100965 0.285514 0.766643 0.055102
4 2.9 1.5 0 1.5 0 0 1.57075 0 0 0 0 0 0
5 2.9 50 0.000748634 1
6 2.9 32.3163 0.435083 0.577784 0.116241
0 2.91 -0.0563225 0.162498 0.307612 0.0558777 -0.246272 1.46447 -0.0576173 0.200204 0.0264094 -0.269107 0.380252 0.0369739
1 2.91 -0.0586271 0.170507 0.308668 0.0445287 -0.231169 1.46687 -0.0425461 0.0743813 0.125358 0.3051 0.722356 0.0652758
4 2.91 1.5 0 1.5 0 0 1.57075 0 0 0 0 0 0
5 2.91 50 0.000721693 1
6 2.91 31.0799 0.643634 0.393329 0.0902373
0 2.93 -0.0553158 0.159137 0.296042 0.0180321 -0.218912 1.47082 -0.116384 0.312356 0.353609 -3.80177 2.63349 0.541483
1 2.93 -0.0599712 0.171631 0.310186 -0.139279 -0.11398 1.49495 -0.118173 0.207929 0.429049 0.165044 0.597004 0.383437
4 2.93 1.5 0 1.5 0 0 1.57075 0 0 0 0 0 0
5 2.93 50 0.00117779 1
6 2.93 29.3606 4.55515 -2.16576 -0.515942
0 2.94 -0.0555231 0.158734 0.291697 -0.0255213 -0.190905 1.47711 -0.159742 0.388161 0.593979 -4.15674 2.67435 0.62341
1 2.94 -0.0619128 0.17426 0.315456 -0.196081 -0.0833295 1.49972 -0.178718 0.306163 0.633196 0.313725 0.476317 0.446253
4 2.94 1.5 0 1.5 0 0 1.57075 0 0 0 0 0 0
5 2.94 50 0.00100803 2
6 2.94 26.9345 5.13843 -2.30691 -0.578211
0 2.95 -0.0554955 0.155932 0.284949 -0.0774487 -0.157125 1.48328 -0.185435 0.424521 0.739468 -3.97054 2.5238 0.58679
1 2.95 -0.0629129 0.172912 0.314528 -0.23874 -0.0546602 1.49906 -0.222865 0.363184 0.753387 0.499082 0.361841 0.428487
4 2.95 1.5 0 1.5 0 0 1.57075 0 0 0 0 0 0
5 2.95 50 0.00102997 2
6 2.95 25.2732 5.12225 -2.28721 -0.516771
0 2.96 -0.056442 0.155272 0.283219 -0.108003 -0.136859 1.48587 -0.213086 0.449285 0.88417 -3.93125 2.46791 0.557516
1 2.96 -0.0649655 0.173243 0.318586 -0.266841 -0.0363135 1.49751 -0.259959 0.399617 0.879993 0.605079 0.290271 0.408639
4 2.96 1.5 0 1.5 0 0 1.57075 0 0 0 0 0 0
5 2.96 50 0.000761986 1
6 2.96 24.1437 5.18829 -2.31667 -0.486316
0 2.97 -0.0573169 0.152613 0.279769 -0.157907 -0.104093 1.48884 -0.235277 0.44047 0.959986 -3.9331 2.38667 0.50673
1 2.97 -0.066728 0.170232 0.318168 -0.315754 -0.00662692 1.49387 -0.296643 0.407247 0.932615 0.777504 0.21839 0.381425
4 2.97 1.5 0 1.5 0 0 1.57075 0 0 0 0 0 0
5 2.97 50 0.00082159 1
6 2.97 22.7629 5.36967 -2.32241 -0.410705
0 2.99 -0.0585983 0.151982 0.280511 -0.22663 -0.0626953 1.48928 -0.255298 0.432233 1.0176 -3.94181 2.24843 0.423837
1 2.99 -0.0688102 0.169272 0.321215 -0.384071 0.0287515 1.48558 -0.335278 0.417366 0.964979 0.970256 0.116214 0.329611
4 2.99 1.5 0 1.5 0 0 1.57075 0 0 0 0 0 0
5 2.99 50 0.000424862 0
6 2.99 22.7629 5.36967 -2.32241 -0.410705
0 3 -0.0602337 0.149551 0.280205 -0.275669 -0.0346703 1.48793 -0.284792 0.419294 1.08227 -3.95156 2.18685 0.368004
1 3 -0.0716254 0.166323 0.323495 -0.433397 0.0535075 1.47828 -0.37605 0.415726 1.01014 1.09256 0.0479746 0.291969
4 3 1.5 0 1.5 0 0 1.57075 0 0 0 0 0 0
5 3 50 0.000362873 0
6 3 22.7629 5.36967 -2.32241 -0.410705
0 3.01 -0.0626061 0.149185 0.284209 -0.295601 -0.0236143 1.48658 -0.317374 0.409394 1.1401 -3.95347 2.17012 0.351606
1 3.01 -0.0753011 0.165561 0.329813 -0.453461 0.0635228 1.47474 -0.412321 0.410043 1.05847 1.13285 0.0168984 0.278566
4 3.01 1.5 0 1.5 0 0 1.57075 0 0 0 0 0 0
5 3.01 50 0.00772285 20
6 3.01 19.9035 5.75355 -2.35515 -0.242931
0 3.02 -0.0653328 0.14667 0.286598 -0.354116 0.00783899 1.48154 -0.365018 0.399352 1.20159 -3.95954 2.11216 0.292216
1 3.02 -0.0799336 0.162644 0.334662 -0.512642 0.0911364 1.4632 -0.469806 0.410974 1.09429 1.27106 -0.0571933 0.239402
4 3.02 1.5 0 1.5 0 0 1.57075 0 0 0 0 0 0
5 3.02 50 0.0077374 20
6 3.02 18.6184 5.90304 -2.39298 -0.178114
0 3.03 -0.0679641 0.146307 0.291177 -0.394253 0.0282614 1.47624 -0.401964 0.395845 1.24227 -3.96428 2.04839 0.232402
1 3.03 -0.0840426 0.16214 0.340868 -0.553471 0.107482 1.45335 -0.511583 0.413802 1.11614 1.36275 -0.107838 0.200333
4 3.03 1.5 0 1.5 0 0 1.57075 0 0 0 0 0 0
5 3.03 50 0.00753665 20
6 3.03 17.6717 5.9994 -2.39747 -0.111611
0 3.05 -0.0719652 0.143205 0.295427 -0.463015 0.0610736 1.46429 -0.456083 0.393717 1.28765 -3.95732 1.99244 0.149228
1 3.05 -0.0902085 0.158954 0.346933 -0.623158 0.135046 1.43398 -0.571304 0.420472 1.13001 1.50376 -0.183154 0.147481
4 3.05 1.5 0 1.5 0 0 1.57075 0 0 0 0 0 0
5 3.05 50 0.00719023 20
6 3.05 16.1011 6.13476 -2.44713 -0.014539
0 3.06 -0.0778817 0.142615 0.305071 -0.502968 0.0789789 1.45614 -0.524714 0.398448 1.33508 -3.95155 1.96767 0.114222
1 3.06 -0.0988703 0.158553 0.358474 -0.663715 0.150141 1.42209 -0.639519 0.428631 1.1556 1.59504 -0.223041 0.125234
4 3.06 1.5 0 1.5 0 0 1.57075 0 0 0 0 0 0
5 3.06 50 0.00782824 20
6 3.06 14.931 6.2245 -2.47602 0.0263199
0 3.08 -0.0817662 0.139775 0.308449 -0.582672 0.11222 1.43722 -0.589427 0.405271 1.36719 -3.91501 1.91245 0.0174954
1 3.08 -0.105343 0.155986 0.363137 -0.74395 0.176481 1.39545 -0.702233 0.440401 1.15043 1.76118 -0.292334 0.0678344
4 3.08 1.5 0 1.5 0 0 1.57075 0 0 0 0 0 0
5 3.08 50 0.000496864 0
6 3.08 14.931 6.2245 -2.47602 0.0263199
0 3.09 -0.0873712 0.139278 0.316023 -0.632392 0.131075 1.42392 -0.66112 0.418528 1.39676 -3.89616 1.88867 -0.0517589
1 3.09 -0.113816 0.156019 0.371893 -0.794345 0.190788 1.3772 -0.768962 0.45467 1.15585 1.79257 -0.338255 0.0179346
4 3.09 1.5 0 1.5 0 0 1.57075 0 0 0 0 0 0
5 3.09 50 0.000884056 1
6 3.09 11.6029 6.35716 -2.57173 0.214133
0 3.1 -0.0949 0.135993 0.322929 -0.662665 0.141851 1.41503 -0.741963 0.434001 1.42103 -3.8807 1.8707 -0.0832466
1 3.1 -0.124579 0.153353 0.37977 -0.824843 0.198793 1.36588 -0.843962 0.469507 1.16345 1.72897 -0.366904 -0.0143654
4 3.1 1.5 0 1.5 0 0 1.57075 0 0 0 0 0 0
5 3.1 50 0.000786781 1
6 3.1 10.5803 6.26396 -2.59405 0.211652
0 3.11 -0.103225 0.135388 0.332476 -0.712949 0.158631 1.39884 -0.822498 0.453462 1.44086 -3.85899 1.85681 -0.135617
1 3.11 -0.136125 0.153526 0.39011 -0.875737 0.211265 1.34548 -0.913904 0.487103 1.15788 1.73321 -0.396683 -0.0531062
4 3.11 1.5 0 1.5 0 0 1.57075 0 0 0 0 0 0
5 3.11 50 0.00159407 2
6 3.11 8.97244 6.23656 -2.62889 0.255273
0 3.12 -0.109236 0.132721 0.336785 -0.743422 0.168058 1.38861 -0.892118 0.470416 1.45119 -3.84204 1.85253 -0.174955
1 3.12 -0.144921 0.151538 0.394833 -0.906486 0.217872 1.33251 -0.972224 0.500765 1.14916 1.42738 -0.414658 -0.113105
4 3.12 1.5 0 1.5 0 0 1.57075 0 0 0 0 0 0
5 3.12 50 0.000692129 1
6 3.12 7.62709 5.86948 -2.65695 0.189365
0 3.13 -0.116792 0.132019 0.343847 -0.784967 0.18004 1.37375 -0.967659 0.491935 1.4595 -3.80869 1.84022 -0.232378
1 3.13 -0.155498 0.151696 0.402227 -0.947981 0.225542 1.31418 -1.03357 0.517832 1.13574 1.45616 -0.42164 -0.148797
4 3.13 1.5 0 1.5 0 0 1.57075 0 0 0 0 0 0
5 3.13 50 0.000802994 1
6 3.13 6.04034 5.8559 -2.66849 0.258866
0 3.15 -0.128764 0.129936 0.352762 -0.874483 0.202317 1.33889 -1.08146 0.526562 1.46143 -3.76052 1.82679 -0.314832
1 3.15 -0.172022 0.150999 0.411219 -1.03806 0.239523 1.27341 -1.11403 0.540271 1.09758 1.49163 -0.427092 -0.199854
4 3.15 1.5 0 1.5 0 0 1.57075 0 0 0 0 0 0
5 3.15 50 0.000811577 1
6 3.15 2.78266 5.82963 -2.68412 0.359261
0 3.16 -0.141068 0.130883 0.363437 -0.915294 0.210973 1.32215 -1.1849 0.561857 1.45868 -3.74065 1.83536 -0.351162
1 3.16 -0.188465 0.153357 0.421784 -1.07922 0.244588 1.25388 -1.1959 0.566617 1.07518 1.45594 -0.420838 -0.226569
4 3.16 1.5 0 1.5 0 0 1.57075 0 0 0 0 0 0
5 3.16 50 0.00155067 2
6 3.16 0.914491 5.76178 -2.69754 0.389958
0 3.17 -0.154811 0.128714 0.37095 -0.945822 0.216802 1.30899 -1.28955 0.58719 1.42139 -3.7133 1.84143 -0.388894
1 3.17 -0.206393 0.152201 0.427806 -1.10952 0.247282 1.23851 -1.2809 0.583368 1.02241 1.36009 -0.401956 -0.257877
4 3.17 1.5 0 1.5 0 0 1.57075 0 0 0 0 0 0
5 3.17 50 0.00154114 2
6 3.17 -0.706118 5.61807 -2.69367 0.410502
0 3.19 -0.170441 0.129566 0.381005 -1.02654 0.229148 1.27344 -1.40072 0.621543 1.38568 -3.65958 1.84844 -0.47877
1 3.19 -0.22647 0.154428 0.436432 -1.18999 0.251048 1.1983 -1.33379 0.590526 0.950205 1.03232 -0.339191 -0.334203
4 3.19 1.5 0 1.5 0 0 1.57075 0 0 0 0 0 0
5 3.19 50 0.00117159 2
6 3.19 -5.23185 5.1774 -2.65525 0.45384
0 3.2 -0.184533 0.128203 0.387374 -1.05946 0.232989 1.25814 -1.51321 0.659499 1.34635 -3.63082 1.85759 -0.519348
1 3.2 -0.245061 0.154583 0.441228 -1.22248 0.251232 1.18109 -1.42135 0.616088 0.898947 1.02306 -0.329015 -0.35579
4 3.2 1.5 0 1.5 0 0 1.57075 0 0 0 0 0 0
5 3.2 50 0.00117588 2
6 3.2 -7.07628 5.12834 -2.66515 0.514494
0 3.22 -0.201667 0.130077 0.396497 -1.09835 0.236598 1.23921 -1.63374 0.705273 1.30474 -3.60296 1.87086 -0.559928
1 3.22 -0.267016 0.158288 0.448687 -1.26099 0.250709 1.16018 -1.5113 0.646006 0.845236 1.00736 -0.321313 -0.376599
4 3.22 1.5 0 1.5 0 0 1.57075 0 0 0 0 0 0
5 3.22 50 0.0017252 2
6 3.22 -9.29026 5.07283 -2.68246 0.577617
0 3.22 -0.226024 0.130409 0.405696 -1.15776 0.240141 1.20982 -1.77995 0.761999 1.24911 -3.55092 1.89627 -0.63444
1 3.22 -0.297222 0.160889 0.455661 -1.3193 0.247344 1.12781 -1.60968 0.676612 0.776068 0.979244 -0.312054 -0.41297
4 3.22 1.5 0 1.5 0 0 1.57075 0 0 0 0 0 0
5 3.22 50 0.00156736 2
6 3.22 -12.6693 4.97042 -2.72052 0.699392
0 3.23 -0.24372 0.132765 0.413083 -1.19788 0.241124 1.1892 -1.8811 0.803727 1.20874 -3.519 1.91973 -0.686743
1 3.23 -0.318964 0.164914 0.461433 -1.35869 0.243519 1.10525 -1.67656 0.698601 0.729353 0.955377 -0.312723 -0.437968
4 3.23 1.5 0 1.5 0 0 1.57075 0 0 0 0 0 0
5 3.23 50 0.00115585 2
6 3.23 -15.0601 4.89856 -2.76179 0.786538
0 3.25 -0.263931 0.133232 0.418745 -1.26898 0.239999 1.15124 -2.00722 0.856468 1.15001 -3.4596 1.95721 -0.758904
1 3.25 -0.34422 0.167491 0.464745 -1.42786 0.234287 1.065 -1.62602 0.651462 0.627074 -0.00790663 -0.234814 -0.516899
4 3.25 1.5 0 1.5 0 0 1.57075 0 0 0 0 0 0
5 3.25 50 0.000804901 1
6 3.25 -27.6902 3.74061 -2.73273 0.764904
0 3.26 -0.286684 0.13714 0.426135 -1.31573 0.237239 1.1256 -2.13509 0.913835 1.08693 -3.42551 1.98016 -0.800725
1 3.26 -0.372087 0.173693 0.469612 -1.47323 0.226231 1.03843 -1.696 0.670297 0.567508 -0.0260596 -0.285901 -0.527884
4 3.26 1.5 0 1.5 0 0 1.57075 0 0 0 0 0 0
5 3.26 50 0.00084877 1
6 3.26 -31.7228 3.67396 -2.82741 0.863336
0 3.27 -0.308602 0.138349 0.430268 -1.34894 0.234227 1.10709 -2.24145 0.960549 1.03061 -3.39418 1.99935 -0.839496
1 3.27 -0.39826 0.176771 0.471492 -1.50508 0.219068 1.01929 -1.75893 0.686826 0.516657 -0.0353549 -0.338943 -0.539094
4 3.27 1.5 0 1.5 0 0 1.57075 0 0 0 0 0 0
5 3.27 50 0.00119376 1
6 3.27 -34.7849 3.6209 -2.91912 0.951323
0 3.28 -0.337585 0.143495 0.436822 -1.38391 0.229978 1.08713 -2.37511 1.02383 0.954355 -3.35843 2.02791 -0.897295
1 3.28 -0.43259 0.184448 0.474997 -1.53847 0.209783 0.998417 -1.84415 0.715047 0.448975 -0.0402381 -0.419831 -0.556613
4 3.28 1.5 0 1.5 0 0 1.57075 0 0 0 0 0 0
5 3.28 50 0.00117707 1
6 3.28 -38.2517 3.56389 -3.0583 1.07989
0 3.3 -0.365836 0.146728 0.440572 -1.46878 0.215326 1.03765 -2.5081 1.08793 0.86972 -3.28307 2.07149 -0.972331
1 3.3 -0.46616 0.190245 0.47536 -1.619 0.185074 0.949217 -1.89346 0.706835 0.405011 -0.0524171 -0.614864 -0.58174
4 3.3 1.5 0 1.5 0 0 1.57075 0 0 0 0 0 0
5 3.3 50 0.00370574 9
6 3.3 -44.5166 3.45002 -3.34689 1.23923
0 3.31 -0.395872 0.153481 0.445317 -1.49727 0.208894 1.02064 -2.63852 1.15541 0.781309 -3.25201 2.1051 -1.01631
1 3.31 -0.501413 0.199698 0.476569 -1.64578 0.174537 0.931744 -1.99149 0.744842 0.333696 -0.0446372 -0.734155 -0.601137
4 3.31 1.5 0 1.5 0 0 1.57075 0 0 0 0 0 0
5 3.31 50 0.00406361 8
6 3.31 -47.0573 3.41373 -3.53167 1.31767
0 3.32 -0.431599 0.158922 0.447235 -1.52446 0.202045 1.0039 -2.7728 1.2242 0.683579 -3.22129 2.13068 -1.04493
1 3.32 -0.542511 0.20789 0.474579 -1.67114 0.164241 0.915016 -2.09556 0.784155 0.25449 -0.0298293 -0.867247 -0.61735
4 3.32 1.5 0 1.5 0 0 1.57075 0 0 0 0 0 0
5 3.32 50 0.00408649 10
6 3.32 -49.5193 3.38881 -3.71877 1.35725
0 3.33 -0.467974 0.167763 0.449903 -1.56927 0.189123 0.976347 -2.90386 1.29619 0.582209 -3.16975 2.16309 -1.09095
1 3.33 -0.584128 0.219611 0.473191 -1.71263 0.145618 0.888185 -2.18095 0.807188 0.188498 0.00846655 -1.07303 -0.645301
4 3.33 1.5 0 1.5 0 0 1.57075 0 0 0 0 0 0
5 3.33 50 0.00482678 10
6 3.33 -53.4571 3.36308 -3.9997 1.41494
0 3.34 -0.501281 0.173518 0.449489 -1.61327 0.174256 0.949031 -3.03068 1.36778 0.471729 -3.10306 2.20253 -1.14129
1 3.34 -0.622508 0.22823 0.468358 -1.75254 0.124905 0.861623 -2.25886 0.823275 0.118861 0.0674904 -1.30809 -0.675928
4 3.34 1.5 0 1.5 0 0 1.57075 0 0 0 0 0 0
5 3.34 50 0.00619531 9
6 3.34 -57.9052 3.34191 -4.32156 1.47789
0 3.36 -0.537218 0.183267 0.449639 -1.66444 0.153974 0.916352 -3.15531 1.44358 0.356671 -3.02609 2.26321 -1.21223
1 3.36 -0.663431 0.24101 0.463906 -1.79877 0.097232 0.82973 -2.32643 0.826391 0.0601717 0.158836 -1.63219 -0.715383
4 3.36 1.5 0 1.5 0 0 1.57075 0 0 0 0 0 0
5 3.36 50 0.00511432 11
6 3.36 -63.5689 3.3392 -4.77354 1.57841
0 3.37 -0.579613 0.192155 0.446199 -1.71364 0.131103 0.884506 -3.28072 1.51971 0.23381 -2.96203 2.29501 -1.26358
1 3.37 -0.710842 0.252944 0.455552 -1.84316 0.0680061 0.800112 -2.39481 0.821453 0.00222672 0.269839 -2.02278 -0.745324
4 3.37 1.5 0 1.5 0 0 1.57075 0 0 0 0 0 0
5 3.37 50 0.00592327 10
6 3.37 -69.7893 3.37892 -5.26434 1.6468
0 3.38 -0.622472 0.20427 0.442386 -1.73747 0.118644 0.868677 -3.38539 1.58178 0.0737955 -2.9093 2.32835 -1.30359
1 3.38 -0.757888 0.267541 0.445338 -1.86376 0.0517717 0.784896 -2.45854 0.828883 -0.119164 0.340898 -2.28062 -0.765556
4 3.38 1.5 0 1.5 0 0 1.57075 0 0 0 0 0 0
5 3.38 50 0.0054915 13
6 3.38 -74.1528 3.38837 -5.60254 1.70997
0 3.39 -0.663092 0.213654 0.436531 -1.77739 0.0955712 0.841434 -3.49107 1.65104 -0.0884691 -2.84459 2.36896 -1.34787
1 3.39 -0.802735 0.279695 0.432992 -1.899 0.0233653 0.759375 -2.5121 0.810672 -0.211754 0.45494 -2.7421 -0.786025
4 3.39 1.5 0 1.5 0 0 1.57075 0 0 0 0 0 0
5 3.39 50 0.00498319 11
6 3.39 -80.7251 3.43066 -6.18205 1.78604
0 3.41 -0.704343 0.226658 0.43055 -1.82278 0.0657011 0.809308 -3.59154 1.7247 -0.240961 -2.74329 2.42952 -1.41296
1 3.41 -0.848005 0.295646 0.420912 -1.93777 -0.0132616 0.729114 -2.56296 0.77682 -0.274085 0.588625 -3.40425 -0.809703
4 3.41 1.5 0 1.5 0 0 1.57075 0 0 0 0 0 0
5 3.41 50 0.00630999 15
6 3.41 -88.4534 3.44727 -7.01472 1.91832
0 3.42 -0.752179 0.239268 0.420876 -1.8614 0.0367716 0.78137 -3.69251 1.80098 -0.393201 -2.65997 2.47568 -1.46885
1 3.42 -0.89988 0.311307 0.405148 -1.97067 -0.0478935 0.703277 -2.84081 0.961064 -0.428121 0.827377 -2.36312 -0.806005
4 3.42 1.5 0 1.5 0 0 1.57075 0 0 0 0 0 0
5 3.42 50 0.0025661 6
6 3.42 -76.4676 3.60454 -5.87574 2.10865
0 3.43 -0.791559 0.252051 0.412816 -1.8881 0.0149004 0.761814 -3.77227 1.86666 -0.517131 -2.61218 2.49962 -1.48985
1 3.43 -0.94245 0.326717 0.392131 -1.99373 -0.0729145 0.685406 -2.93605 0.998574 -0.513745 0.834451 -2.54868 -0.79965
4 3.43 1.5 0 1.5 0 0 1.57075 0 0 0 0 0 0
5 3.43 50 0.00277615 7
6 3.43 -77.7051 3.5518 -6.11482 2.19603
0 3.44 -0.837654 0.26539 0.401363 -1.91389 -0.00817137 0.742356 -3.86276 1.94666 -0.669393 -2.50331 2.55421 -1.54157
1 3.44 -0.992164 0.343257 0.374588 -2.0134 -0.10061 0.666883 -3.04617 1.05133 -0.628935 0.831356 -2.71694 -0.797806
4 3.44 1.5 0 1.5 0 0 1.57075 0 0 0 0 0 0
5 3.44 50 0.00303102 4
6 3.44 -78.8157 3.40906 -6.36779 2.36721
0 3.45 -0.884263 0.282331 0.392337 -1.93794 -0.0312309 0.723837 -3.97536 2.05544 -0.34313 -2.49783 2.51139 -1.48126
1 3.45 -1.04328 0.364549 0.378611 -2.03558 -0.122591 0.651308 -3.2375 1.20016 -0.301365 0.692252 -2.56434 -0.748354
4 3.45 1.5 0 1.5 0 0 1.57075 0 0 0 0 0 0
5 3.45 50 0.00221992 4
6 3.45 -74.1212 3.26508 -6.13038 2.33267
0 3.47 -0.926303 0.295468 0.38548 -2.00763 -0.0353966 0.706234 -4.06891 2.14585 -0.095838 -5.51486 -0.431155 1.41887
1 3.47 -1.08906 0.381302 0.381646 -2.22793 0.023325 0.697844 -3.64409 1.63084 -0.17675 0.0581173 -1.26085 0.465681
4 3.47 1.5 0 1.5 0 0 1.57075 0 0 0 0 0 0
5 3.47 50 0.00292516 4
6 3.47 -45.1233 6.1856 -0.3029 -3.04035
0 3.48 -0.964129 0.310006 0.382401 -2.08238 -0.0134474 0.707106 -4.13777 2.21349 0.0349288 -6.02402 -1.01534 1.53556
1 3.48 -1.12964 0.398545 0.383798 -2.32342 0.0599937 0.71245 -3.79912 1.81107 -0.0622125 -0.17639 -0.71611 0.507398
4 3.48 1.5 0 1.5 0 0 1.57075 0 0 0 0 0 0
5 3.48 50 0.00178313 2
6 3.48 -36.9437 6.41541 1.11056 -3.27544
0 3.49 -1.00848 0.324598 0.373435 -2.14223 0.00443008 0.708815 -4.20977 2.2864 0.10284 -5.96294 -1.08046 1.42683
1 3.49 -1.17687 0.416054 0.377548 -2.38072 0.07581 0.7143 -3.94853 1.98349 -0.0323685 -0.460666 0.384774 0.0257677
4 3.49 1.5 0 1.5 0 0 1.57075 0 0 0 0 0 0
5 3.49 50 0.00578308 13
6 3.49 -29.1274 6.03041 2.38679 -4.46556
0 3.5 -1.05708 0.344293 0.367594 -2.18888 0.0159013 0.709109 -4.27295 2.35676 0.129985 -6.21074 -0.859738 1.24668
1 3.5 -1.228 0.438563 0.372794 -2.43732 0.0764703 0.70824 -3.9596 1.99979 0.0752455 -0.503708 -0.851603 0.0229178
4 3.5 1.5 0 1.5 0 0 1.57075 0 0 0 0 0 0
5 3.5 50 0.00195527 4
6 3.5 -35.6951 6.29796 0.651548 -3.90078
0 3.51 -1.10342 0.360073 0.357779 -2.25853 0.0280439 0.707323 -4.3205 2.40587 0.117958 -6.76259 -0.499208 1.06539
1 3.51 -1.27624 0.456308 0.362498 -2.52936 0.0736482 0.695696 -3.99893 2.0468 0.121284 -0.529359 -0.754883 -0.0307324
4 3.51 1.5 0 1.5 0 0 1.57075 0 0 0 0 0 0
5 3.51 50 0.00380349 8
6 3.51 -38.1983 6.9309 0.304253 -3.49555
0 3.54 -1.1703 0.387715 0.347987 -2.40013 0.0460616 0.699759 -4.37332 2.46299 0.0509769 -7.22958 -0.364885 0.988821
1 3.54 -1.34523 0.486235 0.350026 -2.6902 0.0835381 0.680426 -4.02929 2.09369 0.208435 -0.574062 -1.16205 0.132643
4 3.54 1.5 0 1.5 0 0 1.57075 0 0 0 0 0 0
5 3.54 50 0.00760603 16
6 3.54 -45.7159 7.41739 -0.321658 -2.73035
0 3.55 -1.23357 0.411057 0.332704 -2.49158 0.0581544 0.694049 -4.41579 2.50299 -0.0478742 -7.07537 -0.52807 0.977889
1 3.55 -1.4102 0.511177 0.330789 -2.77566 0.0986424 0.675662 -3.99009 2.06428 0.360128 -0.644188 -1.70351 0.979935
4 3.55 1.5 0 1.5 0 0 1.57075 0 0 0 0 0 0
5 3.55 50 0.00260162 4
6 3.55 -61.6873 7.15365 -0.774729 0.0107789
0 3.56 -1.29488 0.436985 0.320451 -2.54449 0.065471 0.690479 -4.44505 2.53334 -0.15647 -6.88454 -0.546976 0.962478
1 3.56 -1.47268 0.538318 0.314193 -2.82115 0.10521 0.670901 -4.10276 2.19175 0.1576 -0.547882 -1.42541 0.52247
4 3.56 1.5 0 1.5 0 0 1.57075 0 0 0 0 0 0
5 3.56 50 0.00683546 15
6 3.56 -52.4377 7.04707 -0.458244 -1.40045
0 3.57 -1.34859 0.456999 0.304398 -2.6299 0.0771061 0.683868 -4.46098 2.55068 -0.286671 -6.6242 -0.52416 0.938977
1 3.57 -1.52703 0.559027 0.292931 -2.8966 0.113778 0.661319 -4.13256 2.24436 0.110855 -0.529973 -1.53375 0.892997
4 3.57 1.5 0 1.5 0 0 1.57075 0 0 0 0 0 0
5 3.57 50 0.00659585 15
6 3.57 -55.6559 6.77862 -0.642416 -0.142844
0 3.59 -1.39238 0.475184 0.292572 -2.76255 0.0923113 0.670535 -4.45891 2.54067 -0.413746 -6.58329 -0.361497 0.923859
1 3.59 -1.57074 0.576811 0.276022 -3.02856 0.119419 0.64143 -4.06338 2.22548 0.42566 -0.633816 -2.23355 1.75986
4 3.59 1.5 0 1.5 0 0 1.57075 0 0 0 0 0 0
5 3.59 50 0.00315261 6
6 3.59 -81.5601 6.62959 -1.64338 2.67164
0 3.6 -1.44333 0.494482 0.274458 -2.81394 0.0965197 0.664691 -4.44736 2.5252 -0.558582 -6.76637 -0.248003 0.896632
1 3.6 -1.62122 0.59549 0.252115 -3.08758 0.117454 0.633782 -4.06639 2.24752 0.377177 -0.626604 -2.39135 1.71844
4 3.6 1.5 0 1.5 0 0 1.57075 0 0 0 0 0 0
5 3.6 50 0.00287127 6
6 3.6 -86.3224 6.85164 -1.95589 2.62553
0 3.61 -1.49529 0.516969 0.257928 -2.86608 0.0986888 0.658309 -4.43062 2.50738 -0.705426 -7.00761 0.0543741 0.879249
1 3.61 -1.67252 0.617264 0.229711 -3.1498 0.106163 0.623706 -4.0724 2.27415 0.323026 -0.619456 -2.57462 1.64562
4 3.61 1.5 0 1.5 0 0 1.57075 0 0 0 0 0 0
5 3.61 50 0.0037539 6
6 3.61 -90.8801 7.15167 -2.50525 2.44621
0 3.62 -1.5459 0.536368 0.236253 -2.9402 0.0972697 0.649171 -4.42166 2.49483 -0.840227 -7.14564 0.529406 0.880347
1 3.62 -1.72276 0.636161 0.202644 -3.22981 0.0835653 0.610249 -4.12181 2.33964 0.25375 -0.571513 -2.44826 1.84367
4 3.62 1.5 0 1.5 0 0 1.57075 0 0 0 0 0 0
5 3.62 50 0.00931931 19
6 3.62 -93.3598 7.39397 -2.89458 3.07111
0 3.63 -1.60257 0.560642 0.213759 -3.0293 0.0887327 0.63712 -4.40975 2.48325 -1.00068 -7.19929 1.0023 0.871713
1 3.63 -1.77896 0.659972 0.173732 -3.32076 0.0528002 0.597824 -4.21943 2.43107 -0.0225122 -0.576668 -1.48945 2.33734
4 3.63 1.5 0 1.5 0 0 1.57075 0 0 0 0 0 0
5 3.63 50 0.00722647 15
6 3.63 -84.8131 7.48158 -2.33831 4.6708
0 3.64 -1.6571 0.582206 0.18757 -3.12184 0.0696065 0.624692 -4.3585 2.45599 -1.12264 -7.39761 1.88784 0.856928
1 3.64 -1.83144 0.680446 0.142665 -3.42024 -0.00521517 0.588843 -4.23911 2.4993 0.237197 -2.17607 -1.4241 0.595162
4 3.64 1.5 0 1.5 0 0 1.57075 0 0 0 0 0 0
5 3.64 50 0.0104718 20
6 3.64 -107.606 5.97476 -3.27405 -0.85156
0 3.66 -1.71011 0.604446 0.171245 2.99886 -0.00938809 0.613581 -4.13893 2.16442 0.00199318 -10.1226 6.27854 1.26281
1 3.66 -1.87567 0.691022 0.171325 2.59409 -0.265161 0.599306 -4.26662 2.3227 1.02166 -2.04886 0.239701 0.648973
4 3.66 1.5 0 1.5 0 0 1.57075 0 0 0 0 0 0
5 3.66 50 0.00456762 9
6 3.66 -87.3817 9.68244 -5.86823 -2.03192
0 3.67 -1.74889 0.617691 0.160681 2.96183 -0.0337862 0.600744 -4.06655 2.0008 0.985084 2.07182 -2.10923 1.20049
1 3.67 -1.91155 0.697723 0.200085 3.04681 0.0406381 0.538378 -4.14831 2.08269 1.2184 -1.56799 -0.208006 0.693713
4 3.67 1.5 0 1.5 0 0 1.57075 0 0 0 0 0 0
5 3.67 50 0.00563788 12
6 3.67 -38.9747 -4.27975 1.97503 -1.62284
0 3.68 -1.7901 0.632221 0.162978 3.01336 0.00930284 0.584275 -3.99733 1.86573 1.71487 7.27502 -6.36644 1.02187
1 3.68 -1.94999 0.70685 0.231573 3.30368 0.256642 0.511165 -4.00643 1.88191 1.46609 0.607881 -2.02841 1.25778
4 3.68 1.5 0 1.5 0 0 1.57075 0 0 0 0 0 0
5 3.68 50 0.00459814 8
6 3.68 -8.86985 -7.99213 4.3605 0.700501
0 3.69 -1.83994 0.646385 0.168328 3.10769 0.0880462 0.56282 -3.91729 1.72893 2.28081 7.64057 -6.2784 1.01854
1 3.69 -1.99663 0.715542 0.259561 3.40897 0.337657 0.513399 -3.90592 1.7442 2.08958 0.389192 -1.94057 1.38801
4 3.69 1.5 0 1.5 0 0 1.57075 0 0 0 0 0 0
5 3.69 50 0.00317097 6
6 3.69 -12.3768 -8.63676 4.33141 1.12501
0 3.7 -1.87543 0.657323 0.179384 -3.12073 0.132775 0.553223 -3.87121 1.65174 2.52512 7.35274 -5.92824 1.05205
1 3.7 -2.03028 0.723393 0.280388 -2.83158 0.370731 0.515766 -3.84966 1.66078 2.30556 0.619779 -1.17187 0.327941
4 3.7 1.5 0 1.5 0 0 1.57075 0 0 0 0 0 0
5 3.7 50 0.00765061 17
6 3.7 -10.6827 -8.04378 4.81549 -2.36126
0 3.72 -1.92425 0.66728 0.195437 -2.96438 0.263379 0.536586 -3.8187 1.57319 2.68484 6.52383 -5.25054 1.14481
1 3.72 -2.077 0.730207 0.302831 -2.7056 0.478184 0.528247 -3.69696 1.56514 2.66523 0.553387 -0.376868 -0.0168482
4 3.72 1.5 0 1.5 0 0 1.57075 0 0 0 0 0 0
5 3.72 50 0.00674725 14
6 3.72 -24.0254 -7.17211 4.9722 -3.74753
0 3.73 -1.98204 0.682148 0.22343 -2.90444 0.311176 0.533755 -3.75538 1.50367 2.77013 5.69929 -4.39584 1.16685
1 3.73 -2.13225 0.742295 0.334235 -2.67778 0.493053 0.529492 -3.5923 1.4816 2.77933 0.482531 -0.223576 -0.0822829
4 3.73 1.5 0 1.5 0 0 1.57075 0 0 0 0 0 0
5 3.73 50 0.00673795 14
6 3.73 -26.5829 -6.25668 4.23534 -4.01632
0 3.74 -2.01725 0.687599 0.234458 -2.85805 0.346698 0.530121 -3.70809 1.45964 2.77455 3.96925 -2.80362 1.18293
1 3.74 -2.16557 0.745984 0.34544 -2.70436 0.467602 0.515177 -3.53017 1.42749 2.76204 0.334685 -0.316603 -0.017055
4 3.74 1.5 0 1.5 0 0 1.57075 0 0 0 0 0 0
5 3.74 50 0.0075655 14
6 3.74 -25.7694 -4.33806 2.46396 -3.84359
0 3.76 -2.05622 0.696393 0.252231 -2.81161 0.380391 0.517425 -3.67059 1.42363 2.72894 1.81296 -0.650787 1.23599
1 3.76 -2.20304 0.753338 0.361388 -2.75442 0.421037 0.476136 -3.47534 1.37839 2.70494 0.148409 -0.537208 0.100923
4 3.76 1.5 0 1.5 0 0 1.57075 0 0 0 0 0 0
5 3.76 50 0.00785065 15
6 3.76 -25.6876 -1.92828 -0.0555494 -3.62504
0 3.77 -2.10119 0.702988 0.266278 -2.79885 0.388627 0.506374 -3.64821 1.39178 2.62934 1.45007 -0.284516 1.26018
1 3.77 -2.24712 0.758659 0.371452 -2.75872 0.416286 0.459206 -3.43972 1.33876 2.61946 0.116954 -0.536567 0.0855731
4 3.77 1.5 0 1.5 0 0 1.57075 0 0 0 0 0 0
5 3.77 50 0.00619864 15
6 3.77 -26.8802 -1.52096 -0.44075 -3.75041
0 3.78 -2.15428 0.713804 0.2878 -2.78921 0.394853 0.494072 -3.65006 1.34544 2.44124 1.20142 -0.0585469 1.29103
1 3.78 -2.30029 0.767622 0.38545 -2.76101 0.414874 0.442439 -3.42454 1.28331 2.45459 0.0956332 -0.510438 0.0550766
4 3.78 1.5 0 1.5 0 0 1.57075 0 0 0 0 0 0
5 3.78 50 0.00627255 14
6 3.78 -28.6863 -1.24345 -0.647116 -3.94586
0 3.8 -2.19987 0.719836 0.296843 -2.77439 0.405499 0.467233 -3.66756 1.3182 2.24716 1.05771 6.47564e-05 1.3921
1 3.8 -2.34658 0.772564 0.38673 -2.75439 0.425488 0.410673 -3.41922 1.23987 2.28906 0.0838158 -0.425952 0.00437642
4 3.8 1.5 0 1.5 0 0 1.57075 0 0 0 0 0 0
5 3.8 50 0.00567245 13
6 3.8 -31.0159 -1.08969 -0.610909 -4.43032
0 3.81 -2.246 0.728633 0.3091 -2.76858 0.410816 0.45343 -3.69633 1.30329 2.0337 1.02996 0.00435659 1.42145
1 3.81 -2.39385 0.780764 0.390448 -2.75048 0.431374 0.395607 -3.42977 1.21442 2.10202 0.0816163 -0.351726 -0.0433143
4 3.81 1.5 0 1.5 0 0 1.57075 0 0 0 0 0 0
5 3.81 50 0.00683665 13
6 3.81 -33.0534 -1.0606 -0.529974 -4.67624
0 3.81 -2.27773 0.732346 0.31121 -2.76407 0.41582 0.438712 -3.71575 1.29193 1.85552 0.934358 0.0794235 1.4553
1 3.81 -2.42636 0.784023 0.385431 -2.75111 0.434324 0.378279 -3.43449 1.19324 1.94484 0.0733822 -0.29926 -0.0765457
4 3.81 1.5 0 1.5 0 0 1.57075 0 0 0 0 0 0
5 3.81 50 0.00673556 13
6 3.81 -34.6971 -0.953897 -0.547257 -4.89032
0 3.83 -2.312 0.738418 0.315898 -2.76291 0.418894 0.422483 -3.73627 1.2842 1.675 0.648593 0.339741 1.49557
1 3.83 -2.46145 0.789786 0.382898 -2.76395 0.428384 0.356138 -3.44547 1.17741 1.77998 0.0483674 -0.320303 -0.0744793
4 3.83 1.5 0 1.5 0 0 1.57075 0 0 0 0 0 0
5 3.83 50 0.005934 13
6 3.83 -35.8901 -0.63003 -0.83774 -5.01212
0 3.84 -2.35262 0.744128 0.315902 -2.76869 0.41784 0.399541 -3.76213 1.27717 1.46763 0.0489877 0.879953 1.54966
1 3.84 -2.50311 0.795215 0.374607 -2.79805 0.407644 0.32235 -3.46792 1.16388 1.58644 -0.00437772 -0.472616 -0.0165718
4 3.84 1.5 0 1.5 0 0 1.57075 0 0 0 0 0 0
5 3.84 50 0.00652003 13
6 3.84 -36.7867 0.0518438 -1.55813 -5.00016
0 3.84 -2.39646 0.752861 0.318813 -2.77761 0.413366 0.383633 -3.78948 1.27426 1.25354 -0.44853 1.32226 1.57706
1 3.84 -2.54804 0.803831 0.368955 -2.82967 0.386397 0.298701 -3.49206 1.15709 1.38991 -0.0483466 -0.629267 0.04481
4 3.84 1.5 0 1.5 0 0 1.57075 0 0 0 0 0 0
5 3.84 50 0.00690436 14
6 3.84 -37.8455 0.618359 -2.18036 -4.89238
0 3.86 -2.45633 0.762339 0.312714 -2.82 0.386911 0.335694 -3.81834 1.26841 0.98973 -1.56691 2.30591 1.64725
1 3.86 -2.60907 0.813075 0.352303 -2.92002 0.32023 0.236711 -3.53828 1.15407 1.15386 -0.149032 -1.19511 0.280703
4 3.86 1.5 0 1.5 0 0 1.57075 0 0 0 0 0 0
5 3.86 50 0.00749135 17
6 3.86 -38.7975 1.89721 -3.80271 -4.36682
0 3.87 -2.5037 0.772081 0.31051 -2.84256 0.370677 0.314518 -3.83658 1.26713 0.785735 -1.90207 2.71989 1.66329
1 3.87 -2.65716 0.822766 0.34194 -2.95581 0.28631 0.211919 -3.5621 1.15413 0.974978 -0.181084 -1.44224 0.374789
4 3.87 1.5 0 1.5 0 0 1.57075 0 0 0 0 0 0
5 3.87 50 0.00815868 18
6 3.87 -39.9965 2.29572 -4.5129 -4.11942
0 3.89 -2.55009 0.778777 0.29952 -2.88439 0.334097 0.276837 -3.84265 1.26279 0.5503 -2.06211 3.31933 1.65499
1 3.89 -2.7038 0.829288 0.321532 -3.00082 0.222531 0.173316 -3.59275 1.15737 0.767435 -0.1994 -1.86449 0.490348
4 3.89 1.5 0 1.5 0 0 1.57075 0 0 0 0 0 0
5 3.89 50 0.00869131 20
6 3.89 -40.8634 2.53361 -5.66444 -3.72589
0 3.91 -2.59289 0.787429 0.292315 -2.93836 0.264544 0.224558 -3.84663 1.26353 0.342787 -1.87238 4.38184 1.59444
1 3.91 -2.74676 0.83797 0.306027 -3.03976 0.10575 0.123191 -3.61009 1.15133 0.709425 -0.345763 -3.19437 1.2716
4 3.91 1.5 0 1.5 0 0 1.57075 0 0 0 0 0 0
5 3.91 50 0.00284386 5
6 3.91 -49.1788 2.2797 -8.44474 -1.04001
0 3.91 -2.64254 0.794753 0.274371 -2.95243 0.240564 0.210106 -3.8509 1.26516 0.10785 -1.86967 4.63686 1.58022
1 3.91 -2.79658 0.845359 0.278685 -3.051 0.0702845 0.110274 -3.45989 1.0681 1.10678 -0.548078 -3.47489 0.534404
4 3.91 1.5 0 1.5 0 0 1.57075 0 0 0 0 0 0
5 3.91 50 0.000936985 1
6 3.91 -89.3394 2.07817 -9.06174 -3.34863
0 3.94 -2.69709 0.805931 0.258279 -3.00216 0.125635 0.156227 -3.84173 1.26515 -0.142394 -1.80388 6.26037 1.46381
1 3.94 -2.85075 0.856537 0.252584 -3.08603 -0.114212 0.0627026 -3.7408 1.18257 0.152902 -0.17521 -3.73707 0.824762
4 3.94 1.5 0 1.5 0 0 1.57075 0 0 0 0 0 0
5 3.94 50 0.00392723 6
6 3.94 -42.8721 2.57201 -11.2513 -2.05299
0 3.95 -2.74692 0.813446 0.233959 -3.02866 0.0430415 0.127889 -3.82824 1.26155 -0.363973 -2.03262 7.16403 1.40927
1 3.95 -2.90005 0.863908 0.2194 -3.11377 -0.235342 0.0395027 -3.78791 1.18604 -0.0513585 -0.441349 -5.32465 1.17958
4 3.95 1.5 0 1.5 0 0 1.57075 0 0 0 0 0 0
5 3.95 50 0.00379586 8
6 3.95 -43.4993 2.60642 -14.091 -0.749857
0 3.95 -2.78702 0.821186 0.216488 -3.04747 -0.0176516 0.110492 -3.81095 1.25668 -0.538814 -2.3495 7.77098 1.38485
1 3.95 -2.93946 0.871453 0.194935 -3.13996 -0.321909 0.0261167 -3.81607 1.18798 -0.21394 -0.254077 -4.41659 0.19002
4 3.95 1.5 0 1.5 0 0 1.57075 0 0 0 0 0 0
5 3.95 50 0.00585437 9
6 3.95 -44.1352 3.22496 -13.7132 -3.83525
0 3.96 -2.82338 0.826511 0.195943 -3.07985 -0.0889464 0.0925383 -3.75033 1.23969 -0.554314 -4.40766 7.18896 1.2808
1 3.96 -2.97339 0.876099 0.17377 -3.25001 -0.372795 0.0233861 -3.81353 1.1864 -0.185917 -0.527629 -5.93033 1.32848
4 3.96 1.5 0 1.5 0 0 1.57075 0 0 0 0 0 0
5 3.96 50 0.00517321 10
6 3.96 -46.8731 5.09464 -14.5838 0.116196
0 3.98 -2.8647 0.835318 0.177492 3.05156 -0.0903638 0.0825881 -3.63231 1.28072 -0.0961239 -15.1846 -3.4123 0.368238
1 3.98 -3.00999 0.886547 0.173647 2.44662 0.0442512 0.055536 -3.88635 1.496 2.10959 0.0833442 -6.97245 0.241127
4 3.98 1.5 0 1.5 0 0 1.57075 0 0 0 0 0 0
5 3.98 50 0.0090642 20
6 3.98 -160.436 16.9806 -3.62085 -0.346909
0 3.99 -2.90654 0.842524 0.158819 2.95466 -0.0568178 0.0712088 -3.51197 1.30088 0.230765 -9.2563 -4.142 0.796772
1 3.99 -3.04702 0.894559 0.16805 2.58794 0.100053 0.00900221 -3.63313 1.61996 1.56394 -0.799045 -3.33317 1.15186
4 3.99 1.5 0 1.5 0 0 1.57075 0 0 0 0 0 0
5 3.99 50 0.00559282 9
6 3.99 -107.739 9.1929 1.53972 1.17721
0 4 -2.95285 0.853918 0.14823 2.92243 -0.0104351 0.0329915 -3.40603 1.30418 0.379292 0.227074 -2.17372 1.50421
1 4 -3.08909 0.906085 0.163401 2.93232 0.0613527 -0.0446458 -3.41463 1.41175 0.470796 0.0235729 -3.48868 1.31332
4 4 1.5 0 1.5 0 0 1.57075 0 0 0 0 0 0
5 4 50 0.00510049 10
6 4 -30.3672 -0.495187 -1.53701 -0.609978
0 4.02 -2.98476 0.858243 0.144487 2.92469 0.0108563 0.00993476 -3.34246 1.29442 0.404301 0.0255892 -2.03838 1.42317
1 4.02 -3.11846 0.91002 0.160659 2.92492 0.0782303 -0.0632093 -3.33809 1.40553 0.515867 0.00662169 -3.38765 1.27545
4 4.02 1.5 0 1.5 0 0 1.57075 0 0 0 0 0 0
5 4.02 50 0.00461984 10
6 4.02 -31.6103 -0.258543 -1.55107 -0.471679
0 4.03 -3.02434 0.866488 0.142325 2.92312 0.025293 -0.00511041 -3.27829 1.27311 0.344248 -0.171573 -2.04081 1.40384
1 4.03 -3.15548 0.917412 0.156095 2.91442 0.0928142 -0.0776451 -3.26385 1.39438 0.498227 -0.00835835 -3.28263 1.27636
4 4.03 1.5 0 1.5 0 0 1.57075 0 0 0 0 0 0
5 4.03 50 0.0041151 9
6 4.03 -34.2915 -0.0517519 -1.4048 -0.40658
