3 7.93 -10 0 0 0 0 0 0 0 0 0 0 0 0
0 7.93 0.0476061 -0.160006 1.33425 -0.0245724 0.036312 1.52909 0.0242925 0.108835 0.0841346 -0.029166 0.029406 -0.000349546
1 7.93 0.0485778 -0.155653 1.33762 -0.0257406 0.0374875 1.52905 0.0146968 0.124367 0.107899 0.450688 -0.106903 0.030734
4 7.93 1.5 0 1.5 0 0 1.57075 0 0 0 0 0 0
5 7.93 50 0.000687838 1
6 7.93 25.5146 0.536911 -0.156391 0.0992331
0 7.95 0.047993 -0.160527 1.33417 -0.0251171 0.0369221 1.52917 0.0234308 0.110175 0.0855555 -0.0190668 0.0349176 0.00390461
1 7.95 0.0489302 -0.15612 1.33759 -0.0258753 0.0383223 1.52929 0.0136219 0.125962 0.109132 0.452689 -0.109124 0.0331922
4 7.95 1.5 0 1.5 0 0 1.57075 0 0 0 0 0 0
5 7.95 50 0.0011282 1
6 7.95 25.504 0.527863 -0.165256 0.0935
0 7.96 0.0482951 -0.160443 1.33442 -0.0252495 0.0371931 1.52914 0.0226821 0.111793 0.0871498 -0.0187938 0.0375945 0.00187933
1 7.96 0.0492024 -0.155971 1.33791 -0.0259999 0.0386983 1.52918 0.0128278 0.127688 0.11053 0.453296 -0.110682 0.0319525
4 7.96 1.5 0 1.5 0 0 1.57075 0 0 0 0 0 0
5 7.96 50 0.000741005 1
6 7.96 25.4923 0.52823 -0.170118 0.0960077
0 7.97 0.0486652 -0.161102 1.33426 -0.0254251 0.0375796 1.52916 0.022108 0.112103 0.0881238 -0.0137986 0.0325284 0.000105025
1 7.97 0.0495496 -0.156618 1.33778 -0.0259781 0.0388805 1.52913 0.0121893 0.128158 0.111405 0.454125 -0.111963 0.0309039
4 7.97 1.5 0 1.5 0 0 1.57075 0 0 0 0 0 0
5 7.97 50 0.000671625 1
6 7.97 25.4867 0.523564 -0.165778 0.098325
0 7.99 0.0490937 -0.161245 1.33448 -0.0255857 0.037881 1.52915 0.0212911 0.113277 0.0895751 -0.0185678 0.0297607 0.00196901
1 7.99 0.0499454 -0.156714 1.33806 -0.0263266 0.0390731 1.5292 0.0113154 0.129453 0.112662 0.454374 -0.113449 0.0319864
4 7.99 1.5 0 1.5 0 0 1.57075 0 0 0 0 0 0
5 7.99 50 0.000967026 1
6 7.99 25.4752 0.529182 -0.164305 0.0958298
0 8 0.0495325 -0.161949 1.33435 -0.0257368 0.0381309 1.52907 0.0209099 0.113843 0.0902716 -0.0161382 0.0270415 -0.00445313
1 8 0.0503689 -0.157395 1.33796 -0.0263902 0.0392076 1.52886 0.0108788 0.130123 0.113283 0.454884 -0.11434 0.0282221
4 8 1.5 0 1.5 0 0 1.57075 0 0 0 0 0 0
5 8 50 0.00068593 1
6 8 25.4709 0.52702 -0.162216 0.104315
0 8.02 0.0499647 -0.162121 1.33458 -0.0262186 0.0384859 1.52908 0.0202881 0.115143 0.091528 -0.028734 0.0217297 0.00357355
1 8.02 0.0507762 -0.157516 1.33824 -0.0273634 0.0393585 1.5292 0.0100682 0.13157 0.114308 0.455132 -0.11617 0.0329377
4 8.02 1.5 0 1.5 0 0 1.57075 0 0 0 0 0 0
5 8.02 50 0.0010581 1
6 8.02 25.4574 0.541408 -0.158207 0.0937443
0 8.03 0.0504012 -0.162824 1.33446 -0.0264696 0.038619 1.5291 0.0198923 0.111972 0.0897592 -0.0320008 0.0192038 0.0026288
1 8.03 0.0511969 -0.158345 1.33805 -0.0277464 0.0393897 1.52919 0.00956653 0.128464 0.112682 0.455223 -0.114961 0.0324713
4 8.03 1.5 0 1.5 0 0 1.57075 0 0 0 0 0 0
5 8.03 50 0.000988245 1
6 8.03 25.4664 0.545162 -0.153923 0.0952715
0 8.04 0.0507724 -0.162956 1.33468 -0.0268822 0.0387981 1.52913 0.0193365 0.11045 0.0892004 -0.0319852 0.0309765 -0.00123961
1 8.04 0.0515459 -0.158538 1.33825 -0.0281649 0.0400354 1.52905 0.00884219 0.127022 0.112108 0.45603 -0.114432 0.0301866
4 8.04 1.5 0 1.5 0 0 1.57075 0 0 0 0 0 0
5 8.04 50 0.00085187 1
6 8.04 25.4659 0.546041 -0.166833 0.100327
0 8.05 0.0511874 -0.163589 1.33462 -0.0272053 0.039153 1.52917 0.0187031 0.109599 0.0888416 -0.0297593 0.0392632 0.00161598
1 8.05 0.0519355 -0.159205 1.33818 -0.0283949 0.0407247 1.52919 0.00807989 0.126324 0.111748 0.456844 -0.114727 0.0318964
4 8.05 1.5 0 1.5 0 0 1.57075 0 0 0 0 0 0
5 8.05 50 0.00100017 1
6 8.05 25.4664 0.544469 -0.176672 0.0966691
0 8.07 0.0515295 -0.163589 1.33492 -0.027635 0.0396056 1.52907 0.0180374 0.109745 0.0885837 -0.0258117 0.0311476 -0.0047258
1 8.07 0.052251 -0.159199 1.33847 -0.0286763 0.0408458 1.52884 0.00724673 0.126664 0.111426 0.458037 -0.116401 0.0281978
4 8.07 1.5 0 1.5 0 0 1.57075 0 0 0 0 0 0
5 8.07 50 0.000677109 1
6 8.07 25.4633 0.54137 -0.169296 0.105108
0 8.08 0.0520153 -0.164294 1.3349 -0.0279373 0.0399811 1.52903 0.0174614 0.110088 0.0885967 -0.0243754 0.0339598 -0.00131497
1 8.08 0.0527137 -0.15989 1.33844 -0.028916 0.0413375 1.52894 0.00655313 0.127168 0.111395 0.458782 -0.117471 0.0302567
4 8.08 1.5 0 1.5 0 0 1.57075 0 0 0 0 0 0
5 8.08 50 0.00077343 1
6 8.08 25.4612 0.540604 -0.173742 0.100792
0 8.1 0.0524037 -0.164238 1.33529 -0.0284353 0.0405837 1.52905 0.0167007 0.111561 0.0893564 -0.0263214 0.0345247 0.00704281
1 8.1 0.0530717 -0.159776 1.33886 -0.0294784 0.0419721 1.52929 0.00560051 0.128892 0.111964 0.459821 -0.120069 0.0351731
4 8.1 1.5 0 1.5 0 0 1.57075 0 0 0 0 0 0
5 8.1 50 0.000799894 1
6 8.1 25.4505 0.543968 -0.177353 0.0898049
0 8.11 0.0528478 -0.164997 1.33523 -0.028648 0.0408744 1.52907 0.0156796 0.113283 0.0910595 -0.0218645 0.0326924 0.00495151
1 8.11 0.053475 -0.160466 1.33887 -0.029516 0.0421872 1.52923 0.00450062 0.13073 0.113483 0.460905 -0.121587 0.0338796
4 8.11 1.5 0 1.5 0 0 1.57075 0 0 0 0 0 0
5 8.11 50 0.000714302 1
6 8.11 25.4396 0.540188 -0.176999 0.092352
0 8.13 0.0531723 -0.165038 1.33555 -0.0289756 0.0413971 1.52912 0.014665 0.115049 0.0926046 -0.0217097 0.0306237 0.00714941
1 8.13 0.0537589 -0.160436 1.33925 -0.0298336 0.0426298 1.52937 0.00336413 0.132708 0.114796 0.461917 -0.124068 0.0350992
4 8.13 1.5 0 1.5 0 0 1.57075 0 0 0 0 0 0
5 8.13 50 0.00093174 1
6 8.13 25.4261 0.541152 -0.177468 0.0892291
0 8.14 0.0536133 -0.165797 1.33553 -0.0293094 0.0417225 1.52919 0.0134087 0.116739 0.09419 -0.0228197 0.0191919 0.00787267
1 8.14 0.0541496 -0.161127 1.3393 -0.03021 0.0424991 1.52948 0.0019794 0.134529 0.116175 0.462914 -0.125941 0.0354488
4 8.14 1.5 0 1.5 0 0 1.57075 0 0 0 0 0 0
5 8.14 50 0.00111032 1
6 8.14 25.4141 0.543503 -0.166499 0.0880365
0 8.16 0.0539694 -0.165704 1.33602 -0.0297332 0.0419537 1.52934 0.0118221 0.119159 0.095932 -0.0289279 0.0181505 0.00348362
1 8.16 0.0544422 -0.160937 1.33986 -0.0308854 0.0426836 1.52946 0.000226181 0.137038 0.117632 0.463947 -0.127862 0.0326303
4 8.16 1.5 0 1.5 0 0 1.57075 0 0 0 0 0 0
5 8.16 50 0.000707626 1
6 8.16 25.3972 0.551486 -0.167515 0.0930502
0 8.17 0.0542862 -0.166412 1.33592 -0.0299914 0.0421338 1.5294 0.0106168 0.12057 0.0970125 -0.0265623 0.0196352 0.000215076
1 8.17 0.0547109 -0.161589 1.3398 -0.0310545 0.0429191 1.52938 -0.00108051 0.138522 0.118583 0.465011 -0.1288 0.0306085
4 8.17 1.5 0 1.5 0 0 1.57075 0 0 0 0 0 0
5 8.17 50 0.000697613 1
6 8.17 25.3896 0.550025 -0.170303 0.0970305
0 8.18 0.0545037 -0.166411 1.33621 -0.0302573 0.0423648 1.5294 0.00960494 0.122312 0.0983542 -0.0204271 0.0227106 -0.00160841
1 8.18 0.0548879 -0.161518 1.34014 -0.0310783 0.0432709 1.52931 -0.00219363 0.140356 0.11974 0.466366 -0.13024 0.0294616
4 8.18 1.5 0 1.5 0 0 1.57075 0 0 0 0 0 0
5 8.18 50 0.000967264 1
6 8.18 25.3788 0.544674 -0.175487 0.0991904
0 8.19 0.0547596 -0.167101 1.33607 -0.030443 0.0426042 1.5294 0.0087145 0.123132 0.0994172 -0.0162137 0.0267475 0.00078448
1 8.19 0.0551082 -0.162176 1.34005 -0.0310916 0.0436746 1.5294 -0.00315374 0.141273 0.120694 0.467349 -0.131066 0.0308806
4 8.19 1.5 0 1.5 0 0 1.57075 0 0 0 0 0 0
5 8.19 50 0.000791788 1
6 8.19 25.3724 0.541063 -0.181062 0.0960813
0 8.2 0.0550052 -0.167269 1.33631 -0.0305478 0.0428042 1.52933 0.00743125 0.124857 0.100989 -0.0141797 0.0270764 -0.000185355
1 8.2 0.0553024 -0.162275 1.34035 -0.0311168 0.0438865 1.52929 -0.00447049 0.143076 0.122078 0.468196 -0.132374 0.0303023
4 8.2 1.5 0 1.5 0 0 1.57075 0 0 0 0 0 0
5 8.2 50 0.000745773 1
6 8.2 25.3612 0.539734 -0.182941 0.0973315
0 8.22 0.0552696 -0.167884 1.33627 -0.0309079 0.043507 1.52918 0.00625819 0.126116 0.102151 -0.0172057 0.0383542 -0.00264485
1 8.22 0.0555199 -0.16284 1.34036 -0.0316028 0.0450371 1.52903 -0.00577287 0.144626 0.123062 0.469058 -0.134609 0.028916
4 8.22 1.5 0 1.5 0 0 1.57075 0 0 0 0 0 0
5 8.22 50 0.000818253 1
6 8.22 25.3514 0.544076 -0.198448 0.100757
0 8.23 0.0554739 -0.167968 1.33654 -0.0311192 0.0438876 1.52907 0.00532355 0.123665 0.100814 -0.0198979 0.0330857 -0.00274955
1 8.23 0.0556868 -0.163021 1.34058 -0.0319217 0.045207 1.52892 -0.00678841 0.14234 0.121788 0.469422 -0.134748 0.029017
4 8.23 1.5 0 1.5 0 0 1.57075 0 0 0 0 0 0
5 8.23 50 0.000752926 1
6 8.23 25.3558 0.547496 -0.192564 0.101414
0 8.24 0.0557254 -0.168617 1.33649 -0.031304 0.0440278 1.52904 0.00446859 0.122187 0.10018 -0.0257327 0.0261083 -0.00411433
1 8.24 0.0559042 -0.163729 1.3405 -0.032342 0.0450665 1.52884 -0.00771779 0.140925 0.121183 0.469548 -0.13449 0.0282823
4 8.24 1.5 0 1.5 0 0 1.57075 0 0 0 0 0 0
5 8.24 50 0.000737906 1
6 8.24 25.3579 0.554164 -0.184267 0.103425
0 8.25 0.0559327 -0.168722 1.33679 -0.0316231 0.0442863 1.52901 0.00338919 0.121958 0.100058 -0.0270451 0.0320281 -0.000265201
1 8.25 0.0560682 -0.163844 1.34079 -0.0327072 0.0455664 1.52896 -0.00892256 0.140806 0.120998 0.470362 -0.134969 0.030594
4 8.25 1.5 0 1.5 0 0 1.57075 0 0 0 0 0 0
5 8.25 50 0.000859737 1
6 8.25 25.3546 0.556551 -0.191601 0.0985171
0 8.28 0.0561697 -0.169275 1.33682 -0.0321797 0.0448703 1.52899 0.00188537 0.122313 0.0998435 -0.0236637 0.0281079 -0.00477941
1 8.28 0.0562451 -0.164382 1.34081 -0.0331365 0.0459879 1.52876 -0.0106444 0.141409 0.120713 0.47208 -0.136885 0.0279232
4 8.28 1.5 0 1.5 0 0 1.57075 0 0 0 0 0 0
5 8.28 50 0.000787973 1
6 8.28 25.3514 0.55468 -0.189309 0.104402
0 8.28 0.0563162 -0.169192 1.33719 -0.0323587 0.045034 1.52892 0.000686956 0.123461 0.0999152 -0.0253473 0.0252118 -0.00577715
1 8.28 0.0563437 -0.164254 1.34118 -0.0333845 0.0460345 1.52866 -0.0119105 0.142626 0.120709 0.472692 -0.137983 0.0273378
4 8.28 1.5 0 1.5 0 0 1.57075 0 0 0 0 0 0
5 8.28 50 0.000713587 1
6 8.28 25.3471 0.557248 -0.187249 0.105719
0 8.3 0.056546 -0.169773 1.33723 -0.0329778 0.0454524 1.52891 -0.000405226 0.124462 0.100329 -0.0286297 0.0268211 0.00748793
1 8.3 0.0565298 -0.164795 1.34125 -0.034111 0.0465346 1.52917 -0.0132471 0.143804 0.120979 0.473984 -0.139568 0.0352088
4 8.3 1.5 0 1.5 0 0 1.57075 0 0 0 0 0 0
5 8.3 50 0.00102448 1
6 8.3 25.3393 0.562395 -0.190884 0.088498
0 8.31 0.0566658 -0.16975 1.33754 -0.0331754 0.045607 1.52893 -0.00149859 0.126023 0.10116 -0.0281836 0.0243895 0.0066407
1 8.31 0.0566058 -0.164709 1.34159 -0.0342921 0.0465909 1.52916 -0.0144155 0.145425 0.12167 0.474866 -0.140874 0.0346381
4 8.31 1.5 0 1.5 0 0 1.57075 0 0 0 0 0 0
5 8.31 50 0.00075388 1
6 8.31 25.331 0.562879 -0.189595 0.0893811
0 8.32 0.0568478 -0.170227 1.33764 -0.0334826 0.0458399 1.52904 -0.00291007 0.127834 0.102344 -0.027641 0.0228824 0.00422041
1 8.32 0.0567313 -0.165114 1.34173 -0.0345819 0.0467604 1.52918 -0.0159469 0.147328 0.122681 0.476014 -0.142305 0.0330639
4 8.32 1.5 0 1.5 0 0 1.57075 0 0 0 0 0 0
5 8.32 50 0.000689983 1
6 8.32 25.3209 0.563552 -0.189514 0.0920821
0 8.34 0.0569332 -0.169947 1.33816 -0.0338201 0.046134 1.52907 -0.00405154 0.129707 0.103896 -0.0247035 0.0276395 -0.000131737
1 8.34 0.0567711 -0.164758 1.34232 -0.0348102 0.0472387 1.52903 -0.0172157 0.149316 0.123988 0.47737 -0.144008 0.0303798
4 8.34 1.5 0 1.5 0 0 1.57075 0 0 0 0 0 0
5 8.34 50 0.00126147 1
6 8.34 25.3065 0.561773 -0.196935 0.0974072
0 8.35 0.0570552 -0.170547 1.33806 -0.0342437 0.0465642 1.52896 -0.00502406 0.130351 0.104774 -0.0272483 0.0244621 0.00242098
1 8.35 0.0568543 -0.165333 1.34225 -0.0353307 0.0475454 1.52902 -0.018349 0.15014 0.124717 0.47837 -0.14556 0.0319653
4 8.35 1.5 0 1.5 0 0 1.57075 0 0 0 0 0 0
5 8.35 50 0.000755787 1
6 8.35 25.2982 0.565745 -0.195064 0.0943194
0 8.36 0.0571315 -0.17061 1.33835 -0.0344929 0.0467705 1.5289 -0.0064434 0.131949 0.105928 -0.0268338 0.0247917 0.00420209
1 8.36 0.0568737 -0.165332 1.34259 -0.03556 0.0477673 1.52903 -0.0198609 0.15182 0.125694 0.479437 -0.146866 0.0330119
4 8.36 1.5 0 1.5 0 0 1.57075 0 0 0 0 0 0
5 8.36 50 0.000736713 1
6 8.36 25.2878 0.566479 -0.196937 0.0919745
0 8.38 0.0572333 -0.17103 1.33851 -0.0347584 0.0470733 1.5289 -0.00804075 0.133759 0.106593 -0.0197062 0.0290188 0.000511279
1 8.38 0.0569117 -0.16568 1.34277 -0.0355476 0.0482341 1.52888 -0.021559 0.153754 0.126244 0.481038 -0.148386 0.0307662
4 8.38 1.5 0 1.5 0 0 1.57075 0 0 0 0 0 0
5 8.38 50 0.00118375 1
6 8.38 25.2814 0.560288 -0.20354 0.0965883
0 8.39 0.0572437 -0.170715 1.33903 -0.0350243 0.0475638 1.52885 -0.00945392 0.135698 0.106936 -0.0189038 0.038358 -0.00124777
1 8.39 0.0568655 -0.165287 1.34331 -0.0357854 0.0490955 1.52874 -0.0230682 0.155894 0.126451 0.482155 -0.15065 0.0296821
4 8.39 1.5 0 1.5 0 0 1.57075 0 0 0 0 0 0
5 8.39 50 0.000781059 1
6 8.39 25.2739 0.560635 -0.216855 0.0987427
0 8.41 0.0573117 -0.171293 1.33896 -0.0352373 0.0480347 1.52892 -0.0104276 0.136495 0.107275 -0.0171911 0.0397003 0.00383649
1 8.41 0.0568946 -0.165833 1.34325 -0.0359203 0.0496272 1.52902 -0.0241212 0.156884 0.126721 0.483036 -0.152315 0.0326468
4 8.41 1.5 0 1.5 0 0 1.57075 0 0 0 0 0 0
5 8.41 50 0.000903368 1
6 8.41 25.2704 0.55972 -0.220299 0.0919761
0 8.41 0.057308 -0.171204 1.33937 -0.0354693 0.048387 1.52891 -0.0123486 0.138314 0.108109 -0.0210301 0.0323227 0.00199028
1 8.41 0.0568141 -0.165671 1.3437 -0.0363089 0.0496819 1.52894 -0.0261259 0.158844 0.12738 0.483961 -0.154434 0.0314984
4 8.41 1.5 0 1.5 0 0 1.57075 0 0 0 0 0 0
5 8.41 50 0.000695705 1
6 8.41 25.2603 0.565043 -0.214267 0.094204
0 8.43 0.0573311 -0.171776 1.33939 -0.0358092 0.0486767 1.52889 -0.0137475 0.135721 0.105812 -0.0258506 0.0217812 0.00187827
1 8.43 0.0567812 -0.166347 1.34362 -0.0368411 0.0495501 1.52894 -0.0276651 0.156384 0.125237 0.484539 -0.154227 0.0315339
4 8.43 1.5 0 1.5 0 0 1.57075 0 0 0 0 0 0
5 8.43 50 0.000819206 1
6 8.43 25.2704 0.571082 -0.201934 0.0946748
0 8.45 0.0572973 -0.171791 1.33967 -0.036154 0.0488729 1.52902 -0.015051 0.134944 0.104693 -0.0242047 0.023895 0.00345701
1 8.45 0.0566953 -0.166393 1.34386 -0.0371171 0.0498331 1.52913 -0.0291113 0.155694 0.124149 0.4857 -0.154438 0.0323975
4 8.45 1.5 0 1.5 0 0 1.57075 0 0 0 0 0 0
5 8.45 50 0.000872135 1
6 8.45 25.2729 0.570543 -0.204598 0.0923919
0 8.45 0.0572845 -0.172232 1.33971 -0.0362191 0.0489256 1.52904 -0.0166962 0.134938 0.103957 -0.0246186 0.0258633 0.000683866
1 8.45 0.0566167 -0.166835 1.34387 -0.0372044 0.0499604 1.52903 -0.0307845 0.155713 0.123466 0.486342 -0.154398 0.0307407
4 8.45 1.5 0 1.5 0 0 1.57075 0 0 0 0 0 0
5 8.45 50 0.000746965 1
6 8.45 25.2762 0.571719 -0.206816 0.0959557
0 8.46 0.0571801 -0.171987 1.3402 -0.0366122 0.0492134 1.52906 -0.0180444 0.13626 0.103423 -0.0289716 0.026763 -0.00257679
1 8.46 0.0564584 -0.166537 1.34434 -0.0377781 0.0502794 1.52891 -0.0322881 0.157157 0.122859 0.487295 -0.155974 0.0287191
4 8.46 1.5 0 1.5 0 0 1.57075 0 0 0 0 0 0
5 8.46 50 0.000769615 1
6 8.46 25.2724 0.577648 -0.209665 0.0999113
0 8.48 0.0571411 -0.172416 1.34022 -0.036874 0.049399 1.52905 -0.0188128 0.137162 0.0998549 -0.0249721 0.0212708 -0.000969587
1 8.48 0.0563886 -0.16693 1.34421 -0.0378763 0.0502478 1.52898 -0.0331713 0.158154 0.119576 0.488081 -0.157041 0.0296599
4 8.48 1.5 0 1.5 0 0 1.57075 0 0 0 0 0 0
5 8.48 50 0.00130153 1
6 8.48 25.2904 0.574057 -0.204583 0.0977841
0 8.49 0.057051 -0.172334 1.34042 -0.0371294 0.0495214 1.52905 -0.019311 0.138051 0.0844382 -0.0188299 0.010572 0.00239605
1 8.49 0.0562786 -0.166812 1.3438 -0.0378787 0.0499475 1.52913 -0.0338206 0.159168 0.105519 0.488014 -0.158327 0.0316351
4 8.49 1.5 0 1.5 0 0 1.57075 0 0 0 0 0 0
5 8.49 50 0.00114775 1
6 8.49 25.3743 0.567113 -0.193778 0.0933455
0 8.51 0.056969 -0.172677 1.34014 -0.0373385 0.0493146 1.52911 -0.0193382 0.138146 0.0494951 -0.00263968 -0.0291785 0.00284824
1 8.51 0.0561955 -0.167151 1.34212 -0.0374363 0.0481525 1.52927 -0.0340529 0.159344 0.0737996 0.486935 -0.15912 0.0318786
4 8.51 1.5 0 1.5 0 0 1.57075 0 0 0 0 0 0
5 8.51 50 0.00107336 1
6 8.51 25.572 0.547782 -0.149084 0.0926795
0 8.51 0.0568739 -0.172554 1.33979 -0.037412 0.048952 1.52915 -0.0190352 0.138175 0.0103613 -0.00245106 -0.0336059 0.000630386
1 8.51 0.0561125 -0.167027 1.34021 -0.0375063 0.0476096 1.52923 -0.0339156 0.159405 0.0382847 0.484079 -0.158575 0.0304957
4 8.51 1.5 0 1.5 0 0 1.57075 0 0 0 0 0 0
5 8.51 50 0.00100899 1
6 8.51 25.7937 0.54438 -0.143379 0.0953451
0 8.53 0.0567819 -0.172864 1.33867 -0.0374846 0.0486307 1.52911 -0.017944 0.137218 -0.0529295 -0.00444297 -0.0347457 -0.000311419
1 8.53 0.0560642 -0.167375 1.33655 -0.0376604 0.0472413 1.52915 -0.0330689 0.158611 -0.0191035 0.479028 -0.157746 0.0299469
4 8.53 1.5 0 1.5 0 0 1.57075 0 0 0 0 0 0
5 8.53 50 0.000678062 1
6 8.53 26.1556 0.54096 -0.141121 0.0965998
0 8.54 0.0566433 -0.172497 1.33653 -0.0375732 0.0482884 1.52914 -0.0165523 0.136137 -0.141116 -0.00618762 -0.0372852 0.00100739
1 8.54 0.0559812 -0.167051 1.33089 -0.037816 0.0467996 1.52924 -0.032016 0.157797 -0.0990171 0.472247 -0.157316 0.0306733
4 8.54 1.5 0 1.5 0 0 1.57075 0 0 0 0 0 0
5 8.54 50 0.000681877 1
6 8.54 26.6629 0.53532 -0.137713 0.0947086
0 8.55 0.0565177 -0.172866 1.33327 -0.0376293 0.0475227 1.5293 -0.0147378 0.134234 -0.228229 -0.000420709 -0.0427749 0.0055286
1 8.55 0.0559282 -0.167497 1.32414 -0.0376326 0.0458213 1.52959 -0.0305393 0.155968 -0.177817 0.466079 -0.1551 0.0332559
4 8.55 1.5 0 1.5 0 0 1.57075 0 0 0 0 0 0
5 8.55 50 0.000764132 1
6 8.55 27.1721 0.521951 -0.128873 0.0885196
0 8.57 0.0563953 -0.172672 1.32924 -0.0376619 0.0470863 1.52939 -0.0132686 0.132451 -0.319501 -0.0029619 -0.0443237 0.00622145
1 8.57 0.0558645 -0.167374 1.31646 -0.0377655 0.045324 1.5297 -0.0294063 0.154416 -0.260351 0.459228 -0.153986 0.033593
4 8.57 1.5 0 1.5 0 0 1.57075 0 0 0 0 0 0
5 8.57 50 0.00077796 1
6 8.57 27.7078 0.517125 -0.125817 0.0873839
0 8.57 0.0562748 -0.17303 1.32464 -0.0377095 0.0466314 1.52945 -0.0117381 0.130372 -0.41747 -0.00593329 -0.0476395 0.00241178
1 8.57 0.0558053 -0.167815 1.30794 -0.037939 0.0447309 1.52961 -0.0282436 0.152584 -0.348914 0.452165 -0.152665 0.0312775
4 8.57 1.5 0 1.5 0 0 1.57075 0 0 0 0 0 0
5 8.57 50 0.00105023 1
6 8.57 28.2843 0.51256 -0.120497 0.0921542
0 8.6 0.0561651 -0.172844 1.31885 -0.037848 0.0456002 1.52956 -0.010126 0.128294 -0.517588 -0.0093122 -0.050675 0.00295002
1 8.6 0.05576 -0.167712 1.29815 -0.0382116 0.0435791 1.52976 -0.0270665 0.150489 -0.439316 0.445245 -0.149592 0.031488
4 8.6 1.5 0 1.5 0 0 1.57075 0 0 0 0 0 0
5 8.6 50 0.00117278 1
6 8.6 28.8793 0.508595 -0.113487 0.0911082
0 8.61 0.0560273 -0.17322 1.31205 -0.0379313 0.0451667 1.52958 -0.00856001 0.125736 -0.605267 -0.00943679 -0.0540359 0.00308367
1 8.61 0.0556849 -0.168191 1.28784 -0.0382995 0.0430115 1.52979 -0.0258607 0.148132 -0.518338 0.439395 -0.147992 0.0315726
4 8.61 1.5 0 1.5 0 0 1.57075 0 0 0 0 0 0
5 8.61 50 0.000787735 1
6 8.61 29.41 0.502188 -0.107795 0.0909516
0 8.62 0.0559197 -0.173206 1.30486 -0.0380271 0.0444768 1.52958 -0.0070101 0.123515 -0.690798 -0.0089119 -0.05965 0.00502521
1 8.62 0.0556393 -0.168265 1.27723 -0.0383706 0.0421002 1.52987 -0.0246778 0.145974 -0.595367 0.433899 -0.145809 0.0327332
4 8.62 1.5 0 1.5 0 0 1.57075 0 0 0 0 0 0
5 8.62 50 0.0018332 1
6 8.62 29.9308 0.49544 -0.0988484 0.0884583
0 8.62 0.0557678 -0.173512 1.29541 -0.0380806 0.0438823 1.52964 -0.00547868 0.120342 -0.792684 -0.00261548 -0.0566948 0.000534078
1 8.62 0.0555486 -0.168698 1.2637 -0.0381805 0.041617 1.52975 -0.0235562 0.142975 -0.687034 0.427911 -0.143422 0.0300379
4 8.62 1.5 0 1.5 0 0 1.57075 0 0 0 0 0 0
5 8.62 50 0.00070715 1
6 8.62 30.5571 0.481717 -0.0995036 0.094191
0 8.64 0.0556607 -0.173467 1.28427 -0.0380694 0.0434541 1.52969 -0.00356114 0.112691 -0.902759 0.0029401 -0.0531162 -0.00304078
1 8.64 0.0555182 -0.168959 1.24816 -0.0379536 0.0413263 1.52965 -0.0220471 0.135611 -0.78597 0.42131 -0.139867 0.0279982
4 8.64 1.5 0 1.5 0 0 1.57075 0 0 0 0 0 0
5 8.64 50 0.00152826 1
6 8.64 31.24 0.46813 -0.0995309 0.0990917
0 8.65 0.0554488 -0.173772 1.26717 -0.0379511 0.0425678 1.5297 -0.00139088 0.105751 -1.03194 0.00971126 -0.0495678 -0.000759651
1 8.65 0.0553932 -0.169542 1.22589 -0.0375607 0.0405854 1.52974 -0.0203217 0.12881 -0.901704 0.413598 -0.135245 0.029443
4 8.65 1.5 0 1.5 0 0 1.57075 0 0 0 0 0 0
5 8.65 50 0.000742674 1
6 8.65 32.0636 0.451916 -0.098299 0.0964213
0 8.67 0.0553334 -0.17364 1.25184 -0.0376093 0.0416513 1.52977 0.000416035 0.101413 -1.14087 0.0253817 -0.0413598 0.00535973
1 8.67 0.0553501 -0.169584 1.2062 -0.0365825 0.0400062 1.53005 -0.0187685 0.124479 -0.999159 0.407616 -0.131532 0.03309
4 8.67 1.5 0 1.5 0 0 1.57075 0 0 0 0 0 0
5 8.67 50 0.00108242 1
6 8.67 32.7658 0.427667 -0.103467 0.0885276
0 8.68 0.0551878 -0.173952 1.24099 -0.0373103 0.0412294 1.52976 0.00178133 0.0979836 -1.22514 0.0334347 -0.0382241 0.00627849
1 8.68 0.0552591 -0.170033 1.19198 -0.0359602 0.0397109 1.53006 -0.0175647 0.121193 -1.07465 0.402811 -0.129476 0.0336954
4 8.68 1.5 0 1.5 0 0 1.57075 0 0 0 0 0 0
5 8.68 50 0.00098443 1
6 8.68 33.3034 0.413278 -0.104713 0.0875272
0 8.69 0.0550934 -0.173982 1.22905 -0.0368311 0.0407153 1.52979 0.00315714 0.0949959 -1.30818 0.0392362 -0.0371174 0.00437969
1 8.69 0.0552197 -0.170182 1.17672 -0.0352523 0.0392381 1.53002 -0.0162493 0.118285 -1.1489 0.397652 -0.127382 0.0325792
4 8.69 1.5 0 1.5 0 0 1.57075 0 0 0 0 0 0
5 8.69 50 0.00115204 1
6 8.69 33.8409 0.401021 -0.103577 0.0900254
0 8.69 0.0548807 -0.174233 1.20794 -0.0366379 0.0405254 1.5298 0.00451451 0.0907528 -1.41266 0.0352784 -0.0321003 0.000652825
1 8.69 0.0550613 -0.170603 1.15143 -0.0352238 0.0392432 1.52987 -0.0151913 0.114415 -1.2419 0.391269 -0.126099 0.0303759
4 8.69 1.5 0 1.5 0 0 1.57075 0 0 0 0 0 0
5 8.69 50 0.00114274 1
6 8.69 34.545 0.398319 -0.107848 0.0948897
0 8.7 0.0547598 -0.174134 1.18667 -0.0362753 0.040117 1.5298 0.00614873 0.0874308 -1.51352 0.0267539 -0.0318348 -0.00098723
1 8.7 0.0550057 -0.170637 1.12613 -0.0352048 0.038843 1.5298 -0.0137494 0.11132 -1.33157 0.384429 -0.124471 0.0294052
4 8.7 1.5 0 1.5 0 0 1.57075 0 0 0 0 0 0
5 8.7 50 0.000930548 1
6 8.7 35.2303 0.400208 -0.106282 0.0970269
0 8.73 0.0545406 -0.174241 1.15439 -0.0358464 0.0392711 1.52969 0.00933553 0.083393 -1.66351 0.0119584 -0.0305632 -0.00871508
1 8.73 0.054914 -0.170905 1.08785 -0.0353801 0.0380369 1.52939 -0.0109044 0.107468 -1.46487 0.374518 -0.121547 0.0248518
4 8.73 1.5 0 1.5 0 0 1.57075 0 0 0 0 0 0
5 8.73 50 0.000745773 1
6 8.73 36.2524 0.405692 -0.104379 0.107162
0 8.74 0.0545017 -0.174208 1.14561 -0.0358083 0.0389678 1.5296 0.0101354 0.0824167 -1.7026 0.00354251 -0.0327438 -0.0104927
1 8.74 0.0549071 -0.170911 1.0775 -0.0356812 0.0376439 1.52923 -0.0102364 0.10649 -1.4996 0.371801 -0.12053 0.0238449
4 8.74 1.5 0 1.5 0 0 1.57075 0 0 0 0 0 0
5 8.74 50 0.00112677 1
6 8.74 36.5198 0.412076 -0.100716 0.109623
0 8.75 0.0542643 -0.174448 1.11954 -0.0357827 0.0387624 1.52958 0.011949 0.0805138 -1.79747 0.00407132 -0.0360562 -0.00696673
1 8.75 0.0547422 -0.171228 1.04764 -0.0356287 0.0373111 1.52935 -0.00878834 0.104907 -1.58345 0.366833 -0.120163 0.0259438
4 8.75 1.5 0 1.5 0 0 1.57075 0 0 0 0 0 0
5 8.75 50 0.000698805 1
6 8.75 37.1949 0.405918 -0.0964956 0.105067
0 8.76 0.0541616 -0.174403 1.09838 -0.0357327 0.0382312 1.52957 0.0130051 0.0789781 -1.87114 -0.000988824 -0.0325975 0.0013974
1 8.76 0.0546818 -0.171244 1.02353 -0.0357684 0.0369301 1.52968 -0.00800998 0.103391 -1.64847 0.362721 -0.118576 0.0308979
4 8.76 1.5 0 1.5 0 0 1.57075 0 0 0 0 0 0
5 8.76 50 0.000718594 1
6 8.76 37.7242 0.406954 -0.0986444 0.0941804
0 8.77 0.0539093 -0.174597 1.06938 -0.0357717 0.0378798 1.52961 0.0140248 0.0773063 -1.96597 -0.00546501 -0.0316878 0.00171486
1 8.77 0.0544703 -0.171505 0.990738 -0.035986 0.0366155 1.52972 -0.00740864 0.101946 -1.73205 0.357961 -0.117757 0.0310221
4 8.77 1.5 0 1.5 0 0 1.57075 0 0 0 0 0 0
5 8.77 50 0.00115705 1
6 8.77 38.4137 0.406636 -0.0987478 0.0935635
0 8.78 0.0538123 -0.174522 1.04795 -0.0359791 0.0372669 1.52957 0.0147927 0.0762547 -2.0323 -0.0135228 -0.0294516 -0.000798338
1 8.78 0.054404 -0.171471 0.966654 -0.0365196 0.0360885 1.52958 -0.00705897 0.100824 -1.79044 0.35466 -0.115893 0.0295024
4 8.78 1.5 0 1.5 0 0 1.57075 0 0 0 0 0 0
5 8.78 50 0.0011704 1
6 8.78 38.9007 0.411964 -0.0991765 0.0967356
0 8.8 0.0535706 -0.174692 1.01998 -0.0361044 0.0369852 1.52957 0.0155446 0.0745559 -2.12003 -0.0123848 -0.0276216 0.000207152
1 8.8 0.0541924 -0.17171 0.935181 -0.0365981 0.0358814 1.52962 -0.0067573 0.0993536 -1.86767 0.350975 -0.115169 0.0300645
4 8.8 1.5 0 1.5 0 0 1.57075 0 0 0 0 0 0
5 8.8 50 0.000681639 1
6 8.8 39.5445 0.406566 -0.100445 0.0953199
0 8.8 0.0534866 -0.174545 0.99476 -0.0361732 0.0367604 1.52956 0.0163669 0.0736101 -2.19213 -0.00849775 -0.029448 -0.000498549
1 8.8 0.0541413 -0.171601 0.907075 -0.0365122 0.0355825 1.52958 -0.00629079 0.0986027 -1.93093 0.348068 -0.114885 0.0296295
4 8.8 1.5 0 1.5 0 0 1.57075 0 0 0 0 0 0
5 8.8 50 0.000761509 1
6 8.8 40.0859 0.398966 -0.0980247 0.0961842
0 8.82 0.0532363 -0.174772 0.971602 -0.0362341 0.0364385 1.52957 0.0168242 0.0723978 -2.25156 -0.0050257 -0.0318091 0.00359521
1 8.82 0.0539092 -0.171877 0.88154 -0.0364282 0.0351722 1.52976 -0.00614236 0.0974651 -1.98288 0.34583 -0.113983 0.0320487
4 8.82 1.5 0 1.5 0 0 1.57075 0 0 0 0 0 0
5 8.82 50 0.00145817 1
6 8.82 40.5449 0.392565 -0.0942782 0.090838
0 8.83 0.0530918 -0.174798 0.938577 -0.036305 0.0357856 1.52962 0.0174263 0.0660891 -2.32158 -0.00528632 -0.03004 0.000586146
1 8.83 0.0537889 -0.172155 0.845714 -0.036514 0.0345856 1.52969 -0.00593103 0.0910734 -2.04355 0.342736 -0.110043 0.0302734
4 8.83 1.5 0 1.5 0 0 1.57075 0 0 0 0 0 0
5 8.83 50 0.00111151 1
6 8.83 41.1167 0.389404 -0.0917888 0.0947767
0 8.85 0.0527485 -0.175038 0.902313 -0.0363529 0.0352352 1.52967 0.017836 0.0617204 -2.38721 -0.00484995 -0.0326588 0.000868242
1 8.85 0.0534619 -0.172569 0.806825 -0.036544 0.033931 1.52975 -0.00589074 0.0866739 -2.09998 0.339864 -0.107167 0.0304413
4 8.85 1.5 0 1.5 0 0 1.57075 0 0 0 0 0 0
5 8.85 50 0.000767708 1
6 8.85 41.6806 0.385701 -0.085484 0.0944123
0 8.86 0.0525787 -0.175036 0.869803 -0.0363888 0.0349723 1.52965 0.018117 0.0588987 -2.44503 -0.00648744 -0.0349156 -0.00261509
1 8.86 0.0533034 -0.17268 0.772002 -0.0366501 0.0335728 1.5296 -0.00592574 0.0839717 -2.14966 0.337194 -0.105837 0.0283781
4 8.86 1.5 0 1.5 0 0 1.57075 0 0 0 0 0 0
5 8.86 50 0.000706673 1
6 8.86 42.18 0.384555 -0.0813713 0.098946
0 8.87 0.0522668 -0.175231 0.838451 -0.0364621 0.0344864 1.52958 0.0181592 0.0566676 -2.50193 -0.00449571 -0.0338558 -0.00411493
1 8.87 0.0529932 -0.172965 0.738374 -0.0366459 0.0331271 1.52947 -0.00622484 0.0816968 -2.19858 0.335067 -0.10384 0.0275337
4 8.87 1.5 0 1.5 0 0 1.57075 0 0 0 0 0 0
5 8.87 50 0.000840902 1
6 8.87 42.668 0.37995 -0.0802965 0.101038
0 8.88 0.0521202 -0.175229 0.812941 -0.0365429 0.0341214 1.52951 0.0181789 0.0551945 -2.54642 -0.00999215 -0.0322769 -0.000550418
1 8.88 0.0528474 -0.173021 0.711084 -0.0369417 0.0328303 1.52953 -0.00649113 0.0801982 -2.23677 0.332929 -0.102483 0.0296886
4 8.88 1.5 0 1.5 0 0 1.57075 0 0 0 0 0 0
5 8.88 50 0.00120831 1
6 8.88 43.0541 0.383699 -0.0805491 0.0965384
0 8.9 0.0518323 -0.175401 0.785601 -0.0367882 0.0336072 1.52944 0.0179966 0.0538678 -2.59246 -0.0108718 -0.027433 -0.00358565
1 8.9 0.0525521 -0.173246 0.681902 -0.0372265 0.0325054 1.52934 -0.00709204 0.0787504 -2.27623 0.33142 -0.100497 0.0278973
4 8.9 1.5 0 1.5 0 0 1.57075 0 0 0 0 0 0
5 8.9 50 0.000742674 1
6 8.9 43.4578 0.383001 -0.0838315 0.10051
0 8.91 0.0516562 -0.175369 0.753807 -0.0369025 0.0333519 1.52948 0.0174656 0.0525333 -2.64264 -0.0129008 -0.0294943 -0.00321391
1 8.91 0.0523548 -0.173268 0.648101 -0.0374214 0.0321682 1.5294 -0.00797391 0.077494 -2.31905 0.329581 -0.0997782 0.0280656
4 8.91 1.5 0 1.5 0 0 1.57075 0 0 0 0 0 0
5 8.91 50 0.00107646 1
6 8.91 43.9091 0.383213 -0.0806418 0.0998603
0 8.92 0.0513392 -0.175531 0.72288 -0.0370312 0.0329779 1.52946 0.0168251 0.0511124 -2.6899 -0.0113446 -0.028099 -0.00118658
1 8.92 0.0520122 -0.173487 0.615284 -0.0374851 0.0318529 1.52945 -0.00898511 0.0760691 -2.35878 0.327406 -0.09864 0.0292173
4 8.92 1.5 0 1.5 0 0 1.57075 0 0 0 0 0 0
5 8.92 50 0.001158 1
6 8.92 44.37 0.379033 -0.0809343 0.0970647
0 8.93 0.0511822 -0.175516 0.697205 -0.0371519 0.0327066 1.52941 0.0164569 0.0503096 -2.72664 -0.011562 -0.0230638 -0.00133247
1 8.93 0.0518404 -0.173504 0.588139 -0.037615 0.0317827 1.52939 -0.00968713 0.075304 -2.38883 0.324725 -0.0984174 0.0290092
4 8.93 1.5 0 1.5 0 0 1.57075 0 0 0 0 0 0
5 8.93 50 0.000663519 1
6 8.93 44.7803 0.376276 -0.0864562 0.0968662
0 8.94 0.0508967 -0.175675 0.671595 -0.0372778 0.0324397 1.52937 0.0161724 0.0495472 -2.7618 -0.0110129 -0.0248539 -0.00422543
1 8.94 0.0515436 -0.173693 0.561123 -0.0377226 0.0314399 1.52924 -0.010267 0.0745372 -2.41852 0.323607 -0.0974807 0.0273065
4 8.94 1.5 0 1.5 0 0 1.57075 0 0 0 0 0 0
5 8.94 50 0.000713587 1
6 8.94 45.1155 0.374418 -0.0833302 0.100666
0 8.95 0.0506992 -0.175652 0.639175 -0.0373723 0.0321857 1.52941 0.0159193 0.0488685 -2.80287 -0.0100643 -0.0289081 0.000222395
1 8.95 0.051336 -0.173697 0.52706 -0.0377732 0.0310305 1.52946 -0.0108366 0.0738963 -2.45298 0.322184 -0.0968595 0.0299001
4 8.95 1.5 0 1.5 0 0 1.57075 0 0 0 0 0 0
5 8.95 50 0.000811577 1
6 8.95 45.5207 0.371755 -0.077962 0.0947465
0 8.96 0.0503403 -0.175828 0.605748 -0.0374724 0.0318915 1.52946 0.0154022 0.0482062 -2.8398 -0.0104926 -0.0243756 0.00215918
1 8.96 0.0509564 -0.1739 0.492156 -0.0378882 0.0309204 1.52959 -0.0117976 0.0733496 -2.47997 0.316412 -0.0979466 0.0305693
4 8.96 1.5 0 1.5 0 0 1.57075 0 0 0 0 0 0
5 8.96 50 0.00185943 2
6 8.96 46.1301 0.365771 -0.0844078 0.0906997
0 8.97 0.0500591 -0.17581 0.562716 -0.0376027 0.0316008 1.52945 0.0148606 0.0474827 -2.88474 -0.00879565 -0.0242322 0.000305922
1 8.97 0.0506536 -0.173911 0.447327 -0.037953 0.0306326 1.5295 -0.0127348 0.0726757 -2.51694 0.314868 -0.097105 0.0294601
4 8.97 1.5 0 1.5 0 0 1.57075 0 0 0 0 0 0
5 8.97 50 0.00118685 2
6 8.97 46.6183 0.36215 -0.0836084 0.0930748
0 8.99 0.0497132 -0.175991 0.53255 -0.0377972 0.0309908 1.52938 0.0143134 0.0468509 -2.91464 -0.0127557 -0.0291844 0.00012645
1 8.99 0.0502858 -0.174117 0.415964 -0.0383059 0.0298245 1.52943 -0.013645 0.0717648 -2.54142 0.313839 -0.0947796 0.029393
4 8.99 1.5 0 1.5 0 0 1.57075 0 0 0 0 0 0
5 8.99 50 0.00107193 2
6 8.99 46.9504 0.365429 -0.0752587 0.0934339
0 9 0.049441 -0.176007 0.495644 -0.0379119 0.0307789 1.52944 0.013517 0.046619 -2.94924 -0.0167019 -0.0268846 0.00160155
1 9 0.0499816 -0.174142 0.377674 -0.0385767 0.0297067 1.52954 -0.0147937 0.0715987 -2.56903 0.311809 -0.0946873 0.0301177
4 9 1.5 0 1.5 0 0 1.57075 0 0 0 0 0 0
5 9 50 0.00182796 2
6 9 47.3792 0.36757 -0.0777894 0.0910384
0 9.01 0.0490474 -0.176178 0.459331 -0.0380669 0.0303883 1.52938 0.0125376 0.0463845 -2.98129 -0.010842 -0.0244803 -0.00596385
1 9.01 0.0495489 -0.174323 0.340079 -0.0385067 0.0294007 1.52918 -0.0161751 0.0713046 -2.5937 0.309977 -0.0939831 0.0255628
4 9.01 1.5 0 1.5 0 0 1.57075 0 0 0 0 0 0
5 9.01 50 0.00145125 2
6 9.01 47.8312 0.358979 -0.0797475 0.100649
0 9.02 0.0488308 -0.176173 0.429822 -0.0381585 0.0302438 1.52934 0.0117722 0.0462251 -3.00567 -0.0148992 -0.0186114 -0.00589387
1 9.02 0.0493017 -0.174324 0.309595 -0.0387608 0.0294909 1.52913 -0.0171956 0.0711916 -2.61321 0.308995 -0.0938841 0.0255844
4 9.02 1.5 0 1.5 0 0 1.57075 0 0 0 0 0 0
5 9.02 50 0.00118494 2
6 9.02 48.13 0.362417 -0.0863693 0.100495
0 9.03 0.0484218 -0.176388 0.394131 -0.0382933 0.0300413 1.52937 0.0103655 0.0434004 -3.02137 -0.0126475 -0.0221838 -0.00333285
1 9.03 0.0488364 -0.174652 0.273276 -0.0388022 0.0291495 1.52927 -0.0188863 0.0683574 -2.62429 0.308735 -0.0923016 0.0270956
4 9.03 1.5 0 1.5 0 0 1.57075 0 0 0 0 0 0
5 9.03 50 0.00177574 2
6 9.03 48.4131 0.359604 -0.0804512 0.0971433
0 9.04 0.0481434 -0.17641 0.356508 -0.0384238 0.0295925 1.52941 0.00887894 0.0416018 -3.03916 -0.00796697 -0.0307952 0.00276316
1 9.04 0.0484985 -0.174746 0.234941 -0.0387378 0.0283658 1.52956 -0.0208227 0.0664855 -2.63317 0.304299 -0.0917998 0.0302952
4 9.04 1.5 0 1.5 0 0 1.57075 0 0 0 0 0 0
5 9.04 50 0.00152516 2
6 9.04 48.9591 0.34939 -0.0699901 0.0878964
0 9.06 0.048079 -0.175877 0.322676 -0.0244807 0.0384961 1.52906 0.0785112 0.169105 -1.81222 1.77749 1.18697 0.00576256
1 9.06 0.0512195 -0.169113 0.250187 0.0465829 0.0859662 1.52812 0.0628763 0.196106 -1.52114 0.434419 -0.159895 0.0379913
4 9.06 1.5 0 1.5 0 0 1.57075 0 0 0 0 0 0
5 9.06 50 0.0011673 1
6 9.06 41.9071 -1.50221 -1.54614 0.105288
0 9.07 0.0489518 -0.173691 0.302506 -0.0136615 0.0456958 1.52881 0.129033 0.263722 -0.901244 2.25766 1.51025 0.00343689
1 9.07 0.0541131 -0.163142 0.266456 0.0766135 0.106102 1.52813 0.121937 0.291671 -0.689489 0.464657 -0.204545 0.0369528
4 9.07 1.5 0 1.5 0 0 1.57075 0 0 0 0 0 0
5 9.07 50 0.000777721 1
6 9.07 37.0466 -2.00578 -1.96807 0.110875
0 9.08 0.0501387 -0.17215 0.286321 0.0171264 0.0667115 1.52859 0.16347 0.33101 -0.242543 2.39018 1.59657 8.90612e-05
1 9.08 0.0566775 -0.158909 0.276619 0.112807 0.130565 1.52969 0.174387 0.367105 -0.0882714 0.430453 -0.290359 0.0374525
4 9.08 1.5 0 1.5 0 0 1.57075 0 0 0 0 0 0
5 9.08 50 0.000879765 1
6 9.08 33.5632 -2.19275 -2.16493 0.12362
0 9.09 0.0513694 -0.170153 0.280116 0.0381575 0.0807844 1.52887 0.18158 0.369145 0.135232 1.91937 1.26776 -0.013246
1 9.09 0.0586326 -0.155387 0.285525 0.115046 0.131478 1.53028 0.202808 0.409543 0.25236 0.367643 -0.35255 0.02803
4 9.09 1.5 0 1.5 0 0 1.57075 0 0 0 0 0 0
5 9.09 50 0.00117636 1
6 9.09 31.3335 -1.73762 -1.85691 0.134539
0 9.11 0.0546911 -0.167082 0.279285 0.0673989 0.100775 1.52921 0.200401 0.408572 0.529038 1.11916 0.780392 -0.0290851
1 9.11 0.0627072 -0.150739 0.300447 0.11226 0.131998 1.53016 0.234093 0.454535 0.604644 0.26863 -0.439849 0.0176758
4 9.11 1.5 0 1.5 0 0 1.57075 0 0 0 0 0 0
5 9.11 50 0.00106692 1
6 9.11 28.8771 -0.953516 -1.39731 0.150277
0 9.12 0.0575202 -0.16351 0.283546 0.075678 0.107709 1.5293 0.211296 0.432954 0.758265 0.495344 0.440759 -0.0376469
1 9.12 0.065972 -0.146192 0.313876 0.0954735 0.125402 1.52913 0.247059 0.479436 0.809099 0.218004 -0.479283 0.0105696
4 9.12 1.5 0 1.5 0 0 1.57075 0 0 0 0 0 0
5 9.12 50 0.000680923 1
6 9.12 27.3847 -0.311676 -1.05404 0.154179
0 9.13 0.0597284 -0.16215 0.285362 0.078128 0.110582 1.52922 0.218208 0.447076 0.892475 0.208956 0.293533 -0.0395981
1 9.13 0.0684567 -0.144267 0.321061 0.0864127 0.122411 1.52855 0.25398 0.493303 0.929437 0.198647 -0.49767 0.00849778
4 9.13 1.5 0 1.5 0 0 1.57075 0 0 0 0 0 0
5 9.13 50 0.000906944 1
6 9.13 26.541 -0.0124859 -0.907079 0.153616
0 9.14 0.0629281 -0.158619 0.292864 0.0780976 0.113628 1.529 0.225799 0.461123 0.999716 -0.134318 0.119034 -0.0339926
1 9.14 0.0719601 -0.140174 0.332853 0.0726126 0.118481 1.52801 0.260634 0.507338 1.02469 0.178261 -0.518491 0.0108505
4 9.14 1.5 0 1.5 0 0 1.57075 0 0 0 0 0 0
5 9.14 50 0.0008986 1
6 9.14 25.8085 0.349416 -0.731825 0.143143
0 9.16 0.0663453 -0.156291 0.300203 0.0740365 0.115096 1.52871 0.231952 0.469067 1.04515 -0.360506 -0.0291111 -0.0260986
1 9.16 0.0756234 -0.137529 0.342009 0.0594859 0.114012 1.52757 0.264666 0.515326 1.06444 0.17017 -0.531233 0.014766
4 9.16 1.5 0 1.5 0 0 1.57075 0 0 0 0 0 0
5 9.16 50 0.000866652 1
6 9.16 25.4539 0.593839 -0.576877 0.130472
0 9.17 0.0696788 -0.152896 0.309419 0.0684509 0.115605 1.52832 0.237185 0.474525 1.05372 -0.426872 -0.127289 -0.0167577
1 9.17 0.0791662 -0.133915 0.351568 0.051258 0.110571 1.5273 0.267459 0.52086 1.07105 0.174219 -0.539172 0.0198018
4 9.17 1.5 0 1.5 0 0 1.57075 0 0 0 0 0 0
5 9.17 50 0.00104141 1
6 9.17 25.3237 0.67274 -0.473155 0.116778
0 9.18 0.0738754 -0.149985 0.319089 0.0641603 0.114019 1.528 0.241983 0.47656 1.03296 -0.436646 -0.236165 -0.0117071
1 9.18 0.0835548 -0.130923 0.360407 0.0465716 0.104622 1.52692 0.270535 0.52242 1.05133 0.177743 -0.539372 0.0223624
4 9.18 1.5 0 1.5 0 0 1.57075 0 0 0 0 0 0
5 9.18 50 0.00121617 1
6 9.18 25.3763 0.687671 -0.3483 0.108884
0 9.2 0.078309 -0.145551 0.330806 0.0559771 0.108437 1.52753 0.24631 0.47735 0.980713 -0.41605 -0.339854 -0.00863198
1 9.2 0.0881615 -0.126457 0.370035 0.0392147 0.0948837 1.52642 0.271636 0.521478 1.00334 0.189218 -0.52696 0.0233555
4 9.2 1.5 0 1.5 0 0 1.57075 0 0 0 0 0 0
5 9.2 50 0.00108409 1
6 9.2 25.6106 0.677478 -0.214969 0.102281
0 9.21 0.0818585 -0.143297 0.337564 0.0518573 0.104932 1.52723 0.249298 0.47513 0.916234 -0.413418 -0.36336 -0.00766123
1 9.21 0.0918305 -0.124292 0.374214 0.035209 0.0904331 1.52616 0.273162 0.518435 0.944494 0.191459 -0.516445 0.0237114
4 9.21 1.5 0 1.5 0 0 1.57075 0 0 0 0 0 0
5 9.21 50 0.00114608 1
6 9.21 25.9428 0.677029 -0.1759 0.100328
0 9.22 0.0846387 -0.140802 0.343382 0.0477739 0.101221 1.52692 0.251405 0.473181 0.856592 -0.408234 -0.379574 -0.00615156
1 9.22 0.0946949 -0.121875 0.377646 0.0313459 0.0860674 1.52595 0.273753 0.515506 0.890156 0.194754 -0.505181 0.024381
4 9.22 1.5 0 1.5 0 0 1.57075 0 0 0 0 0 0
5 9.22 50 0.000697136 1
6 9.22 26.2545 0.67488 -0.14432 0.0976512
0 9.23 0.0887073 -0.138055 0.349388 0.0447021 0.0982718 1.52667 0.252582 0.468157 0.77092 -0.405872 -0.394734 -0.00582125
1 9.23 0.0988106 -0.119328 0.380225 0.0283748 0.0825086 1.52573 0.273938 0.510002 0.812098 0.194435 -0.494807 0.024573
4 9.23 1.5 0 1.5 0 0 1.57075 0 0 0 0 0 0
5 9.23 50 0.000797033 1
6 9.23 26.7121 0.671876 -0.115011 0.0972157
0 9.24 0.0918388 -0.135252 0.354328 0.0406431 0.0942432 1.5264 0.253719 0.46461 0.696942 -0.404376 -0.40492 -0.00544433
1 9.24 0.101988 -0.116668 0.382206 0.0243853 0.0780686 1.52552 0.273533 0.50539 0.744843 0.197104 -0.481533 0.0246378
4 9.24 1.5 0 1.5 0 0 1.57075 0 0 0 0 0 0
5 9.24 50 0.00112605 1
6 9.24 27.1111 0.673181 -0.0880823 0.0962234
0 9.25 0.0948858 -0.133345 0.357183 0.0364459 0.0900149 1.52618 0.254913 0.460542 0.617382 -0.40229 -0.405793 -0.00777315
1 9.25 0.105082 -0.114924 0.381878 0.0202729 0.0738053 1.52528 0.27309 0.500183 0.672717 0.199842 -0.466799 0.0231065
4 9.25 1.5 0 1.5 0 0 1.57075 0 0 0 0 0 0
5 9.25 50 0.00124693 1
6 9.25 27.5535 0.673987 -0.0702523 0.0987687
0 9.26 0.0983874 -0.130193 0.360717 0.0316933 0.0850674 1.52585 0.255961 0.456293 0.519748 -0.377484 -0.398137 -0.0105872
1 9.26 0.108626 -0.111941 0.381507 0.0165149 0.0691633 1.52492 0.272233 0.494557 0.58419 0.204409 -0.449741 0.0213373
4 9.26 1.5 0 1.5 0 0 1.57075 0 0 0 0 0 0
5 9.26 50 0.000729084 1
6 9.26 28.0972 0.651429 -0.0595385 0.10209
0 9.28 0.101519 -0.12816 0.361932 0.025075 0.0779545 1.5256 0.257225 0.451623 0.427386 -0.360232 -0.387844 -0.00521012
1 9.28 0.111808 -0.110095 0.379027 0.010619 0.0624508 1.525 0.270574 0.487441 0.500779 0.212618 -0.42494 0.0242575
4 9.28 1.5 0 1.5 0 0 1.57075 0 0 0 0 0 0
5 9.28 50 0.000807285 1
6 9.28 28.6257 0.641131 -0.042716 0.0942343
0 9.29 0.104761 -0.125205 0.363225 0.0217225 0.07431 1.52545 0.258363 0.447246 0.328728 -0.355604 -0.384944 -0.00960235
1 9.29 0.115095 -0.107315 0.376374 0.0074448 0.0589242 1.52473 0.270304 0.482104 0.411339 0.213388 -0.411793 0.0216367
4 9.29 1.5 0 1.5 0 0 1.57075 0 0 0 0 0 0
5 9.29 50 0.00106931 1
6 9.29 29.1818 0.636952 -0.0310874 0.0998862
0 9.3 0.108473 -0.122553 0.362539 0.0182624 0.0705168 1.5253 0.259653 0.441474 0.204492 -0.34008 -0.37356 -0.00915528
1 9.3 0.11886 -0.104895 0.370719 0.00461402 0.0555836 1.52466 0.27012 0.475416 0.298876 0.213952 -0.397099 0.021969
4 9.3 1.5 0 1.5 0 0 1.57075 0 0 0 0 0 0
5 9.3 50 0.00131249 1
6 9.3 29.8948 0.620191 -0.0272653 0.0995087
0 9.31 0.111128 -0.120051 0.36189 0.014839 0.0666958 1.52511 0.260679 0.437954 0.116196 -0.325988 -0.364593 -0.00974369
1 9.31 0.121555 -0.102533 0.366537 0.00175897 0.0521195 1.5245 0.269547 0.470661 0.21901 0.216579 -0.383324 0.0216412
4 9.31 1.5 0 1.5 0 0 1.57075 0 0 0 0 0 0
5 9.31 50 0.00113797 1
6 9.31 30.4028 0.607373 -0.0217539 0.100331
0 9.33 0.114069 -0.118155 0.359456 0.00953222 0.0604419 1.52496 0.261696 0.43319 0.0119639 -0.295164 -0.352073 0.000953479
1 9.33 0.124537 -0.100827 0.359935 -0.00228016 0.0463592 1.52487 0.267919 0.463522 0.12497 0.223516 -0.360519 0.0279253
4 9.33 1.5 0 1.5 0 0 1.57075 0 0 0 0 0 0
5 9.33 50 0.000706911 1
6 9.33 31.0142 0.580327 -0.00966627 0.0862255
0 9.34 0.116755 -0.115742 0.356997 0.00546515 0.0552818 1.52481 0.262771 0.429244 -0.0799482 -0.262222 -0.343376 -0.00597938
1 9.34 0.127266 -0.098572 0.353799 -0.00504113 0.0415483 1.52449 0.266893 0.457549 0.0420261 0.228916 -0.341841 0.0237882
4 9.34 1.5 0 1.5 0 0 1.57075 0 0 0 0 0 0
5 9.34 50 0.000669003 1
6 9.34 31.5541 0.549707 0.00163114 0.0951354
0 9.35 0.121306 -0.112413 0.350004 0.00409638 0.0534062 1.52473 0.264743 0.424272 -0.203884 -0.252145 -0.343511 -0.00673807
1 9.35 0.131895 -0.0954421 0.341849 -0.00600682 0.039667 1.52441 0.268197 0.452289 -0.0697669 0.225348 -0.333899 0.0235248
4 9.35 1.5 0 1.5 0 0 1.57075 0 0 0 0 0 0
5 9.35 50 0.00102043 1
6 9.35 32.2955 0.534459 0.010887 0.0967128
0 9.37 0.126113 -0.107723 0.341957 -0.00167902 0.0450392 1.52448 0.266399 0.418904 -0.336309 -0.234121 -0.334714 -0.00195961
1 9.37 0.136769 -0.0909666 0.328505 -0.0110464 0.0316506 1.52442 0.266619 0.443247 -0.188933 0.231161 -0.303833 0.0264499
4 9.37 1.5 0 1.5 0 0 1.57075 0 0 0 0 0 0
5 9.37 50 0.000743866 1
6 9.37 33.0949 0.520661 0.0353928 0.0907865
0 9.38 0.129327 -0.10572 0.334614 -0.00346324 0.0425064 1.52442 0.266886 0.41347 -0.44076 -0.239061 -0.330897 -0.00746108
1 9.38 0.140002 -0.0891811 0.316983 -0.0130364 0.0292696 1.52417 0.266066 0.436932 -0.283013 0.229403 -0.29283 0.0233666
4 9.38 1.5 0 1.5 0 0 1.57075 0 0 0 0 0 0
5 9.38 50 0.00104547 1
6 9.38 33.7272 0.52437 0.0435273 0.0985074
0 9.39 0.132461 -0.102951 0.327021 -0.00585995 0.0391848 1.52436 0.267714 0.409202 -0.536435 -0.242115 -0.329672 -0.00773825
1 9.39 0.14317 -0.0865825 0.305564 -0.0155537 0.0259964 1.52413 0.265453 0.431274 -0.36911 0.229399 -0.279835 0.0233415
4 9.39 1.5 0 1.5 0 0 1.57075 0 0 0 0 0 0
5 9.39 50 0.000717163 1
6 9.39 34.3101 0.527789 0.0570232 0.0993127
0 9.4 0.135278 -0.101242 0.318648 -0.00835009 0.0358606 1.5243 0.268533 0.405407 -0.612513 -0.250932 -0.326375 -0.00462079
1 9.4 0.146019 -0.0850254 0.294147 -0.0183901 0.0228045 1.52422 0.264742 0.425966 -0.437382 0.230032 -0.26672 0.0253497
4 9.4 1.5 0 1.5 0 0 1.57075 0 0 0 0 0 0
5 9.4 50 0.000860453 1
6 9.4 34.7848 0.538278 0.0683471 0.095774
0 9.41 0.138093 -0.0989815 0.310081 -0.0109993 0.0326089 1.52434 0.269147 0.401875 -0.686821 -0.270849 -0.31592 -0.0052865
1 9.41 0.148859 -0.0829066 0.282608 -0.0218356 0.0199706 1.52427 0.263695 0.42091 -0.504078 0.230395 -0.253953 0.0250488
4 9.41 1.5 0 1.5 0 0 1.57075 0 0 0 0 0 0
5 9.41 50 0.000978708 1
6 9.41 35.2484 0.560983 0.0709765 0.0969427
0 9.43 0.142838 -0.0954454 0.293394 -0.017266 0.0255696 1.5242 0.270552 0.396016 -0.802331 -0.289575 -0.309178 0.000680577
1 9.43 0.15366 -0.0796048 0.261301 -0.0288428 0.0132047 1.52444 0.261121 0.411489 -0.60756 0.235952 -0.226955 0.0289635
4 9.43 1.5 0 1.5 0 0 1.57075 0 0 0 0 0 0
5 9.43 50 0.000803947 1
6 9.43 35.9813 0.587998 0.0943529 0.0903949
0 9.44 0.146081 -0.0927508 0.281334 -0.0194434 0.0232267 1.52424 0.271625 0.38377 -0.89459 -0.291716 -0.305411 0.00181277
1 9.44 0.156946 -0.0774001 0.245551 -0.0311048 0.011014 1.52455 0.260676 0.398157 -0.690269 0.235928 -0.213683 0.0299293
4 9.44 1.5 0 1.5 0 0 1.57075 0 0 0 0 0 0
5 9.44 50 0.00137997 1
6 9.44 36.5659 0.59034 0.105286 0.0898632
0 9.45 0.148994 -0.090677 0.268961 -0.0230375 0.0216084 1.52403 0.240384 0.397775 -0.834314 -0.316829 0.155209 -0.0266178
1 9.45 0.15861 -0.074766 0.235589 -0.0357368 0.0277906 1.52283 0.227354 0.411193 -0.634727 0.251249 -0.209116 0.012386
4 9.45 1.5 0 1.5 0 0 1.57075 0 0 0 0 0 0
5 9.45 50 0.0011642 1
6 9.45 36.2773 0.635289 -0.418697 0.124464
0 9.46 0.152106 -0.0865787 0.255538 -0.0255404 0.0347318 1.523 0.146558 0.408365 -0.509005 -0.332464 2.19018 -0.119553
1 9.46 0.157968 -0.0702441 0.235178 -0.0390828 0.122188 1.51598 0.133104 0.428613 -0.337813 0.292651 -0.230585 -0.0457255
4 9.46 1.5 0 1.5 0 0 1.57075 0 0 0 0 0 0
5 9.46 50 0.000753403 1
6 9.46 34.5521 0.678025 -2.78069 0.234865
0 9.48 0.154196 -0.0836735 0.245964 -0.0302082 0.0955867 1.51885 0.0888027 0.411819 -0.320213 -0.0548495 2.44855 -0.0698595
1 9.48 0.157748 -0.0672008 0.233155 -0.0329536 0.1934 1.51308 0.0750683 0.464576 -0.170542 0.341858 -0.43146 -0.0134448
4 9.48 1.5 0 1.5 0 0 1.57075 0 0 0 0 0 0
5 9.48 50 0.000729561 1
6 9.48 33.3693 0.429885 -3.30462 0.179951
0 9.49 0.155498 -0.0800196 0.239602 -0.0308425 0.109245 1.51813 0.0478869 0.412044 -0.189259 -0.00434099 2.24343 -0.0619326
1 9.49 0.157413 -0.0635379 0.232032 -0.0315913 0.198863 1.51285 0.0345566 0.4708 -0.0531046 0.36282 -0.477348 -0.00818969
4 9.49 1.5 0 1.5 0 0 1.57075 0 0 0 0 0 0
5 9.49 50 0.000699997 1
6 9.49 32.5836 0.399453 -3.12163 0.171563
0 9.5 0.156419 -0.0764831 0.236636 -0.0316454 0.131287 1.51651 0.0206371 0.410531 -0.103388 0.116531 1.6405 -0.0584711
1 9.5 0.157244 -0.0600619 0.232501 -0.027567 0.1968 1.51206 0.00785711 0.479596 0.0212274 0.383312 -0.559231 -0.00404134
4 9.5 1.5 0 1.5 0 0 1.57075 0 0 0 0 0 0
5 9.5 50 0.000782967 1
6 9.5 31.9581 0.290656 -2.52323 0.173984
0 9.51 0.156879 -0.0732585 0.235038 -0.0317508 0.144711 1.51528 0.0034306 0.409079 -0.051979 0.162842 1.22599 -0.0578585
1 9.51 0.157017 -0.0568953 0.232959 -0.025801 0.193652 1.51137 -0.00878498 0.484166 0.0654255 0.39402 -0.609987 -0.00223336
4 9.51 1.5 0 1.5 0 0 1.57075 0 0 0 0 0 0
5 9.51 50 0.000915289 1
6 9.51 31.5713 0.252864 -2.10567 0.17781
0 9.53 0.157193 -0.0674162 0.235873 -0.0291796 0.15507 1.51349 -0.0117633 0.407848 -0.0118364 0.200526 -0.159219 -0.0513415
1 9.53 0.156722 -0.0511023 0.235399 -0.0214504 0.148645 1.5116 -0.0220954 0.487203 0.0987706 0.398117 -0.670101 0.00440981
4 9.53 1.5 0 1.5 0 0 1.57075 0 0 0 0 0 0
5 9.53 50 0.000779152 1
6 9.53 31.1966 0.221755 -0.585293 0.17795
0 9.54 0.15724 -0.0619565 0.236687 -0.0275504 0.150198 1.51305 -0.022489 0.405972 0.00445114 0.217143 -0.627795 -0.0529712
1 9.54 0.156341 -0.0457177 0.236865 -0.0190806 0.125038 1.51161 -0.0320752 0.482644 0.114179 0.400826 -0.662767 0.00410847
4 9.54 1.5 0 1.5 0 0 1.57075 0 0 0 0 0 0
5 9.54 50 0.00113225 1
6 9.54 31.1173 0.208245 -0.0391702 0.182072
0 9.55 0.157318 -0.0569899 0.238181 -0.0263329 0.145641 1.51281 -0.0300781 0.403984 0.00159 0.224033 -0.745329 -0.0525216
1 9.55 0.156114 -0.0408306 0.238244 -0.0175645 0.115783 1.51148 -0.0391722 0.478433 0.112306 0.401678 -0.65014 0.00461953
4 9.55 1.5 0 1.5 0 0 1.57075 0 0 0 0 0 0
5 9.55 50 0.000707626 1
6 9.55 31.1564 0.201971 0.110189 0.182233
0 9.56 0.157205 -0.0521717 0.239105 -0.0239398 0.135222 1.51247 -0.035172 0.402997 -0.0158322 0.227743 -0.958749 -0.0459181
1 9.56 0.155798 -0.0360518 0.238472 -0.014955 0.0968392 1.51155 -0.0433743 0.472507 0.0982918 0.399165 -0.620416 0.00885259
4 9.56 1.5 0 1.5 0 0 1.57075 0 0 0 0 0 0
5 9.56 50 0.000715017 1
6 9.56 31.3194 0.195407 0.389045 0.174607
0 9.58 0.157146 -0.0472935 0.240807 -0.0205408 0.109561 1.51239 -0.0390307 0.402684 -0.0434529 0.107569 -1.19595 -0.0212706
1 9.58 0.155585 -0.0311861 0.239069 -0.0162235 0.0617157 1.51253 -0.0463199 0.459626 0.0770478 0.386291 -0.540084 0.0233173
4 9.58 1.5 0 1.5 0 0 1.57075 0 0 0 0 0 0
5 9.58 50 0.000755072 1
6 9.58 31.6113 0.313945 0.752681 0.142201
0 9.59 0.156931 -0.0423551 0.241525 -0.0207142 0.0977206 1.51252 -0.0419817 0.403227 -0.0810221 -0.0582901 -1.14213 -0.00695756
1 9.59 0.155252 -0.026226 0.238284 -0.0229803 0.0520395 1.51319 -0.0497821 0.454508 0.0441594 0.374914 -0.500867 0.0315471
4 9.59 1.5 0 1.5 0 0 1.57075 0 0 0 0 0 0
5 9.59 50 0.00126529 1
6 9.59 31.8607 0.485365 0.735702 0.123002
0 9.6 0.156755 -0.0368164 0.242896 -0.0216962 0.0895104 1.51271 -0.0440698 0.405015 -0.120115 -0.167907 -1.07767 0.00196397
1 9.6 0.154992 -0.0206159 0.238091 -0.0283215 0.0464153 1.51373 -0.0526999 0.452425 0.00926418 0.368401 -0.474319 0.0365367
4 9.6 1.5 0 1.5 0 0 1.57075 0 0 0 0 0 0
5 9.6 50 0.000868559 1
6 9.6 32.095 0.599906 0.69227 0.110579
0 9.61 0.156468 -0.0313502 0.243135 -0.0242922 0.079451 1.51298 -0.0458717 0.406569 -0.167152 -0.325969 -0.945025 0.00608974
1 9.61 0.154633 -0.0150874 0.236449 -0.0372385 0.041667 1.51415 -0.0562657 0.449179 -0.0328129 0.36114 -0.44013 0.0386252
4 9.61 1.5 0 1.5 0 0 1.57075 0 0 0 0 0 0
5 9.61 50 0.00130892 1
6 9.61 32.3744 0.76834 0.579441 0.10422
0 9.62 0.156303 -0.0269945 0.243621 -0.0283585 0.070674 1.51337 -0.0469721 0.407584 -0.211254 -0.439325 -0.795901 0.0180388
1 9.62 0.154424 -0.0106912 0.235171 -0.0458165 0.0388712 1.515 -0.0598918 0.445985 -0.0725699 0.359648 -0.409566 0.0452826
4 9.62 1.5 0 1.5 0 0 1.57075 0 0 0 0 0 0
5 9.62 50 0.00113869 1
6 9.62 32.6234 0.892803 0.443908 0.0873733
0 9.63 0.155926 -0.0207876 0.242198 -0.0341453 0.062341 1.51392 -0.0461642 0.401413 -0.285094 -0.488308 -0.634958 0.0243391
1 9.63 0.154079 -0.0047311 0.230794 -0.0535627 0.0369907 1.51577 -0.0626413 0.435994 -0.139405 0.363791 -0.377719 0.0485526
4 9.63 1.5 0 1.5 0 0 1.57075 0 0 0 0 0 0
5 9.63 50 0.000992537 1
6 9.63 33.0413 0.952156 0.296122 0.0776539
0 9.65 0.155603 -0.0145769 0.24077 -0.0425458 0.0533395 1.51477 -0.0450468 0.398169 -0.350518 -0.459553 -0.426004 0.0256291
1 9.65 0.153801 0.00134985 0.226749 -0.0608346 0.0363584 1.51652 -0.0665734 0.428463 -0.19898 0.378798 -0.344179 0.0483916
4 9.65 1.5 0 1.5 0 0 1.57075 0 0 0 0 0 0
5 9.65 50 0.000854254 1
6 9.65 33.3939 0.937145 0.0948562 0.0728918
0 9.66 0.155147 -0.00765896 0.236894 -0.0466099 0.0497981 1.51526 -0.0427736 0.394657 -0.433798 -0.388296 -0.329715 0.0268576
1 9.66 0.153436 0.00812732 0.219542 -0.0620577 0.0366739 1.51695 -0.0669735 0.423542 -0.274484 0.387062 -0.330891 0.0486431
4 9.66 1.5 0 1.5 0 0 1.57075 0 0 0 0 0 0
5 9.66 50 0.000681162 1
6 9.66 33.8712 0.86683 -0.000484388 0.0696957
0 9.67 0.154892 -0.00269597 0.234593 -0.0501367 0.0466647 1.5157 -0.0408052 0.391246 -0.503788 -0.225443 -0.217076 0.034931
1 9.67 0.15326 0.0129539 0.214441 -0.059069 0.0380626 1.51754 -0.0673699 0.41882 -0.337939 0.401572 -0.31847 0.0528495
4 9.67 1.5 0 1.5 0 0 1.57075 0 0 0 0 0 0
5 9.67 50 0.000939369 1
6 9.67 34.2731 0.700951 -0.115679 0.0572605
0 9.68 0.154651 0.00126896 0.231464 -0.0513423 0.0449029 1.5161 -0.0392685 0.388337 -0.561851 -0.0838953 -0.165237 0.0241265
1 9.68 0.15308 0.0168025 0.20899 -0.0546396 0.0383517 1.5174 -0.0668505 0.415227 -0.390269 0.410811 -0.311389 0.0459947
4 9.68 1.5 0 1.5 0 0 1.57075 0 0 0 0 0 0
5 9.68 50 0.00084281 1
6 9.68 34.6244 0.553204 -0.167515 0.06983
0 9.7 0.154454 0.00649444 0.227621 -0.0390387 0.0555412 1.5174 -0.020366 0.364625 -0.529203 1.71959 1.44415 0.213936
1 9.7 0.15364 0.0210794 0.206453 0.0300951 0.113597 1.52371 -0.040884 0.39737 -0.353173 0.509237 -0.319965 0.159401
4 9.7 1.5 0 1.5 0 0 1.57075 0 0 0 0 0 0
5 9.7 50 0.000983 1
6 9.7 34.8967 -1.329 -2.05452 -0.171279
0 9.71 0.154359 0.0117474 0.223059 -0.016369 0.0750292 1.51917 -0.0135166 0.325678 -0.483151 1.06434 0.96018 0.0846988
1 9.71 0.153819 0.0247745 0.203733 0.0264121 0.113487 1.52194 -0.0205698 0.36846 -0.312015 0.418444 -0.378865 0.0831886
4 9.71 1.5 0 1.5 0 0 1.57075 0 0 0 0 0 0
5 9.71 50 0.00110841 1
6 9.71 34.6186 -0.716047 -1.54379 -0.00365983
0 9.72 0.154832 0.0162583 0.221692 -0.00909233 0.0817199 1.51944 -0.00944947 0.296343 -0.45484 0.50326 0.533024 0.0101911
1 9.72 0.154454 0.028112 0.203498 0.0110556 0.103044 1.51966 -0.0121946 0.342365 -0.287784 0.364363 -0.39626 0.0389281
4 9.72 1.5 0 1.5 0 0 1.57075 0 0 0 0 0 0
5 9.72 50 0.000891685 1
6 9.72 34.3828 -0.154969 -1.06661 0.0920476
0 9.73 0.155121 0.019588 0.219901 -0.00568603 0.0836507 1.51943 -0.00833806 0.277292 -0.442295 0.209749 0.203016 -0.0138369
1 9.73 0.154788 0.0306797 0.202209 0.00265366 0.091768 1.51883 -0.00911541 0.324166 -0.276862 0.337021 -0.399995 0.0248767
4 9.73 1.5 0 1.5 0 0 1.57075 0 0 0 0 0 0
5 9.73 50 0.00110531 1
6 9.73 34.2877 0.142176 -0.691607 0.123642
0 9.74 0.155993 0.0226864 0.220768 -0.00527279 0.0834764 1.51934 -0.00814871 0.260791 -0.438173 0.0696316 0.0295367 -0.0206746
1 9.74 0.155667 0.0331181 0.203241 -0.00255724 0.0846535 1.51851 -0.00869533 0.307499 -0.273407 0.326366 -0.395578 0.0210901
4 9.74 1.5 0 1.5 0 0 1.57075 0 0 0 0 0 0
5 9.74 50 0.000938416 1
6 9.74 34.2461 0.287212 -0.487624 0.133336
0 9.75 0.15666 0.0258272 0.220036 -0.00719524 0.079747 1.519 -0.00885495 0.246434 -0.447702 -0.328799 -0.46873 -0.0347829
1 9.75 0.156306 0.0356846 0.202128 -0.0204476 0.0609883 1.51774 -0.0105674 0.291139 -0.282563 0.301739 -0.383908 0.0130058
4 9.75 1.5 0 1.5 0 0 1.57075 0 0 0 0 0 0
5 9.75 50 0.000665188 1
6 9.75 34.259 0.706848 0.09637 0.152741
0 9.76 0.157692 0.0281889 0.221676 -0.0119382 0.0727557 1.51862 -0.00896696 0.236332 -0.462257 -0.521784 -0.735274 -0.0456612
1 9.76 0.157333 0.0376422 0.203186 -0.0329171 0.043325 1.51714 -0.0135222 0.277348 -0.295919 0.296784 -0.359581 0.00703281
4 9.76 1.5 0 1.5 0 0 1.57075 0 0 0 0 0 0
5 9.76 50 0.00118804 1
6 9.76 34.3159 0.918648 0.429064 0.168662
0 9.77 0.158483 0.0305871 0.221578 -0.018457 0.063234 1.51831 -0.00918795 0.227813 -0.486204 -0.656188 -0.936591 -0.0472019
1 9.77 0.158115 0.0396997 0.20213 -0.0447803 0.0257419 1.51711 -0.0176873 0.263833 -0.31755 0.299121 -0.326382 0.00673737
4 9.77 1.5 0 1.5 0 0 1.57075 0 0 0 0 0 0
5 9.77 50 0.00082016 1
6 9.77 34.4392 1.07252 0.697538 0.1729
0 9.79 0.159973 0.0336648 0.222889 -0.0346654 0.0390312 1.51817 -0.00932945 0.219166 -0.525018 -0.760604 -1.13483 -0.0324217
1 9.79 0.1596 0.0424315 0.201888 -0.0650787 -0.00637953 1.51844 -0.0277304 0.242206 -0.35303 0.322179 -0.242747 0.016786
4 9.79 1.5 0 1.5 0 0 1.57075 0 0 0 0 0 0
5 9.79 50 0.000913143 1
6 9.79 34.6159 1.21454 1.02146 0.158077
0 9.8 0.160736 0.0357714 0.22206 -0.042251 0.027592 1.51851 -0.00930147 0.214475 -0.554994 -0.746412 -1.11047 -0.0165635
1 9.8 0.160364 0.0443504 0.19986 -0.0720739 -0.0168152 1.51973 -0.0324249 0.231352 -0.380535 0.336814 -0.201598 0.0264996
4 9.8 1.5 0 1.5 0 0 1.57075 0 0 0 0 0 0
5 9.8 50 0.000785589 1
6 9.8 34.7643 1.21353 1.04175 0.138421
0 9.81 0.162391 0.0385265 0.223185 -0.0477734 0.0193412 1.5189 -0.0088465 0.21015 -0.591116 -0.732468 -1.07642 -0.012158
1 9.81 0.162037 0.0469325 0.19954 -0.0770417 -0.0236898 1.52047 -0.0354796 0.222568 -0.413835 0.346678 -0.171372 0.0292977
4 9.81 1.5 0 1.5 0 0 1.57075 0 0 0 0 0 0
5 9.81 50 0.000891924 1
6 9.81 34.9394 1.20853 1.03765 0.133244
0 9.82 0.163385 0.0406882 0.222194 -0.0530266 0.0116901 1.5192 -0.00864864 0.2074 -0.621829 -0.714851 -1.02592 -0.011294
1 9.82 0.163039 0.0489842 0.197321 -0.0816005 -0.029313 1.52092 -0.0386292 0.215645 -0.442152 0.356772 -0.143432 0.0300121
4 9.82 1.5 0 1.5 0 0 1.57075 0 0 0 0 0 0
5 9.82 50 0.00098443 1
6 9.82 35.0914 1.19999 1.01183 0.132703
0 9.83 0.164863 0.0430113 0.222957 -0.0607753 0.000576932 1.5198 -0.00719628 0.211217 -0.603701 -0.589909 -0.83624 0.00288799
1 9.83 0.164575 0.05146 0.198809 -0.0843704 -0.0328039 1.52194 -0.0417801 0.213311 -0.426742 0.380965 -0.105352 0.0378708
4 9.83 1.5 0 1.5 0 0 1.57075 0 0 0 0 0 0
5 9.83 50 0.000784636 1
6 9.83 34.9378 1.08612 0.838706 0.112243
0 9.84 0.165792 0.0450062 0.222102 -0.0619815 -0.00125429 1.52007 -0.00652684 0.21387 -0.600068 0.0704698 0.0931269 0.0246807
1 9.84 0.165531 0.0535609 0.198099 -0.0591636 0.00252479 1.52083 -0.0418577 0.214948 -0.423028 0.429614 -0.088642 0.0468496
4 9.84 1.5 0 1.5 0 0 1.57075 0 0 0 0 0 0
5 9.84 50 0.000675678 1
6 9.84 34.9454 0.402037 -0.208692 0.0707819
0 9.87 0.16741 0.0476779 0.221681 -0.0461596 0.0204291 1.51996 -0.00586379 0.215843 -0.615119 0.803959 1.0936 0.0498547
1 9.87 0.167176 0.0563116 0.197076 -0.0140017 0.0642184 1.51993 -0.0317928 0.228924 -0.432648 0.448695 -0.153704 0.0604567
4 9.87 1.5 0 1.5 0 0 1.57075 0 0 0 0 0 0
5 9.87 50 0.000943661 1
6 9.87 35.2558 -0.393047 -1.43438 0.034846
0 9.88 0.168369 0.0501314 0.218882 -0.0385327 0.0309056 1.52002 -0.00711242 0.215645 -0.638434 0.741768 1.01982 0.0498703
1 9.88 0.168085 0.0587572 0.193344 -0.00884898 0.071745 1.52045 -0.0284651 0.234618 -0.452977 0.428222 -0.19191 0.0608495
4 9.88 1.5 0 1.5 0 0 1.57075 0 0 0 0 0 0
5 9.88 50 0.000742912 1
6 9.88 35.437 -0.346668 -1.39331 0.0359109
0 9.88 0.169977 0.0524037 0.218755 -0.0325634 0.0395396 1.5202 -0.0101235 0.212632 -0.666213 0.573261 0.85532 0.0480497
1 9.88 0.169572 0.060909 0.192107 -0.00960103 0.0737968 1.521 -0.0278584 0.236519 -0.478241 0.403914 -0.223581 0.0599829
4 9.88 1.5 0 1.5 0 0 1.57075 0 0 0 0 0 0
5 9.88 50 0.00071311 1
6 9.88 35.5944 -0.186121 -1.24013 0.0386539
0 9.91 0.170922 0.0546126 0.215854 -0.0282812 0.0495541 1.52055 -0.0143983 0.208586 -0.696427 -0.0803594 0.199034 0.0177616
1 9.91 0.170346 0.0629561 0.187997 -0.0314715 0.0575324 1.52104 -0.0294067 0.238231 -0.507036 0.348806 -0.264735 0.0419736
4 9.91 1.5 0 1.5 0 0 1.57075 0 0 0 0 0 0
5 9.91 50 0.000758648 1
6 9.91 35.6928 0.480486 -0.531974 0.0772787
0 9.91 0.172263 0.0563248 0.215781 -0.0295734 0.0504259 1.52064 -0.0237669 0.20318 -0.666795 -0.161723 0.126029 0.00348355
1 9.91 0.171313 0.064452 0.189109 -0.0360428 0.0554689 1.52063 -0.0394216 0.233209 -0.480506 0.349126 -0.266438 0.0334627
4 9.91 1.5 0 1.5 0 0 1.57075 0 0 0 0 0 0
5 9.91 50 0.00112152 1
6 9.91 35.5054 0.571628 -0.45024 0.0956853
0 9.92 0.173047 0.0581778 0.213754 -0.027966 0.0546692 1.52046 -0.0267083 0.204229 -0.638735 0.443067 0.706042 -0.0176122
1 9.92 0.171979 0.066347 0.188205 -0.0103251 0.0828802 1.51896 -0.041277 0.236607 -0.453612 0.389983 -0.2756 0.0211501
4 9.92 1.5 0 1.5 0 0 1.57075 0 0 0 0 0 0
5 9.92 50 0.000916719 1
6 9.92 35.4401 -0.0604126 -1.12561 0.124104
0 9.94 0.174152 0.0595109 0.214023 -0.0211906 0.0640361 1.51997 -0.0384105 0.192628 -0.596339 0.559531 0.73562 -0.0222116
1 9.94 0.172616 0.0672161 0.190169 0.00109375 0.0934355 1.51846 -0.0487169 0.230014 -0.414637 0.389745 -0.303032 0.0198615
4 9.94 1.5 0 1.5 0 0 1.57075 0 0 0 0 0 0
5 9.94 50 0.00101542 1
6 9.94 35.2438 -0.191312 -1.19064 0.134786
0 9.96 0.1747 0.0609579 0.212561 -0.0193466 0.0675934 1.51949 -0.0474257 0.182473 -0.579562 -0.184831 -0.121714 -0.0465407
1 9.96 0.172803 0.0682568 0.189379 -0.0268595 0.0626897 1.51772 -0.0564986 0.221629 -0.401203 0.336828 -0.320791 0.00555236
4 9.96 1.5 0 1.5 0 0 1.57075 0 0 0 0 0 0
5 9.96 50 0.00110912 1
6 9.96 35.0455 0.584151 -0.229118 0.166333
0 9.97 0.175617 0.0620123 0.21268 -0.0218559 0.0653948 1.51896 -0.0561144 0.171004 -0.570758 -0.2595 -0.26828 -0.0585585
1 9.97 0.173372 0.0688524 0.189849 -0.0323739 0.054615 1.51685 -0.066645 0.208911 -0.393431 0.339165 -0.310084 -0.00100722
4 9.97 1.5 0 1.5 0 0 1.57075 0 0 0 0 0 0
5 9.97 50 0.000731945 1
6 9.97 34.9789 0.671136 -0.0492229 0.183812
0 9.98 0.175944 0.0629402 0.211405 -0.0242908 0.0617292 1.5184 -0.0607124 0.163751 -0.569567 -0.0366457 -0.163971 -0.0299059
1 9.98 0.173515 0.0694903 0.188622 -0.0258207 0.0551432 1.51736 -0.0727253 0.199667 -0.391856 0.360994 -0.293583 0.0164559
4 9.98 1.5 0 1.5 0 0 1.57075 0 0 0 0 0 0
5 9.98 50 0.00079751 1
6 9.98 34.9962 0.445323 -0.148797 0.148017
0 9.99 0.176629 0.0634457 0.212018 -0.0234006 0.0611006 1.51834 -0.0637861 0.15787 -0.569042 0.165134 -0.0287254 0.00102109
1 9.99 0.174078 0.0697604 0.189256 -0.0167911 0.0599528 1.51841 -0.0753174 0.193431 -0.390841 0.37435 -0.287753 0.0350785
4 9.99 1.5 0 1.5 0 0 1.57075 0 0 0 0 0 0
5 9.99 50 0.000714302 1
6 9.99 35.0243 0.23409 -0.297203 0.108723
0 10.01 0.17682 0.0645669 0.209751 -0.021044 0.0615074 1.51858 -0.0694065 0.158306 -0.579097 0.0451935 0.146942 0.0147066
1 10.01 0.174044 0.0708991 0.186588 -0.0192076 0.0673962 1.51905 -0.0796109 0.194106 -0.399628 0.362415 -0.287361 0.0429071
4 10.01 1.5 0 1.5 0 0 1.57075 0 0 0 0 0 0
5 10.01 50 0.000710726 1
6 10.01 35.1011 0.355118 -0.49834 0.0900377
0 10.02 0.17739 0.0646837 0.21083 -0.0215252 0.0635634 1.51885 -0.0741929 0.16274 -0.581145 -0.0850737 0.212791 0.0207789
1 10.02 0.174423 0.0711933 0.187585 -0.0248869 0.072091 1.5195 -0.0846169 0.19971 -0.402003 0.355283 -0.295396 0.0460097
4 10.02 1.5 0 1.5 0 0 1.57075 0 0 0 0 0 0
5 10.02 50 0.000729799 1
6 10.02 35.0859 0.49308 -0.582908 0.0805289
0 10.03 0.177495 0.0656278 0.209183 -0.0220577 0.0655483 1.51904 -0.0802738 0.167117 -0.599742 -0.0097823 0.0684322 0.00540932
1 10.03 0.174284 0.0723125 0.185193 -0.0224388 0.0682897 1.51919 -0.0909822 0.205345 -0.418986 0.36238 -0.306314 0.0368271
4 10.03 1.5 0 1.5 0 0 1.57075 0 0 0 0 0 0
5 10.03 50 0.000778913 1
6 10.03 35.1899 0.416446 -0.42995 0.1003
0 10.04 0.177898 0.06572 0.210078 -0.0220326 0.065449 1.51913 -0.0842339 0.173922 -0.606934 0.0057734 -0.049859 0.000177692
1 10.04 0.174529 0.0726769 0.1858 -0.0217984 0.0634553 1.51918 -0.0949437 0.212126 -0.425665 0.364238 -0.310227 0.0336207
4 10.04 1.5 0 1.5 0 0 1.57075 0 0 0 0 0 0
5 10.04 50 0.000741005 1
6 10.04 35.2212 0.401088 -0.298726 0.106767
0 10.05 0.17792 0.0662511 0.209116 -0.0220894 0.0650613 1.51912 -0.0862355 0.180752 -0.612359 -0.00633151 -0.0210921 -0.00254074
1 10.05 0.174471 0.0734812 0.184621 -0.0223481 0.0642156 1.51904 -0.0969993 0.218772 -0.430533 0.363894 -0.311455 0.0318039
4 10.05 1.5 0 1.5 0 0 1.57075 0 0 0 0 0 0
5 10.05 50 0.0010469 1
6 10.05 35.2545 0.414252 -0.333142 0.109645
0 10.06 0.178228 0.0660953 0.210277 -0.0221839 0.0650799 1.51912 -0.0875486 0.18484 -0.61375 -0.00146218 0.0153072 -0.00161631
1 10.06 0.174726 0.0734889 0.185727 -0.0222475 0.0656906 1.51904 -0.0983663 0.222874 -0.43191 0.36475 -0.312704 0.0322319
4 10.06 1.5 0 1.5 0 0 1.57075 0 0 0 0 0 0
5 10.06 50 0.000759602 1
6 10.06 35.2555 0.409756 -0.376335 0.10806
0 10.08 0.178215 0.0665489 0.209445 -0.0222101 0.0653251 1.51911 -0.0887519 0.189841 -0.614483 -6.55473e-05 0.0100688 -0.00287227
1 10.08 0.174665 0.0741426 0.184866 -0.0222208 0.0657252 1.51899 -0.099579 0.228023 -0.432564 0.365145 -0.315755 0.0313757
4 10.08 1.5 0 1.5 0 0 1.57075 0 0 0 0 0 0
5 10.08 50 0.000791311 1
6 10.08 35.2609 0.408634 -0.373825 0.109337
0 10.09 0.178455 0.0663497 0.210539 -0.0222288 0.0653827 1.51909 -0.0889511 0.193732 -0.612319 -0.000298609 0.00961749 -0.00452899
1 10.09 0.174897 0.074099 0.186046 -0.0222531 0.0657633 1.5189 -0.0997802 0.231926 -0.430725 0.36534 -0.317467 0.0303238
4 10.09 1.5 0 1.5 0 0 1.57075 0 0 0 0 0 0
5 10.09 50 0.000677347 1
6 10.09 35.2411 0.409113 -0.375271 0.111268
0 10.1 0.178375 0.0668349 0.209556 -0.0222476 0.0654304 1.51901 -0.0889675 0.198127 -0.610151 -0.000430427 0.00495989 -0.00554416
1 10.1 0.174817 0.07476 0.18515 -0.0222796 0.0656238 1.51878 -0.0998001 0.236339 -0.428711 0.365508 -0.3196 0.0296762
4 10.1 1.5 0 1.5 0 0 1.57075 0 0 0 0 0 0
5 10.1 50 0.000778437 1
6 10.1 35.2318 0.409448 -0.372375 0.112441
0 10.11 0.178546 0.0667211 0.210336 -0.0222843 0.0654184 1.51892 -0.0884949 0.202383 -0.605035 -0.00252556 -0.00111068 -0.0045492
1 10.11 0.175006 0.0748164 0.186135 -0.0223971 0.0653699 1.51874 -0.0993347 0.240552 -0.424169 0.365514 -0.321289 0.0302434
4 10.11 1.5 0 1.5 0 0 1.57075 0 0 0 0 0 0
5 10.11 50 0.00100946 1
6 10.11 35.1965 0.411803 -0.367349 0.111075
0 10.13 0.178259 0.0676593 0.20811 -0.0223026 0.06544 1.5188 -0.0881438 0.207443 -0.600725 0.000176555 0.00727162 -0.00169485
1 10.13 0.174734 0.0759571 0.184081 -0.0223004 0.0657293 1.51872 -0.0989843 0.245611 -0.420095 0.36592 -0.323592 0.0319013
4 10.13 1.5 0 1.5 0 0 1.57075 0 0 0 0 0 0
5 10.13 50 0.000746727 1
6 10.13 35.1821 0.409233 -0.379607 0.107256
0 10.14 0.178444 0.0674174 0.209188 -0.0223098 0.0655031 1.5188 -0.0875028 0.212025 -0.593497 -0.000878875 0.00771734 0.00180478
1 10.14 0.174944 0.0758984 0.185448 -0.0223407 0.0658134 1.51887 -0.0983307 0.250176 -0.413659 0.366011 -0.325584 0.0338851
4 10.14 1.5 0 1.5 0 0 1.57075 0 0 0 0 0 0
5 10.14 50 0.00103855 1
6 10.14 35.1336 0.410517 -0.382404 0.102416
0 10.16 0.178152 0.0683429 0.207129 -0.0223053 0.0655895 1.51892 -0.0873055 0.217391 -0.587927 -0.00386442 0.00679168 -0.00131055
1 10.16 0.174659 0.0770385 0.183612 -0.0224637 0.0658599 1.51886 -0.0981256 0.255565 -0.408477 0.366042 -0.328328 0.0318108
4 10.16 1.5 0 1.5 0 0 1.57075 0 0 0 0 0 0
5 10.16 50 0.000793457 1
6 10.16 35.11 0.41389 -0.384491 0.10574
0 10.17 0.178372 0.0679218 0.208615 -0.0223296 0.0655785 1.51888 -0.0872846 0.221507 -0.579017 -0.0022894 -0.000107975 -0.00380662
1 10.17 0.17488 0.0767821 0.185454 -0.0224311 0.0655708 1.51872 -0.0980987 0.259611 -0.400544 0.366585 -0.329852 0.030273
4 10.17 1.5 0 1.5 0 0 1.57075 0 0 0 0 0 0
5 10.17 50 0.000882149 1
6 10.17 35.05 0.412737 -0.378324 0.108799
0 10.18 0.178198 0.0684892 0.207537 -0.02232 0.0655517 1.51893 -0.0871619 0.225596 -0.573556 -4.63602e-05 0.00380118 0.00349856
1 10.18 0.174711 0.077513 0.184595 -0.0223129 0.0657069 1.51906 -0.0979651 0.263655 -0.395511 0.367001 -0.331565 0.0344871
4 10.18 1.5 0 1.5 0 0 1.57075 0 0 0 0 0 0
5 10.18 50 0.00079298 1
6 10.18 35.0237 0.410693 -0.384773 0.0989308
0 10.2 0.17844 0.0679438 0.209167 -0.0223301 0.0654816 1.51903 -0.0868183 0.228366 -0.565968 -0.00017644 -0.00578076 -0.000892459
1 10.2 0.174967 0.0770784 0.186529 -0.0223392 0.0652496 1.519 -0.0976169 0.266327 -0.388779 0.367236 -0.332363 0.0317482
4 10.2 1.5 0 1.5 0 0 1.57075 0 0 0 0 0 0
5 10.2 50 0.000665903 1
6 10.2 34.971 0.411101 -0.374695 0.104205
0 10.21 0.178382 0.0681817 0.208849 -0.0223219 0.0654057 1.51908 -0.086529 0.231094 -0.561177 -0.000999243 -0.00607592 0.00121983
1 10.21 0.17492 0.0774255 0.186402 -0.0223583 0.0651638 1.51913 -0.0973189 0.268982 -0.384414 0.367353 -0.33329 0.0329052
4 10.21 1.5 0 1.5 0 0 1.57075 0 0 0 0 0 0
5 10.21 50 0.000731707 1
6 10.21 34.9447 0.412151 -0.37542 0.101156
0 10.22 0.178598 0.0676644 0.210272 -0.0223418 0.0653047 1.51907 -0.0858678 0.233204 -0.554906 -0.00252496 -0.00138802 0.000477344
1 10.22 0.175163 0.0769926 0.188076 -0.0224414 0.0652496 1.51909 -0.0966581 0.270988 -0.378847 0.36732 -0.33354 0.0324218
4 10.22 1.5 0 1.5 0 0 1.57075 0 0 0 0 0 0
5 10.22 50 0.00109363 1
6 10.22 34.9012 0.413823 -0.381085 0.101983
0 10.23 0.178612 0.0678147 0.210397 -0.0222026 0.0652255 1.51907 -0.0829345 0.233838 -0.533141 0.00974309 0.000474378 0.000225116
1 10.23 0.175294 0.0771682 0.189071 -0.0218124 0.0652446 1.51908 -0.0936108 0.271442 -0.359054 0.368188 -0.333519 0.0322579
4 10.23 1.5 0 1.5 0 0 1.57075 0 0 0 0 0 0
5 10.23 50 0.00105 1
6 10.23 34.7799 0.401067 -0.383198 0.102265
0 10.24 0.178785 0.0674618 0.211546 -0.0220833 0.0651671 1.51911 -0.0798712 0.235039 -0.511772 0.0030546 0.00341839 0.00311219
1 10.24 0.17559 0.0768634 0.191076 -0.0219532 0.0653066 1.51923 -0.0904445 0.27247 -0.339743 0.367556 -0.333601 0.0339183
4 10.24 1.5 0 1.5 0 0 1.57075 0 0 0 0 0 0
5 10.24 50 0.000814676 1
6 10.24 34.6533 0.407844 -0.386671 0.0983485
0 10.25 0.178636 0.0681286 0.210643 -0.0220313 0.0651495 1.51914 -0.0775715 0.237356 -0.495245 -0.00271705 0.00668724 8.37885e-05
1 10.25 0.175534 0.0776229 0.190833 -0.0221401 0.065417 1.51914 -0.0880899 0.274678 -0.324677 0.367184 -0.334575 0.0320214
4 10.25 1.5 0 1.5 0 0 1.57075 0 0 0 0 0 0
5 10.25 50 0.00102615 1
6 10.25 34.5635 0.413885 -0.391538 0.101961
0 10.26 0.178813 0.067683 0.211795 -0.0220046 0.0651997 1.51913 -0.0758043 0.238965 -0.481942 -0.000528409 0.0106208 -0.00360234
1 10.26 0.175781 0.0772416 0.192517 -0.0220358 0.0656213 1.51898 -0.086281 0.276227 -0.312702 0.367404 -0.335181 0.0298009
4 10.26 1.5 0 1.5 0 0 1.57075 0 0 0 0 0 0
5 10.26 50 0.000779629 1
6 10.26 34.4821 0.411679 -0.396746 0.10664
0 10.27 0.178757 0.0679831 0.211472 -0.0219458 0.0652234 1.51907 -0.0748092 0.241077 -0.473152 0.00114994 0.00663453 -0.00639068
1 10.27 0.175764 0.0776261 0.192546 -0.0219169 0.0654831 1.51881 -0.0852353 0.278298 -0.304702 0.367529 -0.336217 0.0281357
4 10.27 1.5 0 1.5 0 0 1.57075 0 0 0 0 0 0
5 10.27 50 0.000888109 1
6 10.27 34.4335 0.409941 -0.39336 0.110226
0 10.29 0.178891 0.0676441 0.212357 -0.0219599 0.0651315 1.51907 -0.0734402 0.243261 -0.462688 -0.00727577 0.0010292 -0.000423121
1 10.29 0.175953 0.0773746 0.193849 -0.0222521 0.0651723 1.51905 -0.0838569 0.280361 -0.295298 0.367035 -0.336756 0.0316456
4 10.29 1.5 0 1.5 0 0 1.57075 0 0 0 0 0 0
5 10.29 50 0.000754356 1
6 10.29 34.3683 0.418819 -0.387549 0.102379
0 10.3 0.178748 0.0682584 0.211496 -0.0219984 0.0650984 1.51905 -0.0724617 0.246505 -0.455435 -0.00271721 0.00130231 -0.00124811
1 10.3 0.175849 0.0781186 0.193278 -0.0221104 0.0651494 1.519 -0.0828888 0.283547 -0.288656 0.367551 -0.338144 0.0310834
4 10.3 1.5 0 1.5 0 0 1.57075 0 0 0 0 0 0
5 10.3 50 0.000917196 1
6 10.3 34.3307 0.414296 -0.389454 0.103218
0 10.31 0.178914 0.0677595 0.212546 -0.022022 0.0649966 1.5191 -0.0713667 0.248445 -0.448605 -0.00485223 -0.00339334 0.00424532
1 10.31 0.176059 0.0776973 0.194601 -0.0222048 0.0648646 1.51927 -0.0817981 0.285382 -0.282554 0.367434 -0.338527 0.0342828
4 10.31 1.5 0 1.5 0 0 1.57075 0 0 0 0 0 0
5 10.31 50 0.000960827 1
6 10.31 34.2858 0.416553 -0.384505 0.0958946
0 10.32 0.178855 0.0680886 0.212184 -0.0220294 0.0649667 1.51912 -0.0706203 0.251447 -0.44241 -0.00298526 0.0030882 0.00206704
1 10.32 0.17603 0.0781465 0.194488 -0.0221436 0.065092 1.5192 -0.081047 0.28833 -0.276912 0.367693 -0.339654 0.0328915
4 10.32 1.5 0 1.5 0 0 1.57075 0 0 0 0 0 0
5 10.32 50 0.000864267 1
6 10.32 34.2518 0.414756 -0.393235 0.098407
0 10.33 0.178988 0.0676853 0.213047 -0.0220356 0.0649473 1.51914 -0.0699111 0.253874 -0.435523 -0.00403349 0.00236176 0.00023866
1 10.33 0.176192 0.0778403 0.195626 -0.0221965 0.065042 1.51915 -0.0803294 0.290699 -0.270748 0.367761 -0.340465 0.031731
4 10.33 1.5 0 1.5 0 0 1.57075 0 0 0 0 0 0
5 10.33 50 0.000790119 1
6 10.33 34.2074 0.416003 -0.393333 0.100539
0 10.34 0.178869 0.0682407 0.212346 -0.0220357 0.0649322 1.51917 -0.0692531 0.257231 -0.429862 0.000127135 0.00430854 -0.00249821
1 10.34 0.176099 0.07853 0.195151 -0.0220374 0.0651023 1.51906 -0.0796638 0.294016 -0.265564 0.368143 -0.34191 0.0299985
4 10.34 1.5 0 1.5 0 0 1.57075 0 0 0 0 0 0
5 10.34 50 0.000696421 1
6 10.34 34.1781 0.411775 -0.397225 0.103746
0 10.36 0.178957 0.0680235 0.212915 -0.0219685 0.0649491 1.51923 -0.0682615 0.260417 -0.42278 -0.000192236 0.00191754 -0.00128913
1 10.36 0.176226 0.0784402 0.196004 -0.0219797 0.0650246 1.51917 -0.0786231 0.297162 -0.259197 0.368069 -0.343269 0.0306089
4 10.36 1.5 0 1.5 0 0 1.57075 0 0 0 0 0 0
5 10.36 50 0.00095892 1
6 10.36 34.1342 0.41205 -0.39604 0.101835
0 10.37 0.17878 0.0688391 0.211834 -0.0219793 0.0649317 1.51923 -0.0674958 0.264196 -0.418038 -0.00236673 0.00160436 -0.00261894
1 10.37 0.17608 0.0794069 0.195113 -0.0220808 0.0649935 1.51913 -0.0778571 0.300906 -0.25483 0.367996 -0.345004 0.029716
4 10.37 1.5 0 1.5 0 0 1.57075 0 0 0 0 0 0
5 10.37 50 0.000758886 1
6 10.37 34.1111 0.414402 -0.397672 0.103229
0 10.38 0.178934 0.0683278 0.212786 -0.0219769 0.0649071 1.51919 -0.0664914 0.266635 -0.411913 0.000646057 0.00400711 -0.00304782
1 10.38 0.176274 0.0789932 0.19631 -0.0219592 0.0650647 1.51906 -0.0768384 0.303289 -0.249355 0.368222 -0.345748 0.0294398
4 10.38 1.5 0 1.5 0 0 1.57075 0 0 0 0 0 0
5 10.38 50 0.000662565 1
6 10.38 34.0711 0.411283 -0.401282 0.103717
0 10.39 0.17882 0.0689395 0.212064 -0.0219389 0.064923 1.51918 -0.0653599 0.270179 -0.407515 0.00168537 0.00777602 -0.00309743
1 10.39 0.176206 0.0797466 0.195764 -0.02188 0.0652313 1.51905 -0.0756784 0.306817 -0.245318 0.368072 -0.347377 0.0293246
4 10.39 1.5 0 1.5 0 0 1.57075 0 0 0 0 0 0
5 10.39 50 0.00114727 1
6 10.39 34.049 0.40995 -0.407474 0.103507
0 10.4 0.178985 0.0683347 0.213073 -0.0219239 0.0649465 1.51915 -0.0645642 0.272083 -0.402885 -0.000439582 0.00717443 -0.000378845
1 10.4 0.176402 0.079218 0.196958 -0.0219429 0.0652331 1.51913 -0.0748628 0.308699 -0.241214 0.367863 -0.348083 0.0309311
4 10.4 1.5 0 1.5 0 0 1.57075 0 0 0 0 0 0
5 10.4 50 0.00111318 1
6 10.4 34.0167 0.412097 -0.407595 0.099957
