2 4.07 0.112768
2 4.09 0.114448
2 4.1 0.11035
2 4.11 0.108724
2 4.12 0.104054
2 4.15 0.0928441
2 4.16 0.0758113
2 4.18 0.0532371
2 4.19 0.05
2 4.2 0.05
2 4.21 0.05
2 4.23 0.05
2 4.24 0.05
2 4.25 0.05
2 4.26 0.05
2 4.28 0.05
2 4.29 0.05
2 4.29 0.05
2 4.32 0.05
2 4.33 0.05
2 4.33 0.05
2 4.36 0.05
2 4.37 0.05
2 4.38 0.05
2 4.39 0.05
2 4.41 0.05
2 4.42 0.05
2 4.43 0.05
2 4.45 0.05
2 4.46 0.05
2 4.47 0.05
2 4.48 0.05
2 4.49 0.05
2 4.5 0.05
2 4.51 0.05
2 4.53 0.05
2 4.54 0.05
2 4.55 0.05
2 4.56 0.05
2 4.58 0.05
2 4.59 0.05
2 4.61 0.05
2 4.62 0.05
2 4.63 0.05
2 4.64 0.05
2 4.65 0.05
2 4.67 0.05
2 4.68 0.05
2 4.69 0.05
2 4.71 0.05
2 4.72 0.05
2 4.73 0.05
2 4.74 0.05
2 4.76 0.05
2 4.77 0.05
2 4.78 0.05
2 4.79 0.05
2 4.81 0.05
