3 7.42 -10 0 0 0 0 0 0 0 0 0 0 0 0
0 7.42 0.0364367 -0.364163 1.93454 -0.0204544 0.0375965 1.51372 -0.0133958 0.158618 0.0874335 0.00299498 0.0171775 -0.00185383
1 7.42 0.0359009 -0.357818 1.93804 -0.0203379 0.038282 1.51363 -0.0198129 0.172202 0.0458393 0.721841 -0.00109302 0.0636106
4 7.42 1.5 0 1.5 0 0 1.57075 0 0 0 0 0 0
5 7.42 47 0.000480652 0
6 7.42 21.5065 0.804319 -0.0209617 0.208995
0 7.44 0.0364008 -0.364292 1.93446 -0.0203936 0.0377598 1.51355 -0.0130996 0.158839 0.0873974 0.00522814 0.0124065 -0.00535159
1 7.44 0.0358768 -0.357938 1.93795 -0.020193 0.0382516 1.51333 -0.0194903 0.172481 0.0458199 0.721679 -0.00195773 0.0613944
4 7.44 1.5 0 1.5 0 0 1.57075 0 0 0 0 0 0
5 7.44 47 0.000420332 0
6 7.44 21.5077 0.801637 -0.0164781 0.213087
0 7.44 0.0363369 -0.36382 1.9347 -0.0203552 0.0378195 1.5135 -0.0120118 0.159406 0.0864563 0.00702149 0.00881222 -0.00132399
1 7.44 0.0358564 -0.357444 1.93815 -0.0200767 0.0381708 1.51344 -0.0183883 0.173071 0.044947 0.721052 -0.00293333 0.0640622
4 7.44 1.5 0 1.5 0 0 1.57075 0 0 0 0 0 0
5 7.44 47 0.000510216 0
6 7.44 21.5119 0.798934 -0.0134752 0.208745
0 7.46 0.0363238 -0.36397 1.93457 -0.0198816 0.0375849 1.51363 -0.010563 0.159042 0.0831643 0.0607452 -0.0376128 0.00683483
1 7.46 0.0359013 -0.357608 1.9379 -0.0174404 0.0360861 1.51393 -0.0168175 0.172697 0.0437851 0.726089 -0.00460124 0.0642712
4 7.46 1.5 0 1.5 0 0 1.57075 0 0 0 0 0 0
5 7.46 47 0.000595093 0
6 7.46 21.6421 0.744438 0.0378405 0.183363
0 7.48 0.0362933 -0.363516 1.93472 -0.0175557 0.0356437 1.51374 -0.00897417 0.15847 0.0757165 0.180394 -0.159866 0.00678807
1 7.48 0.0359344 -0.357177 1.93775 -0.0103263 0.0292548 1.51412 -0.0144749 0.171454 0.0380495 0.728858 -0.0104376 0.0615523
4 7.48 1.5 0 1.5 0 0 1.57075 0 0 0 0 0 0
5 7.48 47 0.000416994 0
6 7.48 21.6421 0.744438 0.0378405 0.183363
0 7.49 0.0363002 -0.363749 1.93446 -0.0150667 0.0334486 1.51386 -0.00730846 0.157277 0.06482 0.278439 -0.239414 0.0140867
1 7.49 0.0360079 -0.357458 1.93705 -0.00390543 0.0238816 1.51457 -0.0119887 0.169475 0.028395 0.727409 -0.0119316 0.0661416
4 7.49 1.5 0 1.5 0 0 1.57075 0 0 0 0 0 0
5 7.49 47 0.000457287 0
6 7.49 21.6421 0.744438 0.0378405 0.183363
0 7.5 0.0363082 -0.363275 1.93425 -0.0102578 0.0296835 1.51427 -0.00417175 0.155813 0.0405434 0.457708 -0.334755 0.0323176
1 7.5 0.0361413 -0.357043 1.93587 0.00809298 0.0163072 1.5157 -0.0072445 0.166651 0.00674157 0.723514 -0.0114837 0.0776318
4 7.5 1.5 0 1.5 0 0 1.57075 0 0 0 0 0 0
5 7.5 47 0.000651121 0
6 7.5 21.6421 0.744438 0.0378405 0.183363
0 7.51 0.0363541 -0.363596 1.9337 -0.00630711 0.0269898 1.5146 -0.00121375 0.150038 0.0170122 0.542779 -0.363377 0.0392764
1 7.51 0.0363056 -0.357594 1.93438 0.015449 0.0124649 1.51627 -0.00294088 0.159898 -0.0143137 0.715028 -0.00470754 0.0818372
4 7.51 1.5 0 1.5 0 0 1.57075 0 0 0 0 0 0
5 7.51 47 0.000438452 0
6 7.51 21.6421 0.744438 0.0378405 0.183363
0 7.52 0.0364641 -0.363247 1.93264 0.00639744 0.0194852 1.51557 0.00426098 0.14342 -0.0301392 0.697344 -0.352556 0.056813
1 7.52 0.0366345 -0.35751 1.93144 0.0343337 0.00536871 1.51775 0.00696984 0.150353 -0.059649 0.676254 0.0146049 0.107189
4 7.52 1.5 0 1.5 0 0 1.57075 0 0 0 0 0 0
5 7.52 47 0.00967097 20
6 7.52 22.2317 -0.0252367 0.417966 0.160547
0 7.53 0.0366312 -0.363485 1.93071 0.013881 0.0161576 1.51621 0.00884931 0.139024 -0.0812271 0.763695 -0.311504 0.0668452
1 7.53 0.0369852 -0.357924 1.92746 0.0444693 0.00366151 1.51871 0.0142822 0.14469 -0.105162 0.653527 0.0281622 0.114208
4 7.53 1.5 0 1.5 0 0 1.57075 0 0 0 0 0 0
5 7.53 47 0.00840068 20
6 7.53 22.5736 -0.124972 0.385472 0.150936
0 7.55 0.0368094 -0.363178 1.92867 0.023873 0.0128655 1.51701 0.0125826 0.136392 -0.133057 0.814513 -0.209147 0.0747319
1 7.55 0.0373127 -0.357722 1.92335 0.0564894 0.00443062 1.5198 0.0217658 0.14072 -0.151193 0.624162 0.0459796 0.120179
4 7.55 1.5 0 1.5 0 0 1.57075 0 0 0 0 0 0
5 7.55 47 0.00801063 20
6 7.55 22.9322 -0.214264 0.287664 0.144898
0 7.56 0.0369843 -0.363459 1.92621 0.0347943 0.0109874 1.51806 0.0165621 0.13387 -0.193011 0.825596 -0.102307 0.0848545
1 7.56 0.0376468 -0.358104 1.91849 0.0678539 0.00677949 1.52131 0.0300187 0.137349 -0.204649 0.588554 0.0606894 0.128091
4 7.56 1.5 0 1.5 0 0 1.57075 0 0 0 0 0 0
5 7.56 47 0.00991058 20
6 7.56 23.3372 -0.265938 0.181198 0.137936
0 7.57 0.0372478 -0.363094 1.92252 0.0463606 0.0105775 1.51944 0.0206175 0.131762 -0.269578 0.801311 0.0202952 0.0932334
1 7.57 0.0380725 -0.357823 1.91174 0.0784529 0.0112156 1.52321 0.038841 0.134943 -0.273238 0.54669 0.0723215 0.135391
4 7.57 1.5 0 1.5 0 0 1.57075 0 0 0 0 0 0
5 7.57 47 0.00725508 20
6 7.57 23.8373 -0.284743 0.0534944 0.134607
0 7.58 0.0375025 -0.363389 1.9181 0.0559892 0.0118037 1.52072 0.0233699 0.129351 -0.341356 0.744536 0.141923 0.101622
1 7.58 0.0384373 -0.358215 1.90444 0.0858223 0.0172443 1.52509 0.0457762 0.132909 -0.33769 0.50853 0.0802367 0.143679
4 7.58 1.5 0 1.5 0 0 1.57075 0 0 0 0 0 0
5 7.58 47 0.0100415 20
6 7.58 24.2988 -0.26289 -0.07705 0.134386
0 7.6 0.0378643 -0.363044 1.91176 0.0700033 0.0159727 1.52306 0.0269419 0.126708 -0.431614 0.671417 0.24594 0.10376
1 7.6 0.0389419 -0.357975 1.8945 0.0969371 0.0254959 1.52789 0.0556408 0.131819 -0.418715 0.455839 0.0786906 0.148616
4 7.6 1.5 0 1.5 0 0 1.57075 0 0 0 0 0 0
5 7.6 47 0.00725365 20
6 7.6 24.8887 -0.239124 -0.197667 0.143393
0 7.62 0.0382735 -0.363281 1.90346 0.0766075 0.0185881 1.52437 0.0312276 0.123427 -0.523676 0.642903 0.274098 0.113295
1 7.62 0.0395226 -0.358344 1.88251 0.102423 0.029173 1.52972 0.0633666 0.129647 -0.501653 0.424044 0.0745697 0.15713
4 7.62 1.5 0 1.5 0 0 1.57075 0 0 0 0 0 0
5 7.62 47 0.00824356 20
6 7.62 25.4625 -0.242343 -0.234964 0.140143
0 7.64 0.0386683 -0.363015 1.89581 0.0887255 0.0241199 1.52729 0.0349403 0.121061 -0.600842 0.602244 0.301001 0.135165
1 7.64 0.0400659 -0.358172 1.87177 0.112971 0.0356335 1.53374 0.0729208 0.129604 -0.571002 0.380187 0.0626948 0.174353
4 7.64 1.5 0 1.5 0 0 1.57075 0 0 0 0 0 0
5 7.64 47 0.00741363 20
6 7.64 25.9719 -0.245133 -0.280166 0.125315
0 7.65 0.038923 -0.363325 1.8901 0.0947679 0.0269278 1.52895 0.0384027 0.118914 -0.664273 0.60342 0.296605 0.145215
1 7.65 0.0404591 -0.358569 1.86353 0.119091 0.0381891 1.53586 0.0795916 0.12874 -0.628205 0.356337 0.0551315 0.182483
4 7.65 1.5 0 1.5 0 0 1.57075 0 0 0 0 0 0
5 7.65 47 0.0101352 20
6 7.65 26.3715 -0.27294 -0.284316 0.11918
0 7.66 0.0393143 -0.363213 1.88222 0.0993037 0.0289835 1.53029 0.0429333 0.116742 -0.739936 0.60095 0.288906 0.152509
1 7.66 0.0410316 -0.358544 1.85263 0.123551 0.039878 1.5375 0.0868535 0.127609 -0.696471 0.334161 0.0487927 0.188483
4 7.66 1.5 0 1.5 0 0 1.57075 0 0 0 0 0 0
5 7.66 47 0.01034 20
6 7.66 26.8402 -0.294908 -0.283089 0.115047
0 7.67 0.0398355 -0.363421 1.87082 0.105297 0.0316486 1.53223 0.0481979 0.114331 -0.820347 0.592897 0.283527 0.158205
1 7.67 0.0417634 -0.358848 1.83801 0.12925 0.0422617 1.53971 0.0957423 0.126589 -0.767922 0.329533 0.0457353 0.194724
4 7.67 1.5 0 1.5 0 0 1.57075 0 0 0 0 0 0
5 7.67 46 0.0076766 20
6 7.67 27.411 -0.29101 -0.280603 0.116778
0 7.68 0.0404329 -0.363194 1.859 0.112611 0.0349153 1.53467 0.0538273 0.112327 -0.899488 0.58111 0.284487 0.168974
1 7.68 0.042586 -0.358701 1.82302 0.136134 0.0454632 1.54267 0.105616 0.126286 -0.83898 0.298748 0.0366137 0.203514
4 7.68 1.5 0 1.5 0 0 1.57075 0 0 0 0 0 0
5 7.68 46 0.00776529 20
6 7.68 27.9345 -0.312004 -0.292535 0.110455
0 7.69 0.0408247 -0.363432 1.85041 0.118631 0.0375871 1.53677 0.0587461 0.110453 -0.963187 0.572604 0.278773 0.174598
1 7.69 0.0431746 -0.359014 1.81188 0.141846 0.0478331 1.54503 0.114081 0.12585 -0.896322 0.27391 0.0288253 0.208632
4 7.69 1.5 0 1.5 0 0 1.57075 0 0 0 0 0 0
5 7.69 46 0.0103707 20
6 7.69 28.3491 -0.33023 -0.295063 0.108833
0 7.7 0.0414385 -0.363385 1.83884 0.128318 0.0419465 1.54051 0.0656731 0.104046 -1.04234 0.543552 0.286919 0.190166
1 7.7 0.0440654 -0.359223 1.79715 0.150439 0.0523555 1.54953 0.126554 0.121814 -0.967694 0.236125 0.0194107 0.222052
4 7.7 1.5 0 1.5 0 0 1.57075 0 0 0 0 0 0
5 7.7 46 0.00793362 20
6 7.7 28.8692 -0.339519 -0.315492 0.101974
0 7.72 0.0420723 -0.363593 1.82563 0.135015 0.0450978 1.54329 0.0713457 0.0996231 -1.10852 0.523074 0.291517 0.194751
1 7.72 0.0449261 -0.359608 1.78129 0.156357 0.0556038 1.55259 0.135828 0.119072 -1.03083 0.210893 0.0178429 0.162924
4 7.72 1.5 0 1.5 0 0 1.57075 0 0 0 0 0 0
5 7.72 46 0.00059247 0
6 7.72 28.8692 -0.339519 -0.315492 0.101974
0 7.73 0.0427808 -0.363545 1.81227 0.139109 0.047113 1.54518 0.0772846 0.0962532 -1.17407 0.504839 0.291667 0.20161
1 7.73 0.0458722 -0.359695 1.76531 0.159755 0.0575487 1.5548 0.145536 0.117281 -1.08355 0.185815 0.00386295 0.278895
4 7.73 1.5 0 1.5 0 0 1.57075 0 0 0 0 0 0
5 7.73 46 0.000782251 1
6 7.73 29.9007 -0.352148 -0.338646 0.246899
0 7.74 0.043859 -0.363612 1.79164 0.143949 0.0495497 1.54752 0.0863535 0.0921713 -1.26881 0.490798 0.29375 0.211432
1 7.74 0.0473132 -0.359925 1.74089 0.164079 0.059965 1.55759 0.160895 0.115719 -1.15151 0.152382 -0.0206451 0.549596
4 7.74 1.5 0 1.5 0 0 1.57075 0 0 0 0 0 0
5 7.74 46 0.000910044 1
6 7.74 31.5844 -0.373575 -0.36932 1.07975
0 7.75 0.0448927 -0.363359 1.77399 0.150078 0.0526904 1.55076 0.0943208 0.0896487 -1.34445 0.470297 0.291204 0.230118
1 7.75 0.0486656 -0.359773 1.72021 0.169462 0.0628314 1.56161 0.175087 0.115976 -1.20707 0.122836 -0.0428478 0.649109
4 7.75 1.5 0 1.5 0 0 1.57075 0 0 0 0 0 0
5 7.75 46 0.00146341 3
6 7.75 32.8637 -0.383295 -0.392242 1.33778
0 7.77 0.0459724 -0.363477 1.75392 0.157741 0.0566104 1.55564 0.103059 0.0870874 -1.41608 0.411719 0.258422 0.243966
1 7.77 0.0500947 -0.359993 1.69727 0.174848 0.065286 1.56691 0.193219 0.117626 -1.24553 0.0867998 -0.0831929 0.815373
4 7.77 1.5 0 1.5 0 0 1.57075 0 0 0 0 0 0
5 7.77 46 0.00174809 3
6 7.77 34.9697 -0.358396 -0.400274 1.82434
0 7.78 0.047209 -0.363274 1.73425 0.162009 0.0586439 1.55873 0.115864 0.086408 -1.4613 0.378223 0.220831 0.267246
1 7.78 0.0518436 -0.359818 1.6758 0.177841 0.0656371 1.57072 0.210276 0.118984 -1.27948 0.0835406 -0.0885086 0.836276
4 7.78 1.5 0 1.5 0 0 1.57075 0 0 0 0 0 0
5 7.78 45 0.00157094 3
6 7.78 35.6989 -0.324895 -0.363296 1.81672
0 7.79 0.0480797 -0.363387 1.71991 0.166338 0.0602084 1.56259 0.128473 0.0868198 -1.48078 0.344719 0.175123 0.311572
1 7.79 0.0532186 -0.359914 1.66068 0.180937 0.0650531 1.57607 0.229019 0.121927 -1.27711 0.0632709 -0.107665 0.922048
4 7.79 1.5 0 1.5 0 0 1.57075 0 0 0 0 0 0
5 7.79 45 0.00199103 3
6 7.79 37.087 -0.31045 -0.333357 1.94901
0 7.8 0.0498572 -0.363057 1.69807 0.169739 0.0611414 1.56615 0.152544 0.0901698 -1.48234 0.328322 0.153603 0.351018
1 7.8 0.055959 -0.35945 1.63878 0.183783 0.0648254 1.58106 0.258108 0.127254 -1.26096 0.0410785 -0.0928858 1.55184
4 7.8 1.5 0 1.5 0 0 1.57075 0 0 0 0 0 0
5 7.8 45 0.000838518 1
6 7.8 38.2132 -0.316988 -0.292361 3.83368
0 7.82 0.0512406 -0.363057 1.68144 0.176117 0.0616127 1.57464 0.174969 0.0933209 -1.46756 0.284448 0.0632192 0.445123
1 7.82 0.0582393 -0.359324 1.62273 0.188603 0.0609828 1.59264 0.284032 0.131526 -1.24745 0.0190588 -0.0851445 1.5039
4 7.82 1.5 0 1.5 0 0 1.57075 0 0 0 0 0 0
5 7.82 45 0.00111461 1
6 7.82 38.178 -0.294644 -0.180723 3.38016
0 7.83 0.0527118 -0.362797 1.66759 0.178273 0.0612715 1.57809 0.195322 0.0967291 -1.44765 0.275857 0.035717 0.478346
1 7.83 0.0605247 -0.358928 1.60969 0.190478 0.0592846 1.59721 0.30545 0.135052 -1.22848 0.00780602 -0.0806285 1.47222
4 7.83 1.5 0 1.5 0 0 1.57075 0 0 0 0 0 0
5 7.83 45 0.000914812 1
6 7.83 38.1338 -0.298527 -0.144431 3.17297
0 7.84 0.0557061 -0.362494 1.64308 0.181181 0.0604409 1.58311 0.227139 0.102749 -1.41135 0.262587 0.00388416 0.515212
1 7.84 0.0647917 -0.358385 1.58663 0.192912 0.0568803 1.60345 0.33863 0.14104 -1.19372 -0.00876854 -0.0747236 1.41962
4 7.84 1.5 0 1.5 0 0 1.57075 0 0 0 0 0 0
5 7.84 45 0.000740528 1
6 7.84 38.0554 -0.303458 -0.10141 2.88733
0 7.86 0.0592461 -0.361718 1.62014 0.187092 0.0570019 1.5955 0.26084 0.109605 -1.36633 0.217662 -0.0842065 0.608314
1 7.86 0.0696797 -0.357333 1.56548 0.197127 0.0491666 1.61882 0.374661 0.146949 -1.15378 -0.0318771 -0.0557513 1.28977
4 7.86 1.5 0 1.5 0 0 1.57075 0 0 0 0 0 0
5 7.86 45 0.00125027 1
6 7.86 37.773 -0.283402 0.021665 2.17554
0 7.87 0.0616512 -0.361562 1.60504 0.189392 0.0547017 1.6014 0.284373 0.114222 -1.33228 0.209928 -0.131113 0.658643
1 7.87 0.0730261 -0.356993 1.55175 0.199151 0.0445911 1.62633 0.398863 0.150702 -1.12277 -0.0432382 -0.0448886 1.21173
4 7.87 1.5 0 1.5 0 0 1.57075 0 0 0 0 0 0
5 7.87 45 0.000816584 1
6 7.87 37.5946 -0.290334 0.0874588 1.76568
0 7.88 0.065065 -0.360967 1.58762 0.191865 0.0518157 1.60813 0.314192 0.119947 -1.28795 0.205346 -0.156229 0.691043
1 7.88 0.0776327 -0.356169 1.53611 0.201424 0.0404102 1.63411 0.429832 0.155452 -1.07945 -0.0413502 -0.0340923 1.14571
4 7.88 1.5 0 1.5 0 0 1.57075 0 0 0 0 0 0
5 7.88 44 0.000811338 1
6 7.88 37.5436 -0.284862 0.128361 1.4515
0 7.89 0.0687303 -0.360559 1.57064 0.19357 0.0494706 1.61315 0.344753 0.125288 -1.24126 0.191677 -0.193806 0.723261
1 7.89 0.0825204 -0.355548 1.52099 0.202569 0.036298 1.64008 0.460324 0.159708 -1.03791 -0.0549952 -0.0253763 1.06817
4 7.89 1.5 0 1.5 0 0 1.57075 0 0 0 0 0 0
5 7.89 44 0.00106287 1
6 7.89 37.2296 -0.28747 0.181745 1.10108
0 7.9 0.0729669 -0.359855 1.55411 0.196206 0.044822 1.62202 0.376269 0.126972 -1.20268 0.17107 -0.243266 0.775155
1 7.9 0.0880176 -0.354776 1.506 0.204328 0.0292335 1.65056 0.492422 0.159488 -1.00368 -0.0714079 -0.00450127 0.966702
4 7.9 1.5 0 1.5 0 0 1.57075 0 0 0 0 0 0
5 7.9 44 0.000826597 1
6 7.9 36.9688 -0.286737 0.262941 0.611468
0 7.92 0.0777653 -0.359259 1.53699 0.199456 0.0373075 1.63476 0.413071 0.130059 -1.15335 0.147881 -0.301718 0.8311
1 7.92 0.0942881 -0.354057 1.49086 0.206498 0.0188912 1.66497 0.529786 0.159417 -0.960664 -0.0904908 0.0257186 0.814152
4 7.92 1.5 0 1.5 0 0 1.57075 0 0 0 0 0 0
5 7.92 44 0.000821352 1
6 7.92 36.5867 -0.28723 0.365482 -0.0541563
0 7.93 0.0824968 -0.358397 1.52285 0.201029 0.032334 1.64271 0.44249 0.133232 -1.1186 0.117873 -0.31869 0.866885
1 7.93 0.100196 -0.353067 1.4781 0.206761 0.0129192 1.67415 0.559182 0.160462 -0.930547 -0.105882 0.0445225 0.723535
4 7.93 1.5 0 1.5 0 0 1.57075 0 0 0 0 0 0
5 7.93 44 0.000862122 1
6 7.93 36.3024 -0.272961 0.408247 -0.457688
0 7.93 0.087698 -0.357765 1.50795 0.202265 0.026506 1.65266 0.468041 0.135777 -1.09838 0.0295203 -0.275998 0.908473
1 7.93 0.10642 -0.352334 1.46401 0.204331 0.0083911 1.68605 0.584591 0.160666 -0.914612 -0.124406 0.0682184 0.663266
4 7.93 1.5 0 1.5 0 0 1.57075 0 0 0 0 0 0
5 7.93 44 0.00070715 1
6 7.93 36.037 -0.192742 0.392703 -0.782831
0 7.96 0.0934067 -0.3568 1.49338 0.201801 0.0196712 1.66783 0.492213 0.138193 -1.08623 -0.111029 -0.153732 0.931796
1 7.96 0.113095 -0.351272 1.44993 0.198054 0.00617622 1.70312 0.607495 0.16071 -0.907231 -0.142753 0.0965232 0.634468
4 7.96 1.5 0 1.5 0 0 1.57075 0 0 0 0 0 0
5 7.96 44 0.000900984 1
6 7.96 35.7297 -0.0472144 0.295704 -0.949198
0 7.97 0.0975324 -0.356333 1.48274 0.200665 0.0159338 1.67895 0.511237 0.139978 -1.07644 -0.102331 -0.0905471 0.917425
1 7.97 0.117982 -0.350733 1.43968 0.197133 0.00507011 1.7142 0.626661 0.161737 -0.893214 -0.132577 0.111918 0.625282
4 7.97 1.5 0 1.5 0 0 1.57075 0 0 0 0 0 0
5 7.97 43 0.000793934 1
6 7.97 35.9833 -0.0406378 0.24008 -0.932657
0 7.98 0.103215 -0.355404 1.46971 0.19991 0.0135714 1.68778 0.534983 0.142624 -1.06393 -0.0770482 -0.0413072 0.898066
1 7.98 0.124614 -0.349699 1.42715 0.197302 0.00481845 1.72266 0.650164 0.164043 -0.879459 -0.140149 0.121538 0.603032
4 7.98 1.5 0 1.5 0 0 1.57075 0 0 0 0 0 0
5 7.98 43 0.00076437 1
6 7.98 36.0544 -0.0736389 0.192575 -0.941892
0 7.99 0.108873 -0.354668 1.45692 0.199622 0.0122545 1.69412 0.558637 0.145136 -1.05092 -0.0325153 0.0158254 0.865128
1 7.99 0.131218 -0.348863 1.41488 0.198738 0.00601279 1.72817 0.67394 0.166574 -0.864742 -0.14734 0.127341 0.599452
4 7.99 1.5 0 1.5 0 0 1.57075 0 0 0 0 0 0
5 7.99 43 0.000844955 1
6 7.99 36.1585 -0.127358 0.130277 -0.848173
0 8 0.114055 -0.35381 1.44626 0.199642 0.0111256 1.70264 0.578393 0.147146 -1.04117 0.00299367 0.0695994 0.826791
1 8 0.137191 -0.347924 1.40461 0.200129 0.0072955 1.73561 0.693897 0.168974 -0.853537 -0.154199 0.132768 0.593172
4 8 1.5 0 1.5 0 0 1.57075 0 0 0 0 0 0
5 8 43 0.000818014 1
6 8 36.2495 -0.171176 0.0722689 -0.745829
0 8.01 0.11973 -0.353075 1.43452 0.200215 0.010442 1.71237 0.599524 0.149357 -1.03352 0.0552779 0.117475 0.778429
1 8.01 0.143711 -0.347101 1.39317 0.202755 0.00885453 1.74382 0.715717 0.172063 -0.843329 -0.161753 0.137061 0.584799
4 8.01 1.5 0 1.5 0 0 1.57075 0 0 0 0 0 0
5 8.01 43 0.00119257 1
6 8.01 36.4132 -0.235357 0.018902 -0.618157
0 8.03 0.126763 -0.351891 1.42133 0.202151 0.0104398 1.72763 0.621585 0.151824 -1.03399 0.100061 0.169493 0.71896
1 8.03 0.151626 -0.345818 1.37997 0.206461 0.0113075 1.75717 0.78461 0.186184 -0.614571 -0.0361396 0.494691 0.78581
4 8.03 1.5 0 1.5 0 0 1.57075 0 0 0 0 0 0
5 8.03 43 0.00165844 3
6 8.03 50.76 -0.142427 0.36714 0.213438
0 8.04 0.134087 -0.35093 1.40749 0.203072 0.0106276 1.73312 0.639671 0.153551 -1.04559 0.106976 0.171092 0.694321
1 8.04 0.159674 -0.344788 1.36566 0.207655 0.0117294 1.76171 0.806244 0.189733 -0.611313 -0.0341523 0.495753 0.784396
4 8.04 1.5 0 1.5 0 0 1.57075 0 0 0 0 0 0
5 8.04 42 0.00152659 3
6 8.04 51.6989 -0.148191 0.36633 0.287584
0 8.05 0.142139 -0.349636 1.39301 0.204347 0.0109273 1.74 0.656935 0.155005 -1.06792 0.10646 0.17319 0.67439
1 8.05 0.168416 -0.343436 1.3503 0.20891 0.0122367 1.76782 0.827268 0.193432 -0.618971 -0.0384051 0.501096 0.772224
4 8.05 1.5 0 1.5 0 0 1.57075 0 0 0 0 0 0
5 8.05 42 0.00141931 3
6 8.05 52.6305 -0.152536 0.370258 0.312355
0 8.06 0.149781 -0.34865 1.37903 0.205465 0.0113331 1.74714 0.671418 0.156485 -1.08814 0.0848247 0.183103 0.662088
1 8.06 0.176638 -0.342391 1.3355 0.209168 0.0130999 1.77456 0.844684 0.197176 -0.627849 -0.0430218 0.503807 0.766289
4 8.06 1.5 0 1.5 0 0 1.57075 0 0 0 0 0 0
5 8.06 42 0.0015521 3
6 8.06 53.3529 -0.133131 0.363293 0.33268
0 8.07 0.158655 -0.347273 1.36335 0.205971 0.0121862 1.75536 0.687838 0.158756 -1.10817 -0.0214508 0.238471 0.655155
1 8.07 0.186169 -0.340923 1.31903 0.205449 0.0161638 1.78297 0.861541 0.201785 -0.645577 -0.0518597 0.493409 0.77811
4 8.07 1.5 0 1.5 0 0 1.57075 0 0 0 0 0 0
5 8.07 42 0.00140858 3
6 8.07 53.5031 -0.0212436 0.293662 0.39253
0 8.07 0.165469 -0.346396 1.351 0.204675 0.0138574 1.7628 0.701117 0.16073 -1.12223 -0.168135 0.325305 0.665819
1 8.07 0.193514 -0.339967 1.30611 0.198348 0.0211849 1.79152 0.872115 0.205973 -0.664493 -0.0611189 0.468978 0.818899
4 8.07 1.5 0 1.5 0 0 1.57075 0 0 0 0 0 0
5 8.07 42 0.00152683 3
6 8.07 53.186 0.13746 0.174124 0.488644
0 8.1 0.174481 -0.344966 1.33539 0.200059 0.0180463 1.77569 0.718244 0.163908 -1.13599 -0.335971 0.426122 0.70139
1 8.1 0.203211 -0.33841 1.28995 0.187178 0.0291758 1.80658 0.883975 0.214024 -0.678009 -0.06537 0.430846 0.872382
4 8.1 1.5 0 1.5 0 0 1.57075 0 0 0 0 0 0
5 8.1 41 0.00149179 3
6 8.1 53.1545 0.327228 0.0249659 0.545729
0 8.11 0.182428 -0.343914 1.32136 0.194996 0.0218478 1.78573 0.735317 0.165081 -1.14332 -0.451474 0.468152 0.732029
1 8.11 0.211841 -0.33731 1.27563 0.177644 0.0345454 1.81809 0.895646 0.219119 -0.684482 -0.0717373 0.409135 0.920831
4 8.11 1.5 0 1.5 0 0 1.57075 0 0 0 0 0 0
5 8.11 41 0.00153089 3
6 8.11 53.1583 0.452926 -0.0402986 0.602512
0 8.12 0.191108 -0.34253 1.30687 0.190118 0.0249927 1.7943 0.753394 0.167428 -1.14622 -0.510025 0.457593 0.772256
1 8.12 0.221244 -0.335833 1.26102 0.170562 0.0371291 1.8281 0.90944 0.224855 -0.682039 -0.0758672 0.406443 0.936753
4 8.12 1.5 0 1.5 0 0 1.57075 0 0 0 0 0 0
5 8.12 41 0.00178075 3
6 8.12 53.4447 0.514691 -0.0260164 0.52489
0 8.13 0.201239 -0.341099 1.28972 0.184854 0.0278722 1.80327 0.773043 0.170853 -1.14443 -0.527655 0.427368 0.793092
1 8.13 0.232161 -0.334265 1.24394 0.164705 0.0388448 1.83761 0.925169 0.231688 -0.670543 -0.0780961 0.405909 0.932228
4 8.13 1.5 0 1.5 0 0 1.57075 0 0 0 0 0 0
5 8.13 41 0.00133348 3
6 8.13 54.0006 0.530742 0.0100893 0.443937
0 8.15 0.211561 -0.339403 1.27327 0.17513 0.0315936 1.82029 0.792979 0.175236 -1.13744 -0.522871 0.294207 0.861209
1 8.15 0.24328 -0.332394 1.22777 0.155352 0.0371797 1.85628 0.936714 0.240488 -0.652047 -0.0761953 0.432467 0.857606
4 8.15 1.5 0 1.5 0 0 1.57075 0 0 0 0 0 0
5 8.15 41 0.00137067 3
6 8.15 54.6272 0.520517 0.195979 -0.0116767
0 8.16 0.220013 -0.338199 1.25951 0.17027 0.0324396 1.82938 0.809989 0.179275 -1.12883 -0.511776 0.223577 0.889704
1 8.16 0.252413 -0.331028 1.21435 0.150986 0.035223 1.86599 0.950876 0.246472 -0.629583 -0.0601338 0.540719 0.645498
4 8.16 1.5 0 1.5 0 0 1.57075 0 0 0 0 0 0
5 8.16 40 0.00319338 8
6 8.16 55.444 0.521619 0.40163 -0.779758
0 8.17 0.227533 -0.336958 1.24799 0.165564 0.0325705 1.83862 0.82371 0.1828 -1.12376 -0.498507 0.15108 0.916308
1 8.17 0.260481 -0.329645 1.20304 0.146834 0.0324904 1.87579 0.961076 0.25091 -0.615987 -0.0578149 0.567029 0.554617
4 8.17 1.5 0 1.5 0 0 1.57075 0 0 0 0 0 0
5 8.17 40 0.00383091 8
6 8.17 55.9296 0.504418 0.515116 -1.15478
0 8.17 0.236377 -0.335645 1.2342 0.162154 0.0322673 1.84566 0.838179 0.186551 -1.12746 -0.487301 0.103072 0.937944
1 8.17 0.269905 -0.328183 1.1891 0.143879 0.0302791 1.88338 0.973847 0.255394 -0.607933 -0.0584343 0.579872 0.509223
4 8.17 1.5 0 1.5 0 0 1.57075 0 0 0 0 0 0
5 8.17 40 0.0028584 8
6 8.17 56.6275 0.487771 0.584954 -1.36875
0 8.19 0.245888 -0.33399 1.22019 0.156768 0.0315592 1.85758 0.852469 0.191582 -1.13255 -0.452706 0.105137 0.953448
1 8.19 0.279987 -0.326327 1.17489 0.13987 0.0297588 1.89592 0.984676 0.261053 -0.598843 -0.0589325 0.576102 0.509413
4 8.19 1.5 0 1.5 0 0 1.57075 0 0 0 0 0 0
5 8.19 40 0.00379634 8
6 8.19 57.4571 0.448797 0.57615 -1.41764
0 8.21 0.256351 -0.332362 1.20461 0.150467 0.0322495 1.87663 0.867368 0.19757 -1.13034 -0.257698 0.255517 0.911476
1 8.21 0.291045 -0.324459 1.15939 0.141372 0.0368895 1.91423 0.99573 0.270281 -0.571477 -0.0603225 0.484589 0.747825
4 8.21 1.5 0 1.5 0 0 1.57075 0 0 0 0 0 0
5 8.21 40 0.00131822 3
6 8.21 58.9613 0.239897 0.282302 -0.52253
0 8.22 0.26713 -0.330415 1.18946 0.148654 0.0337953 1.88584 0.88267 0.204946 -1.1172 -0.196062 0.305074 0.877246
1 8.22 0.302437 -0.322217 1.14477 0.142046 0.0406666 1.92238 1.00967 0.280549 -0.547429 -0.0598715 0.461531 0.762314
4 8.22 1.5 0 1.5 0 0 1.57075 0 0 0 0 0 0
5 8.22 40 0.00203514 3
6 8.22 59.624 0.174278 0.193773 -0.366988
0 8.23 0.279713 -0.328308 1.17164 0.147677 0.0353093 1.89244 0.899612 0.213778 -1.09827 -0.147535 0.343013 0.832767
1 8.23 0.315698 -0.319757 1.12771 0.143011 0.0439791 1.92743 1.02594 0.292043 -0.519269 -0.0610732 0.434943 0.758275
4 8.23 1.5 0 1.5 0 0 1.57075 0 0 0 0 0 0
5 8.23 40 0.00154281 3
6 8.23 60.1905 0.120111 0.115664 -0.237874
0 8.24 0.291927 -0.325979 1.15535 0.146812 0.038485 1.90305 0.914195 0.222375 -1.08703 -0.0759484 0.401626 0.78057
1 8.24 0.328495 -0.317084 1.11187 0.145053 0.0498098 1.93631 1.03957 0.305744 -0.494768 -0.0607416 0.393649 0.796597
4 8.24 1.5 0 1.5 0 0 1.57075 0 0 0 0 0 0
5 8.24 40 0.00134254 3
6 8.24 61.0115 0.0426613 -0.00423482 0.0511326
0 8.26 0.305317 -0.323557 1.13726 0.146751 0.0454476 1.91949 0.926708 0.230959 -1.09232 -0.0388176 0.506133 0.744794
1 8.26 0.342385 -0.314318 1.09356 0.146673 0.061119 1.95195 1.05049 0.324451 -0.482642 -0.0627362 0.322827 0.934591
4 8.26 1.5 0 1.5 0 0 1.57075 0 0 0 0 0 0
5 8.26 40 0.00150847 3
6 8.26 62.1086 0.00407577 -0.207914 0.605902
0 8.27 0.318068 -0.320894 1.12079 0.146769 0.0496821 1.92756 0.936832 0.239035 -1.10633 -0.0533682 0.549771 0.734582
1 8.27 0.355541 -0.311333 1.07654 0.146239 0.0671394 1.95988 1.05967 0.338547 -0.486254 -0.0409247 0.401135 0.569267
4 8.27 1.5 0 1.5 0 0 1.57075 0 0 0 0 0 0
5 8.27 40 0.0023005 6
6 8.27 62.7658 0.0469612 -0.167282 -0.527803
0 8.29 0.32964 -0.318752 1.10523 0.145991 0.0580477 1.94249 0.945625 0.246389 -1.11706 -0.108555 0.579684 0.74691
1 8.29 0.367465 -0.308896 1.06054 0.143563 0.0766421 1.97548 1.06451 0.356591 -0.485637 -0.0406758 0.330102 0.621268
4 8.29 1.5 0 1.5 0 0 1.57075 0 0 0 0 0 0
5 8.29 40 0.00310922 6
6 8.29 63.4905 0.111371 -0.279626 -0.401185
0 8.3 0.339071 -0.316789 1.09296 0.145032 0.0633796 1.95253 0.953149 0.253225 -1.11938 -0.14196 0.566707 0.789334
1 8.3 0.377197 -0.30666 1.04818 0.141545 0.0812468 1.98712 1.06882 0.370175 -0.480629 -0.0430394 0.293485 0.667007
4 8.3 1.5 0 1.5 0 0 1.57075 0 0 0 0 0 0
5 8.3 40 0.00246334 6
6 8.3 63.9565 0.147277 -0.30418 -0.39062
0 8.31 0.351857 -0.314236 1.07596 0.144317 0.066706 1.95924 0.964052 0.261334 -1.13372 -0.149236 0.552886 0.803168
1 8.31 0.390419 -0.303783 1.03061 0.140684 0.0839712 1.99429 1.07871 0.383836 -0.479034 -0.0469132 0.267376 0.705793
4 8.31 1.5 0 1.5 0 0 1.57075 0 0 0 0 0 0
5 8.31 40 0.00190496 5
6 8.31 64.9523 0.150817 -0.31763 -0.310962
0 8.32 0.362858 -0.311744 1.06177 0.143341 0.0719617 1.97015 0.97167 0.268052 -1.15726 -0.13462 0.555535 0.798706
1 8.32 0.401725 -0.301022 1.01548 0.140464 0.0893913 2.00503 1.08398 0.398914 -0.482951 -0.0451048 0.224642 0.737455
4 8.32 1.5 0 1.5 0 0 1.57075 0 0 0 0 0 0
5 8.32 40 0.00320268 5
6 8.32 66.1839 0.136458 -0.370723 -0.195629
0 8.34 0.37431 -0.309351 1.04615 0.142596 0.0797418 1.98542 0.977626 0.273808 -1.19371 -0.108574 0.571488 0.796139
1 8.34 0.413415 -0.298399 0.998399 0.141032 0.0978436 2.0203 1.08654 0.417181 -0.493006 -0.0401187 0.169699 0.810304
4 8.34 1.5 0 1.5 0 0 1.57075 0 0 0 0 0 0
5 8.34 40 0.00216436 5
6 8.34 67.8548 0.113816 -0.453811 0.0451505
0 8.35 0.384558 -0.306983 1.03227 0.142443 0.0853548 1.99636 0.981983 0.278362 -1.23376 -0.0733953 0.552682 0.783997
1 8.35 0.423837 -0.295849 0.982916 0.142432 0.102786 2.03067 1.08925 0.432195 -0.506183 -0.0350262 0.127069 0.821952
4 8.35 1.5 0 1.5 0 0 1.57075 0 0 0 0 0 0
5 8.35 40 0.00232935 5
6 8.35 69.5536 0.0783785 -0.483542 0.121124
0 8.36 0.393267 -0.305111 1.01991 0.142635 0.0884088 2.00272 0.98513 0.28228 -1.27538 -0.0443964 0.522153 0.7839
1 8.36 0.432673 -0.29382 0.9689 0.143873 0.104626 2.03686 1.09259 0.443605 -0.52244 -0.0328052 0.103474 0.818213
4 8.36 1.5 0 1.5 0 0 1.57075 0 0 0 0 0 0
5 8.36 40 0.00259995 6
6 8.36 71.1496 0.0464544 -0.477473 0.109518
0 8.37 0.403599 -0.302635 1.0052 0.143304 0.0930959 2.01345 0.988485 0.287072 -1.32504 -0.0125881 0.480726 0.793513
1 8.37 0.443138 -0.291152 0.952197 0.14599 0.107595 2.04776 1.09543 0.459253 -0.541682 -0.0263382 0.0592292 0.766646
4 8.37 1.5 0 1.5 0 0 1.57075 0 0 0 0 0 0
5 8.37 40 0.0022552 6
6 8.37 73.0774 0.0158213 -0.482765 -0.0857819
0 8.37 0.414375 -0.300145 0.988893 0.144205 0.096402 2.02205 0.992602 0.291768 -1.369 0.0150756 0.443118 0.801114
1 8.37 0.454079 -0.288474 0.934133 0.148121 0.109338 2.05646 1.09994 0.473215 -0.556925 -0.0245361 0.0348495 0.76449
4 8.37 1.5 0 1.5 0 0 1.57075 0 0 0 0 0 0
5 8.37 40 0.00234795 6
6 8.37 74.8957 -0.0152812 -0.469417 -0.116915
0 8.39 0.428039 -0.296692 0.968191 0.145086 0.0984944 2.02856 0.997576 0.299099 -1.42252 0.0363401 0.396267 0.810474
1 8.39 0.467942 -0.284728 0.91129 0.149936 0.109491 2.0631 1.10665 0.48931 -0.575988 -0.0248243 0.00973277 0.736243
4 8.39 1.5 0 1.5 0 0 1.57075 0 0 0 0 0 0
5 8.39 40 0.00292921 6
6 8.39 77.0636 -0.0421637 -0.445922 -0.236967
0 8.4 0.43909 -0.294005 0.950519 0.146843 0.101351 2.03961 1.00081 0.305515 -1.47258 0.0623403 0.326229 0.833111
1 8.4 0.479122 -0.281785 0.891616 0.152884 0.109384 2.07466 1.11098 0.50621 -0.593953 -0.0156302 -0.0438713 0.566445
4 8.4 1.5 0 1.5 0 0 1.57075 0 0 0 0 0 0
5 8.4 40 0.00199199 5
6 8.4 79.1031 -0.0650077 -0.428933 -0.851307
0 8.42 0.450778 -0.290884 0.931741 0.150404 0.104233 2.05721 1.00358 0.31167 -1.52954 0.109569 0.229422 0.851733
1 8.42 0.490921 -0.278417 0.870559 0.158454 0.108202 2.09246 1.11558 0.525378 -0.616518 -0.1716 0.209253 2.80622
4 8.42 1.5 0 1.5 0 0 1.57075 0 0 0 0 0 0
5 8.42 40 0.00125527 2
6 8.42 81.3113 -0.298616 -0.030881 6.23972
0 8.43 0.461832 -0.288074 0.912792 0.151915 0.1048 2.06367 1.00513 0.317593 -1.58751 0.113203 0.200326 0.856409
1 8.43 0.502037 -0.27537 0.849292 0.160132 0.107537 2.09894 1.1202 0.539429 -0.639548 -0.175828 0.214874 2.78916
4 8.43 1.5 0 1.5 0 0 1.57075 0 0 0 0 0 0
5 8.43 40 0.00099659 2
6 8.43 83.512 -0.309364 0.00865089 6.17033
0 8.44 0.475078 -0.284322 0.890068 0.154351 0.105346 2.07466 1.00794 0.32773 -1.63664 0.103235 0.167277 0.845395
1 8.44 0.515396 -0.271213 0.824602 0.162122 0.106759 2.1093 1.12603 0.558707 -0.655285 -0.2137 0.185188 3.17865
4 8.44 1.5 0 1.5 0 0 1.57075 0 0 0 0 0 0
5 8.44 40 0.000624657 1
6 8.44 85.6296 -0.343053 0.0133111 7.44893
0 8.46 0.489327 -0.280377 0.864151 0.15696 0.105332 2.08737 1.01239 0.343124 -1.65839 0.0836483 0.121609 0.832054
1 8.46 0.529823 -0.266652 0.797815 0.163861 0.104934 2.12119 1.13283 0.581504 -0.652912 -0.217174 0.184374 2.99351
4 8.46 1.5 0 1.5 0 0 1.57075 0 0 0 0 0 0
5 8.46 40 0.000667095 1
6 8.46 87.1689 -0.328315 0.0662389 6.90045
0 8.47 0.503991 -0.275801 0.838403 0.15918 0.104513 2.10019 1.01826 0.363569 -1.65388 0.0531871 0.0632942 0.857991
1 8.47 0.544722 -0.261259 0.772247 0.164904 0.101572 2.13466 1.14009 0.606316 -0.635399 -0.216788 0.186671 2.66757
4 8.47 1.5 0 1.5 0 0 1.57075 0 0 0 0 0 0
5 8.47 40 0.000622034 1
6 8.47 88.003 -0.297635 0.137768 5.7771
0 8.49 0.515756 -0.272284 0.816515 0.161213 0.102093 2.11578 1.02378 0.382481 -1.63678 0.0208989 -0.0141534 0.919326
1 8.49 0.556707 -0.256985 0.751044 0.165758 0.0956319 2.15218 1.14659 0.626682 -0.612331 -0.210467 0.217992 2.22489
4 8.49 1.5 0 1.5 0 0 1.57075 0 0 0 0 0 0
5 8.49 40 0.000720978 1
6 8.49 88.3822 -0.259941 0.264751 4.16801
0 8.5 0.530456 -0.267238 0.791002 0.162326 0.0995472 2.12777 1.03123 0.407756 -1.60229 -0.013794 -0.0630086 0.967191
1 8.5 0.571705 -0.250928 0.726911 0.165547 0.0908075 2.16572 1.15447 0.651347 -0.576672 -0.206807 0.219727 1.77687
4 8.5 1.5 0 1.5 0 0 1.57075 0 0 0 0 0 0
5 8.5 40 0.000663042 1
6 8.5 88.4483 -0.220949 0.325495 2.58491
0 8.51 0.540269 -0.264051 0.773166 0.162951 0.0970064 2.13744 1.03548 0.427485 -1.56555 -0.0315977 -0.100921 1.00236
1 8.51 0.581688 -0.246952 0.710544 0.165474 0.0865185 2.17653 1.15879 0.669167 -0.542747 -0.201966 0.224793 1.40366
4 8.51 1.5 0 1.5 0 0 1.57075 0 0 0 0 0 0
5 8.51 40 0.000622749 1
6 8.51 88.2599 -0.198902 0.376326 1.28115
0 8.52 0.548631 -0.260989 0.759038 0.163347 0.0939879 2.14737 1.03949 0.444256 -1.53394 -0.0557454 -0.156237 1.05658
1 8.52 0.590211 -0.243219 0.69768 0.164952 0.0809487 2.18824 1.16277 0.683049 -0.515659 -0.116937 -0.0129911 0.435211
4 8.52 1.5 0 1.5 0 0 1.57075 0 0 0 0 0 0
5 8.52 40 0.00123739 3
6 8.52 87.9584 -0.0819715 0.169234 -1.9837
0 8.54 0.561378 -0.256305 0.737319 0.163748 0.08626 2.16881 1.04621 0.466081 -1.49394 -0.0856285 -0.231646 1.13841
1 8.54 0.603226 -0.237662 0.677561 0.164077 0.0696949 2.21239 1.1715 0.699765 -0.468675 -0.0385023 -0.320244 -0.342705
4 8.54 1.5 0 1.5 0 0 1.57075 0 0 0 0 0 0
5 8.54 40 0.00159979 3
6 8.54 88.3374 0.0311567 -0.0935652 -4.72843
0 8.54 0.572483 -0.251845 0.719608 0.163686 0.0831039 2.1767 1.05235 0.485473 -1.45697 -0.102653 -0.2613 1.1612
1 8.54 0.614577 -0.232426 0.661329 0.163255 0.0652226 2.22098 1.18013 0.719833 -0.410302 0.0511845 -0.659259 -1.82327
4 8.54 1.5 0 1.5 0 0 1.57075 0 0 0 0 0 0
5 8.54 40 0.00487852 10
6 8.54 89.6466 0.147308 -0.4467 -9.52791
0 8.56 0.58331 -0.247591 0.702078 0.163249 0.0771239 2.19062 1.05824 0.506268 -1.41127 -0.130522 -0.308699 1.16985
1 8.56 0.625639 -0.227341 0.645627 0.161441 0.0573349 2.23492 1.18767 0.735797 -0.358895 0.0688502 -0.746322 -2.43665
4 8.56 1.5 0 1.5 0 0 1.57075 0 0 0 0 0 0
5 8.56 40 0.00751781 16
6 8.56 89.9521 0.193536 -0.48943 -11.5137
0 8.57 0.592973 -0.243437 0.687596 0.162474 0.0714491 2.2024 1.06379 0.524425 -1.36843 -0.155334 -0.350764 1.14507
1 8.57 0.635525 -0.22246 0.632859 0.159333 0.0501943 2.24544 1.19012 0.740802 -0.363008 -0.109974 -0.155365 -0.288817
4 8.57 1.5 0 1.5 0 0 1.57075 0 0 0 0 0 0
5 8.57 40 0.00597787 15
6 8.57 86.9812 0.0178955 0.238939 -4.57761
0 8.58 0.604475 -0.23855 0.670448 0.161435 0.0662784 2.21186 1.0706 0.542703 -1.32548 -0.193455 -0.40619 1.10409
1 8.58 0.647299 -0.216842 0.617429 0.156417 0.0431434 2.25293 1.19741 0.752591 -0.326091 -0.124422 -0.0940195 -1.08817
4 8.58 1.5 0 1.5 0 0 1.57075 0 0 0 0 0 0
5 8.58 40 0.0014441 3
6 8.58 86.5599 0.0405537 0.375876 -6.99871
0 8.59 0.615835 -0.23338 0.654637 0.159901 0.0601807 2.22173 1.07754 0.560729 -1.2806 -0.224449 -0.460044 1.05848
1 8.59 0.658937 -0.210951 0.603413 0.153265 0.0352724 2.26067 1.20524 0.763104 -0.285289 -0.128295 -0.100488 -1.34703
4 8.59 1.5 0 1.5 0 0 1.57075 0 0 0 0 0 0
5 8.59 40 0.00205994 3
6 8.59 86.2519 0.0677524 0.432231 -7.67949
0 8.6 0.629444 -0.227192 0.636171 0.158472 0.0552654 2.22875 1.0861 0.581916 -1.2235 -0.248712 -0.509291 1.01491
1 8.6 0.672888 -0.203915 0.587231 0.150563 0.0287425 2.26568 1.21432 0.777602 -0.234403 -0.132049 -0.128921 -1.60108
4 8.6 1.5 0 1.5 0 0 1.57075 0 0 0 0 0 0
5 8.6 40 0.00191879 3
6 8.6 85.8216 0.0882507 0.457344 -8.3514
0 8.61 0.643104 -0.220493 0.619253 0.155649 0.0466256 2.23972 1.09505 0.602152 -1.16655 -0.282036 -0.571723 0.950905
1 8.61 0.686906 -0.196407 0.57259 0.145955 0.0181368 2.27379 1.22472 0.786438 -0.183904 -0.137609 -0.123125 -1.92806
4 8.61 1.5 0 1.5 0 0 1.57075 0 0 0 0 0 0
5 8.61 40 0.00134563 3
6 8.61 85.3452 0.117126 0.536931 -9.19091
0 8.62 0.652701 -0.216044 0.6071 0.152811 0.0388913 2.24798 1.10147 0.617038 -1.11879 -0.319453 -0.636936 0.8907
1 8.62 0.69676 -0.191363 0.562348 0.141252 0.00828751 2.27933 1.23249 0.790704 -0.142685 -0.143308 -0.106835 -2.21357
4 8.62 1.5 0 1.5 0 0 1.57075 0 0 0 0 0 0
5 8.62 40 0.00158787 3
6 8.62 84.8735 0.15068 0.631797 -9.91016
0 8.63 0.664733 -0.209964 0.593497 0.147154 0.0252148 2.26049 1.10952 0.633563 -1.06291 -0.369848 -0.709309 0.818333
1 8.63 0.709114 -0.184621 0.550981 0.133072 -0.00765041 2.28872 1.24338 0.788479 -0.0940307 -0.152779 -0.0446724 -2.61406
4 8.63 1.5 0 1.5 0 0 1.57075 0 0 0 0 0 0
5 8.63 40 0.0014267 3
6 8.63 84.3159 0.195395 0.787656 -10.9576
0 8.65 0.676282 -0.204347 0.580529 0.142327 0.0143977 2.26877 1.11741 0.648233 -1.00604 -0.404178 -0.775351 0.741271
1 8.65 0.720978 -0.178418 0.540287 0.126519 -0.0205087 2.29373 1.23848 0.77242 -0.194296 -0.218874 -0.0804226 -2.87949
4 8.65 1.5 0 1.5 0 0 1.57075 0 0 0 0 0 0
5 8.65 40 0.00234365 5
6 8.65 74.515 0.16032 0.822158 -11.5589
0 8.66 0.691998 -0.195991 0.56528 0.137976 0.00502075 2.27504 1.12838 0.665014 -0.935004 -0.424614 -0.817037 0.700652
1 8.66 0.737133 -0.16939 0.52788 0.121108 -0.0312048 2.2983 1.25021 0.776342 -0.139669 -0.234362 -0.050617 -3.10355
4 8.66 1.5 0 1.5 0 0 1.57075 0 0 0 0 0 0
5 8.66 40 0.00241971 5
6 8.66 73.4477 0.166043 0.904008 -12.1445
0 8.68 0.706662 -0.188683 0.551103 0.129026 -0.0131915 2.28511 1.13911 0.677543 -0.87251 -0.488809 -0.908152 0.606127
1 8.68 0.752226 -0.161581 0.516202 0.109219 -0.0523352 2.30449 1.26313 0.764782 -0.102308 -0.268339 0.0721321 -3.4226
4 8.68 1.5 0 1.5 0 0 1.57075 0 0 0 0 0 0
5 8.68 40 0.00193453 4
6 8.68 71.8125 0.201655 1.14928 -12.8612
0 8.69 0.717407 -0.183019 0.541732 0.123798 -0.0233088 2.2894 1.147 0.685638 -0.828178 -0.522919 -0.970558 0.527487
1 8.69 0.763287 -0.155594 0.508605 0.102505 -0.0644394 2.30554 1.27293 0.760008 -0.0656416 -0.282368 0.11961 -3.67471
4 8.69 1.5 0 1.5 0 0 1.57075 0 0 0 0 0 0
5 8.69 40 0.0019486 4
6 8.69 71.3048 0.227274 1.27365 -13.4149
0 8.7 0.731867 -0.175838 0.52937 0.119687 -0.0311725 2.29232 1.15573 0.692652 -0.786133 -0.54282 -1.00761 0.494736
1 8.7 0.778096 -0.148132 0.497925 0.0975115 -0.0735516 2.30716 1.28336 0.757153 -0.0280124 -0.29393 0.151627 -3.87141
4 8.7 1.5 0 1.5 0 0 1.57075 0 0 0 0 0 0
5 8.7 40 0.00170588 4
6 8.7 71.0117 0.237704 1.3523 -13.9383
0 8.71 0.744191 -0.169399 0.519752 0.113751 -0.0423972 2.29594 1.16382 0.697544 -0.747928 -0.560483 -1.04649 0.465028
1 8.71 0.790744 -0.141498 0.489835 0.0907489 -0.0860976 2.30968 1.29419 0.74809 0.00609146 -0.307215 0.213834 -4.10316
4 8.71 1.5 0 1.5 0 0 1.57075 0 0 0 0 0 0
5 8.71 40 0.0018785 4
6 8.71 70.7385 0.243572 1.46762 -14.5833
0 8.72 0.761514 -0.160766 0.507184 0.100301 -0.0674841 2.30198 1.17613 0.701028 -0.685708 -0.629342 -1.15391 0.343121
1 8.72 0.808559 -0.132725 0.479756 0.0745165 -0.114783 2.31104 1.31303 0.720438 0.0606997 -0.33796 0.374416 -4.60542
4 8.72 1.5 0 1.5 0 0 1.57075 0 0 0 0 0 0
5 8.72 40 0.00218844 4
6 8.72 70.2643 0.293639 1.7714 -15.7974
0 8.74 0.774036 -0.154218 0.499084 0.0936928 -0.079423 2.30394 1.18556 0.702329 -0.640592 -0.656568 -1.1898 0.303919
1 8.74 0.821458 -0.126125 0.47346 0.0668211 -0.127944 2.31162 1.32501 0.706787 0.0978665 -0.354804 0.446862 -4.8296
4 8.74 1.5 0 1.5 0 0 1.57075 0 0 0 0 0 0
5 8.74 40 0.00217986 4
6 8.74 69.7902 0.308064 1.89433 -16.3879
0 8.75 0.788747 -0.147333 0.490108 0.0867501 -0.091874 2.30537 1.19713 0.701043 -0.589927 -0.690705 -1.24378 0.236831
1 8.75 0.836632 -0.119291 0.466511 0.0586495 -0.142259 2.31052 1.33312 0.690477 0.0921227 -0.41261 0.532775 -4.90552
4 8.75 1.5 0 1.5 0 0 1.57075 0 0 0 0 0 0
5 8.75 40 0.00208163 5
6 8.75 66.3382 0.287066 2.05185 -16.416
0 8.76 0.800671 -0.141469 0.48358 0.0813275 -0.101512 2.30617 1.20708 0.698923 -0.548751 -0.710941 -1.26935 0.206629
1 8.76 0.848954 -0.113512 0.46163 0.0524709 -0.152789 2.31031 1.3435 0.677179 0.11561 -0.437271 0.59507 -5.0336
4 8.76 1.5 0 1.5 0 0 1.57075 0 0 0 0 0 0
5 8.76 40 0.00181556 4
6 8.76 65.2773 0.284755 2.15127 -16.7284
0 8.77 0.814511 -0.135295 0.476473 0.0723018 -0.117453 2.30715 1.21942 0.692535 -0.496641 -0.739447 -1.31095 0.156732
1 8.77 0.863288 -0.107593 0.456607 0.0424331 -0.170207 2.30964 1.35381 0.653769 0.119282 -0.486213 0.678375 -5.1369
4 8.77 1.5 0 1.5 0 0 1.57075 0 0 0 0 0 0
5 8.77 40 0.00225973 6
6 8.77 62.3512 0.266537 2.29201 -16.8988
0 8.77 0.825947 -0.129929 0.471325 0.0646623 -0.130822 2.30753 1.22991 0.686241 -0.454614 -0.766837 -1.34417 0.110479
1 8.77 0.875144 -0.102479 0.45314 0.0338658 -0.184762 2.30847 1.36366 0.633854 0.130867 -0.524279 0.760691 -5.23952
4 8.77 1.5 0 1.5 0 0 1.57075 0 0 0 0 0 0
5 8.77 40 0.00263309 6
6 8.77 60.5379 0.259252 2.42198 -17.0787
0 8.8 0.839482 -0.124291 0.465639 0.0487907 -0.158392 2.30702 1.24297 0.674564 -0.401577 -0.830287 -1.41744 0.0167739
1 8.8 0.889201 -0.0973086 0.449576 0.0159138 -0.215055 2.3049 1.37676 0.595391 0.135761 -0.592624 0.93061 -5.44695
4 8.8 1.5 0 1.5 0 0 1.57075 0 0 0 0 0 0
5 8.8 40 0.00211 5
6 8.8 57.737 0.263978 2.69513 -17.4416
0 8.81 0.853877 -0.117937 0.460668 0.0404786 -0.172653 2.30603 1.25697 0.660097 -0.348219 -0.861011 -1.45543 -0.0430321
1 8.81 0.904156 -0.0915331 0.44674 0.00674894 -0.230753 2.30189 1.38791 0.569735 0.147338 -0.637167 0.998571 -5.4481
4 8.81 1.5 0 1.5 0 0 1.57075 0 0 0 0 0 0
5 8.81 40 0.00168276 4
6 8.81 55.2534 0.255585 2.81245 -17.2542
0 8.82 0.867348 -0.113038 0.456394 0.0318036 -0.187663 2.30461 1.26989 0.645827 -0.304468 -0.873667 -1.47516 -0.0779028
1 8.82 0.918143 -0.0872053 0.444215 -0.00219536 -0.246541 2.29953 1.39938 0.543641 0.159425 -0.672621 1.07296 -5.43859
4 8.82 1.5 0 1.5 0 0 1.57075 0 0 0 0 0 0
5 8.82 40 0.00147676 3
6 8.82 53.4122 0.234354 2.91787 -17.1125
0 8.83 0.885834 -0.105836 0.451748 0.0234338 -0.20213 2.30295 1.28774 0.622998 -0.245395 -0.896405 -1.49789 -0.114559
1 8.83 0.937344 -0.0809165 0.441932 -0.0111959 -0.261922 2.29684 1.41684 0.509218 0.196258 -0.698072 1.15958 -5.41877
4 8.83 1.5 0 1.5 0 0 1.57075 0 0 0 0 0 0
5 8.83 40 0.00125313 2
6 8.83 52.1617 0.235955 3.04046 -16.9322
0 8.85 0.90001 -0.101324 0.448473 0.00554741 -0.232618 2.29913 1.30239 0.598931 -0.194469 -0.962163 -1.5529 -0.214184
1 8.85 0.952105 -0.0773672 0.440694 -0.0308278 -0.294685 2.28997 1.43421 0.458106 0.227129 -0.735786 1.35544 -5.562
4 8.85 1.5 0 1.5 0 0 1.57075 0 0 0 0 0 0
5 8.85 40 0.00101137 2
6 8.85 51.2382 0.280504 3.31971 -17.0712
0 8.86 0.914935 -0.0962523 0.44598 -0.00340324 -0.247824 2.29672 1.31818 0.572262 -0.143825 -0.978198 -1.56294 -0.24454
1 8.86 0.967663 -0.0733618 0.440227 -0.04011 -0.310374 2.28685 1.44984 0.419719 0.260075 -0.74871 1.4538 -5.47327
4 8.86 1.5 0 1.5 0 0 1.57075 0 0 0 0 0 0
5 8.86 40 0.00131345 2
6 8.86 50.3107 0.288043 3.44133 -16.691
0 8.87 0.932055 -0.0918949 0.443692 -0.0103126 -0.25952 2.29461 1.33572 0.542233 -0.0939268 -1.00071 -1.57507 -0.280438
1 8.87 0.985484 -0.0702056 0.439935 -0.0475352 -0.322635 2.28368 1.4665 0.38172 0.292834 -0.755549 1.53154 -5.31932
4 8.87 1.5 0 1.5 0 0 1.57075 0 0 0 0 0 0
5 8.87 40 0.000928402 2
6 8.87 49.3797 0.310443 3.54101 -16.0848
0 8.88 0.949257 -0.0871941 0.442248 -0.0220384 -0.279328 2.2908 1.35345 0.508925 -0.0449444 -1.03954 -1.59108 -0.34268
1 8.88 1.00339 -0.0668371 0.44045 -0.0600918 -0.343257 2.27801 1.48393 0.333769 0.321704 -0.765157 1.65675 -5.17724
4 8.88 1.5 0 1.5 0 0 1.57075 0 0 0 0 0 0
5 8.88 40 0.00114751 2
6 8.88 48.3781 0.351617 3.69676 -15.4324
0 8.89 0.961255 -0.0849609 0.441299 -0.0315246 -0.29523 2.28734 1.36656 0.479085 -0.00654073 -1.06062 -1.593 -0.384316
1 8.89 1.01592 -0.0657974 0.441037 -0.0698874 -0.359403 2.27338 1.49648 0.292628 0.343988 -0.765711 1.75797 -5.00994
4 8.89 1.5 0 1.5 0 0 1.57075 0 0 0 0 0 0
5 8.89 40 0.00166965 2
6 8.89 47.5858 0.380057 3.81084 -14.7654
0 8.9 0.973747 -0.0824312 0.440972 -0.0412183 -0.311336 2.28356 1.37855 0.445224 0.0351256 -1.09256 -1.61165 -0.431014
1 8.9 1.02889 -0.0646222 0.442378 -0.0802322 -0.376457 2.26826 1.50754 0.247877 0.368824 -0.762377 1.86039 -4.80893
4 8.9 1.5 0 1.5 0 0 1.57075 0 0 0 0 0 0
5 8.9 40 0.000962019 2
6 8.9 46.7593 0.426271 3.9445 -13.9745
0 8.92 0.990007 -0.0801787 0.440882 -0.0610376 -0.344257 2.27511 1.39492 0.399889 0.0848332 -1.13307 -1.61363 -0.51469
1 8.92 1.0458 -0.0641832 0.444276 -0.100405 -0.409938 2.25746 1.52387 0.177355 0.398307 -0.754183 2.09666 -4.64378
4 8.92 1.5 0 1.5 0 0 1.57075 0 0 0 0 0 0
5 8.92 40 0.00136352 3
6 8.92 46.0153 0.491884 4.20853 -13.18
0 8.93 1.00739 -0.0775499 0.441697 -0.0706176 -0.360179 2.27066 1.41298 0.350978 0.134171 -1.14971 -1.61279 -0.544084
1 8.93 1.06391 -0.0635108 0.447063 -0.110145 -0.426066 2.25232 1.54185 0.116089 0.439258 -0.7312 2.29088 -4.4943
4 8.93 1.5 0 1.5 0 0 1.57075 0 0 0 0 0 0
5 8.93 40 0.00131917 3
6 8.93 45.7643 0.540063 4.42688 -12.609
0 8.93 1.02897 -0.0763271 0.443088 -0.0804506 -0.376516 2.2657 1.4343 0.292328 0.185604 -1.16768 -1.60396 -0.585683
1 8.93 1.08634 -0.064634 0.450512 -0.119963 -0.44235 2.24613 1.59802 -0.0228893 0.670732 0.243002 3.50438 -1.08772
4 8.93 1.5 0 1.5 0 0 1.57075 0 0 0 0 0 0
5 8.93 40 0.00549293 13
6 8.93 57.9847 1.65527 5.80419 -1.60061
0 8.96 1.0477 -0.0750979 0.445076 -0.0977541 -0.40536 2.25603 1.45301 0.238703 0.228088 -1.21098 -1.58158 -0.673131
1 8.96 1.10582 -0.0655497 0.454199 -0.137344 -0.47095 2.23359 1.61032 -0.0941463 0.668238 0.213341 3.69801 -1.00267
4 8.96 1.5 0 1.5 0 0 1.57075 0 0 0 0 0 0
5 8.96 40 0.00617504 15
6 8.96 55.7568 1.68077 5.98979 -1.04986
0 8.97 1.06362 -0.0755284 0.446695 -0.107934 -0.422194 2.24994 1.46984 0.180426 0.270311 -1.21966 -1.56012 -0.704209
1 8.97 1.12242 -0.0683113 0.457508 -0.14716 -0.48727 2.22661 1.62067 -0.156742 0.672848 0.193516 3.84702 -0.856176
4 8.97 1.5 0 1.5 0 0 1.57075 0 0 0 0 0 0
5 8.97 40 0.00553155 13
6 8.97 53.6892 1.67109 6.1325 -0.482993
0 8.98 1.07824 -0.0758018 0.448855 -0.119452 -0.441569 2.2425 1.48473 0.127318 0.306726 -1.20434 -1.52115 -0.743476
1 8.98 1.13763 -0.0707091 0.461124 -0.157096 -0.505526 2.21786 1.63079 -0.220172 0.682039 0.131752 3.97083 -0.921924
4 8.98 1.5 0 1.5 0 0 1.57075 0 0 0 0 0 0
5 8.98 40 0.00587797 16
6 8.98 52.3846 1.58748 6.2268 -0.567614
0 8.99 1.09288 -0.0772631 0.450905 -0.128424 -0.456868 2.236 1.49999 0.0678957 0.343196 -1.20643 -1.47439 -0.787844
1 8.99 1.15288 -0.0745472 0.464632 -0.165031 -0.519394 2.20959 1.63871 -0.278981 0.680197 0.151113 4.10203 -0.551444
4 8.99 1.5 0 1.5 0 0 1.57075 0 0 0 0 0 0
5 8.99 40 0.00684953 16
6 8.99 50.1948 1.614 6.31911 0.756726
0 9 1.10675 -0.0785788 0.453468 -0.135502 -0.468825 2.23058 1.51342 0.0121247 0.376372 -1.21648 -1.43655 -0.812238
1 9 1.16729 -0.0780938 0.468523 -0.171788 -0.530149 2.20319 1.64335 -0.326148 0.668923 0.205775 4.22731 -0.0277666
4 9 1.5 0 1.5 0 0 1.57075 0 0 0 0 0 0
5 9 40 0.005023 13
6 9 47.4626 1.68683 6.41632 2.50641
0 9.01 1.12745 -0.0823214 0.457426 -0.146646 -0.486104 2.22153 1.53139 -0.0586053 0.417748 -1.29208 -1.25268 -0.847539
1 9.01 1.18871 -0.0846656 0.474135 -0.184476 -0.540627 2.19188 1.64445 -0.373693 0.629416 0.189765 4.47475 0.591311
4 9.01 1.5 0 1.5 0 0 1.57075 0 0 0 0 0 0
5 9.01 40 0.00529599 13
6 9.01 42.3007 1.7449 6.48038 4.59537
0 9.03 1.14846 -0.0861128 0.462341 -0.165171 -0.504942 2.20581 1.54809 -0.13422 0.464913 -1.45499 -0.675636 -0.890326
1 9.03 1.21038 -0.0914816 0.480938 -0.20641 -0.537455 2.17075 1.65737 -0.483559 0.698606 -0.357924 4.35034 -2.04143
4 9.03 1.5 0 1.5 0 0 1.57075 0 0 0 0 0 0
5 9.03 40 0.00121951 2
6 9.03 44.421 1.27672 5.65897 -3.67377
0 9.04 1.16281 -0.0898633 0.465453 -0.173942 -0.509004 2.19716 1.55936 -0.199219 0.50604 -1.44095 -0.201941 -0.892264
1 9.04 1.22519 -0.0978321 0.485694 -0.212744 -0.523136 2.15851 1.65634 -0.536118 0.704616 -0.311628 4.29535 -1.60789
4 9.04 1.5 0 1.5 0 0 1.57075 0 0 0 0 0 0
5 9.04 40 0.0011251 2
6 9.04 42.0872 1.27835 5.0532 -2.28431
0 9.04 1.18449 -0.0957039 0.471633 -0.184641 -0.509122 2.18449 1.57438 -0.297356 0.565499 -1.30643 0.307015 -0.862666
1 9.04 1.24747 -0.107598 0.494253 -0.216705 -0.503385 2.14306 1.65452 -0.614145 0.719729 -0.268594 4.21127 -1.29881
4 9.04 1.5 0 1.5 0 0 1.57075 0 0 0 0 0 0
5 9.04 40 0.00092864 2
6 9.04 39.0073 1.13958 4.38596 -1.39286
0 9.06 1.20776 -0.104326 0.478253 -0.19229 -0.50643 2.17363 1.58842 -0.387569 0.616497 -1.23639 0.442216 -0.838963
1 9.06 1.2713 -0.119829 0.502913 -0.221599 -0.495481 2.1321 1.65647 -0.690232 0.743119 -0.244939 4.17367 -1.14081
4 9.06 1.5 0 1.5 0 0 1.57075 0 0 0 0 0 0
5 9.06 40 0.00105977 2
6 9.06 37.0357 1.07899 4.19514 -0.964268
0 9.08 1.2334 -0.114102 0.48696 -0.205534 -0.49948 2.15253 1.60103 -0.490546 0.671837 -1.17008 0.56572 -0.842122
1 9.08 1.29744 -0.133724 0.513833 -0.231825 -0.484202 2.10971 1.64474 -0.743378 0.710616 -0.310729 3.38998 -0.952273
4 9.08 1.5 0 1.5 0 0 1.57075 0 0 0 0 0 0
5 9.08 40 0.00187254 4
6 9.08 30.732 0.922559 3.15861 -0.352408
0 9.09 1.25146 -0.122582 0.492709 -0.211678 -0.495577 2.14159 1.60632 -0.576467 0.713453 -1.16183 0.606172 -0.87715
1 9.09 1.31571 -0.145641 0.521247 -0.236855 -0.479243 2.0968 1.64227 -0.820309 0.736553 -0.302042 3.38021 -0.953289
4 9.09 1.5 0 1.5 0 0 1.57075 0 0 0 0 0 0
5 9.09 40 0.00188422 4
6 9.09 29.5902 0.918529 3.09819 -0.243872
0 9.09 1.27038 -0.131999 0.500077 -0.217733 -0.49163 2.13011 1.61038 -0.673039 0.7611 -1.16563 0.616262 -0.91007
1 9.09 1.3348 -0.158921 0.530521 -0.242474 -0.475426 2.08375 1.63838 -0.903287 0.760913 -0.309331 3.27386 -0.944748
4 9.09 1.5 0 1.5 0 0 1.57075 0 0 0 0 0 0
5 9.09 40 0.00242734 6
6 9.09 27.9094 0.912234 2.96114 -0.111524
0 9.11 1.28834 -0.142395 0.50658 -0.223823 -0.487886 2.11818 1.61361 -0.748855 0.795408 -1.16233 0.623182 -0.941313
1 9.11 1.35289 -0.172349 0.538396 -0.247897 -0.471938 2.07035 1.63479 -0.970419 0.780292 -0.312461 3.20029 -0.949127
4 9.11 1.5 0 1.5 0 0 1.57075 0 0 0 0 0 0
5 9.11 40 0.00757265 19
6 9.11 26.8302 0.902933 2.86602 -0.0257697
0 9.12 1.30666 -0.153216 0.514065 -0.229941 -0.48404 2.10542 1.6146 -0.824773 0.827567 -1.15882 0.634884 -0.969984
1 9.12 1.37125 -0.186207 0.547167 -0.253389 -0.468156 2.0562 1.62899 -1.0343 0.792025 -0.325862 3.09979 -0.934716
4 9.12 1.5 0 1.5 0 0 1.57075 0 0 0 0 0 0
5 9.12 40 0.00133681 3
6 9.12 25.3619 0.881629 2.73481 0.111755
0 9.14 1.32733 -0.166737 0.52231 -0.239355 -0.477802 2.08375 1.6128 -0.908658 0.85959 -1.15151 0.65463 -1.03879
1 9.14 1.39184 -0.203083 0.556694 -0.261298 -0.462214 2.0313 1.61788 -1.11137 0.813094 -0.309108 3.08903 -0.938507
4 9.14 1.5 0 1.5 0 0 1.57075 0 0 0 0 0 0
5 9.14 40 0.00162005 3
6 9.14 24.5587 0.886942 2.69382 0.319306
0 9.14 1.34533 -0.178826 0.530329 -0.246061 -0.473173 2.06681 1.60908 -0.980746 0.885773 -1.1498 0.669025 -1.08176
1 9.14 1.40969 -0.218056 0.56576 -0.26723 -0.457758 2.01234 1.60757 -1.17709 0.829265 -0.296746 3.08463 -0.940997
4 9.14 1.5 0 1.5 0 0 1.57075 0 0 0 0 0 0
5 9.14 40 0.00135446 3
6 9.14 23.8306 0.895284 2.66831 0.448522
0 9.16 1.36468 -0.193082 0.538526 -0.251133 -0.469484 2.05259 1.60157 -1.05942 0.912018 -1.13933 0.687 -1.13753
1 9.16 1.42874 -0.235459 0.575006 -0.270883 -0.454173 1.99551 1.59511 -1.24929 0.845366 -0.279219 3.18691 -1.01402
4 9.16 1.5 0 1.5 0 0 1.57075 0 0 0 0 0 0
5 9.16 40 0.00198436 4
6 9.16 23.0973 0.898457 2.7607 0.393404
0 9.17 1.38494 -0.208531 0.548269 -0.254626 -0.466833 2.04205 1.59072 -1.13975 0.937675 -1.13486 0.694285 -1.15884
1 9.17 1.44856 -0.254121 0.585776 -0.273886 -0.451633 1.98398 1.58109 -1.32103 0.85708 -0.273258 3.19356 -1.03282
4 9.17 1.5 0 1.5 0 0 1.57075 0 0 0 0 0 0
5 9.17 40 0.00161219 4
6 9.17 22.099 0.898235 2.75839 0.401446
0 9.18 1.40818 -0.228214 0.558902 -0.260394 -0.462224 2.02343 1.58004 -1.22004 0.961834 -1.1311 0.718691 -1.19699
1 9.18 1.47139 -0.277015 0.597376 -0.2789 -0.446773 1.96347 1.56518 -1.39253 0.867737 -0.267738 3.16688 -1.03877
4 9.18 1.5 0 1.5 0 0 1.57075 0 0 0 0 0 0
5 9.18 40 0.00223684 5
6 9.18 21.1253 0.895645 2.69656 0.504178
0 9.19 1.43094 -0.248057 0.570522 -0.267891 -0.455671 1.996 1.5653 -1.29992 0.985678 -1.11464 0.758929 -1.26246
1 9.19 1.49355 -0.300053 0.609949 -0.284673 -0.439764 1.93283 1.54332 -1.46491 0.881456 -0.254632 3.18118 -1.08923
4 9.19 1.5 0 1.5 0 0 1.57075 0 0 0 0 0 0
5 9.19 40 0.00236392 6
6 9.19 20.3836 0.883885 2.66239 0.552086
0 9.21 1.45287 -0.2687 0.581196 -0.272703 -0.450885 1.97564 1.54196 -1.38662 1.00891 -1.09519 0.7784 -1.31383
1 9.21 1.51455 -0.324165 0.621552 -0.287947 -0.435054 1.91009 1.51582 -1.54288 0.891909 -0.242923 3.2087 -1.13659
4 9.21 1.5 0 1.5 0 0 1.57075 0 0 0 0 0 0
5 9.21 40 0.00340199 7
6 9.21 19.4605 0.86994 2.66899 0.564882
0 9.22 1.46784 -0.283289 0.589313 -0.275407 -0.448011 1.96321 1.52469 -1.44503 1.02505 -1.08761 0.786204 -1.34307
1 9.22 1.52883 -0.34109 0.630315 -0.289955 -0.432358 1.89637 1.4965 -1.59515 0.89882 -0.237849 3.2091 -1.1606
4 9.22 1.5 0 1.5 0 0 1.57075 0 0 0 0 0 0
5 9.22 40 0.00272202 7
6 9.22 18.7966 0.86442 2.65868 0.581568
0 9.23 1.48642 -0.302923 0.598687 -0.278875 -0.444163 1.94638 1.50867 -1.50569 1.04152 -1.0855 0.803788 -1.37263
1 9.23 1.54677 -0.363151 0.640348 -0.292965 -0.428368 1.87812 1.47776 -1.64917 0.905785 -0.233204 3.21485 -1.19008
4 9.23 1.5 0 1.5 0 0 1.57075 0 0 0 0 0 0
5 9.23 40 0.00525761 12
6 9.23 18.1094 0.863387 2.64268 0.581794
0 9.24 1.50807 -0.326518 0.610925 -0.282906 -0.439388 1.92456 1.48568 -1.57781 1.06198 -1.06995 0.832633 -1.4178
1 9.24 1.5675 -0.389631 0.653404 -0.295738 -0.423237 1.85411 1.45165 -1.71349 0.915296 -0.263366 3.024 -1.29581
4 9.24 1.5 0 1.5 0 0 1.57075 0 0 0 0 0 0
5 9.24 40 0.00715303 15
6 9.24 17.3181 0.80592 2.38838 0.388468
0 9.24 1.52451 -0.345446 0.619663 -0.285867 -0.435497 1.90654 1.46494 -1.63455 1.07722 -1.05601 0.850252 -1.44663
1 9.24 1.58311 -0.410828 0.662752 -0.297813 -0.419184 1.83473 1.43043 -1.75789 0.91067 -0.349307 2.34384 -1.35884
4 9.24 1.5 0 1.5 0 0 1.57075 0 0 0 0 0 0
5 9.24 40 0.00661206 20
6 9.24 15.9027 0.690111 1.58691 0.279249
0 9.27 1.54411 -0.368905 0.631492 -0.290336 -0.428453 1.87427 1.43676 -1.70264 1.09645 -1.02279 0.889729 -1.5193
1 9.27 1.60158 -0.437011 0.67535 -0.299998 -0.411751 1.79905 1.39833 -1.81864 0.921257 -0.339673 2.18635 -1.28102
4 9.27 1.5 0 1.5 0 0 1.57075 0 0 0 0 0 0
5 9.27 40 0.00487733 13
6 9.27 15.2647 0.653763 1.35875 0.759654
0 9.28 1.55972 -0.388551 0.640314 -0.292525 -0.424276 1.85499 1.41154 -1.75802 1.11156 -1.003 0.920334 -1.55434
1 9.28 1.61618 -0.458871 0.684776 -0.300959 -0.406956 1.77802 1.3707 -1.87081 0.933477 -0.329157 2.18158 -1.27307
4 9.28 1.5 0 1.5 0 0 1.57075 0 0 0 0 0 0
5 9.28 40 0.00329924 8
6 9.28 15.0433 0.636946 1.31775 0.896875
0 9.29 1.58118 -0.417048 0.654477 -0.2944 -0.419995 1.83529 1.37175 -1.83419 1.13365 -0.987746 0.933349 -1.57676
1 9.29 1.63605 -0.490416 0.699823 -0.302118 -0.402568 1.75733 1.32902 -1.94279 0.950947 -0.31646 2.19151 -1.26214
4 9.29 1.5 0 1.5 0 0 1.57075 0 0 0 0 0 0
5 9.29 40 0.0042727 10
6 9.29 14.6991 0.630714 1.31434 1.00336
0 9.31 1.60213 -0.446804 0.667794 -0.297712 -0.410418 1.78996 1.32989 -1.93456 1.1596 -0.942127 0.9888 -1.65846
1 9.31 1.65533 -0.524187 0.714178 -0.302753 -0.392065 1.70814 1.2815 -2.03832 0.975779 -0.299985 2.19486 -1.27014
4 9.31 1.5 0 1.5 0 0 1.57075 0 0 0 0 0 0
5 9.31 40 0.0045383 9
6 9.31 14.5738 0.584344 1.25414 1.23865
0 9.32 1.61983 -0.473724 0.680899 -0.298428 -0.407332 1.77487 1.28986 -2.01269 1.18192 -0.924783 1.00852 -1.68579
1 9.32 1.67142 -0.554231 0.728176 -0.302493 -0.3886 1.69176 1.24081 -2.11265 0.993358 -0.289798 2.21555 -1.27465
4 9.32 1.5 0 1.5 0 0 1.57075 0 0 0 0 0 0
5 9.32 40 0.00269556 7
6 9.32 14.2263 0.571404 1.25554 1.31152
0 9.33 1.63384 -0.49533 0.689848 -0.299212 -0.402919 1.75378 1.26031 -2.06655 1.19716 -0.909495 1.02292 -1.71542
1 9.33 1.68425 -0.577992 0.737734 -0.302503 -0.384046 1.66939 1.20922 -2.16382 1.00734 -0.283364 2.22211 -1.27535
4 9.33 1.5 0 1.5 0 0 1.57075 0 0 0 0 0 0
5 9.33 40 0.00375628 7
6 9.33 14.1153 0.557032 1.24645 1.40388
0 9.35 1.65348 -0.528055 0.704919 -0.300024 -0.393764 1.71086 1.21227 -2.13993 1.21983 -0.861773 1.06601 -1.7701
1 9.35 1.70197 -0.613652 0.753712 -0.301157 -0.373954 1.62397 1.15664 -2.23303 1.03064 -0.273946 2.22624 -1.27946
4 9.35 1.5 0 1.5 0 0 1.57075 0 0 0 0 0 0
5 9.35 40 0.00287843 7
6 9.35 14.1089 0.503359 1.20463 1.56532
0 9.36 1.66886 -0.554546 0.715885 -0.299917 -0.388997 1.68865 1.18024 -2.18931 1.23542 -0.833267 1.08926 -1.80576
1 9.36 1.71607 -0.642119 0.765301 -0.299687 -0.368711 1.60016 1.12283 -2.27962 1.04537 -0.270611 2.23351 -1.28691
4 9.36 1.5 0 1.5 0 0 1.57075 0 0 0 0 0 0
5 9.36 40 0.00379038 6
6 9.36 14.0206 0.46865 1.18802 1.65538
0 9.37 1.68347 -0.581063 0.727658 -0.299454 -0.384064 1.66621 1.1453 -2.23653 1.25201 -0.800559 1.12788 -1.85676
1 9.37 1.72928 -0.670524 0.777739 -0.297418 -0.362866 1.57531 1.08625 -2.324 1.06114 -0.266813 2.24137 -1.30404
4 9.37 1.5 0 1.5 0 0 1.57075 0 0 0 0 0 0
5 9.37 40 0.00215268 5
6 9.37 13.9342 0.425891 1.15424 1.76354
0 9.38 1.70256 -0.617438 0.7432 -0.298778 -0.378789 1.6431 1.09131 -2.2967 1.27675 -0.795126 1.15877 -1.87209
1 9.38 1.74621 -0.709305 0.79427 -0.296669 -0.356534 1.55138 1.03125 -2.38044 1.08331 -0.260646 2.25628 -1.30016
4 9.38 1.5 0 1.5 0 0 1.57075 0 0 0 0 0 0
5 9.38 40 0.00290728 7
6 9.38 13.7237 0.420568 1.13573 1.82486
0 9.38 1.71747 -0.648099 0.757353 -0.298098 -0.371563 1.6142 1.04234 -2.34383 1.30116 -0.826661 1.25772 -1.90493
1 9.38 1.75916 -0.741852 0.809399 -0.297025 -0.345853 1.52017 0.980221 -2.42405 1.10753 -0.25946 2.2666 -1.30073
4 9.38 1.5 0 1.5 0 0 1.57075 0 0 0 0 0 0
5 9.38 40 0.00432873 7
6 9.38 13.669 0.438647 1.0269 1.92775
0 9.4 1.73149 -0.677799 0.769639 -0.297997 -0.36442 1.58986 1.0026 -2.38324 1.32284 -0.879015 1.37598 -1.93376
1 9.4 1.77159 -0.773129 0.822553 -0.298788 -0.334517 1.49342 0.938672 -2.46035 1.12936 -0.262379 2.27863 -1.30632
4 9.4 1.5 0 1.5 0 0 1.57075 0 0 0 0 0 0
5 9.4 40 0.00266576 6
6 9.4 13.641 0.472285 0.89464 2.00172
0 9.42 1.74949 -0.719442 0.788596 -0.298881 -0.347979 1.54051 0.940432 -2.43359 1.35654 -0.948411 1.5716 -1.97424
1 9.42 1.78711 -0.816786 0.842857 -0.302727 -0.311155 1.44054 0.871561 -2.50532 1.16754 -0.266761 2.28164 -1.29989
4 9.42 1.5 0 1.5 0 0 1.57075 0 0 0 0 0 0
5 9.42 40 0.00269914 6
6 9.42 13.8679 0.508879 0.659344 2.15119
0 9.43 1.76295 -0.751369 0.802086 -0.299664 -0.340598 1.52129 0.886416 -2.46956 1.38294 -0.978533 1.68159 -1.9984
1 9.43 1.79841 -0.850151 0.857403 -0.3047 -0.299928 1.4192 0.816642 -2.53789 1.19283 -0.260087 2.29725 -1.30953
4 9.43 1.5 0 1.5 0 0 1.57075 0 0 0 0 0 0
5 9.43 40 0.00271726 6
6 9.43 13.758 0.528962 0.544161 2.19735
0 9.44 1.77518 -0.783429 0.816969 -0.30132 -0.327151 1.48897 0.830931 -2.50161 1.41005 -0.994343 1.80388 -2.028
1 9.44 1.80841 -0.883494 0.873371 -0.307539 -0.282321 1.38455 0.758074 -2.56555 1.22298 -0.254834 2.29817 -1.30995
4 9.44 1.5 0 1.5 0 0 1.57075 0 0 0 0 0 0
5 9.44 40 0.00345922 6
6 9.44 13.9074 0.528169 0.399856 2.29033
0 9.46 1.78894 -0.82119 0.833349 -0.304091 -0.303309 1.43487 0.77703 -2.53373 1.43739 -0.950956 1.95083 -2.0937
1 9.46 1.82002 -0.922539 0.890845 -0.309809 -0.253932 1.32666 0.697761 -2.59089 1.26027 -0.256804 2.27627 -1.32275
4 9.46 1.5 0 1.5 0 0 1.57075 0 0 0 0 0 0
5 9.46 40 0.00323057 7
6 9.46 14.481 0.442555 0.208242 2.45917
0 9.46 1.80108 -0.857876 0.850627 -0.305245 -0.291251 1.4084 0.721268 -2.56095 1.46434 -0.919054 2.00262 -2.11593
1 9.46 1.82993 -0.960314 0.9092 -0.310591 -0.240285 1.299 0.640366 -2.61357 1.28878 -0.250635 2.27484 -1.32699
4 9.46 1.5 0 1.5 0 0 1.57075 0 0 0 0 0 0
5 9.46 40 0.00329185 8
6 9.46 14.5377 0.40125 0.151032 2.5166
0 9.48 1.81318 -0.895611 0.867448 -0.306182 -0.279188 1.38256 0.656959 -2.58354 1.49238 -0.878946 2.05357 -2.1371
1 9.48 1.83945 -0.998952 0.927144 -0.310875 -0.226632 1.27201 0.574818 -2.63153 1.31804 -0.239846 2.27378 -1.33083
4 9.48 1.5 0 1.5 0 0 1.57075 0 0 0 0 0 0
5 9.48 40 0.00304389 6
6 9.48 14.5717 0.356067 0.096843 2.57197
0 9.49 1.82127 -0.923854 0.88109 -0.307112 -0.265116 1.35273 0.607894 -2.59676 1.51429 -0.828185 2.10841 -2.16594
1 9.49 1.84559 -1.02772 0.941662 -0.310895 -0.210917 1.24074 0.52349 -2.6399 1.34425 -0.235113 2.26033 -1.33135
4 9.49 1.5 0 1.5 0 0 1.57075 0 0 0 0 0 0
5 9.49 40 0.0037353 7
6 9.49 14.8054 0.290005 0.025517 2.66244
0 9.5 1.83021 -0.95584 0.895359 -0.307847 -0.251473 1.32432 0.562086 -2.63097 1.53561 -0.791512 2.15014 -2.18683
1 9.5 1.85269 -1.06108 0.956784 -0.311396 -0.196015 1.21135 0.47604 -2.66914 1.36902 -0.235915 2.25106 -1.33376
4 9.5 1.5 0 1.5 0 0 1.57075 0 0 0 0 0 0
5 9.5 40 0.003757 8
6 9.5 14.9849 0.237005 -0.0277894 2.72148
0 9.51 1.838 -0.986996 0.910224 -0.308215 -0.237683 1.29529 0.515367 -2.65618 1.5583 -0.730632 2.22513 -2.21966
1 9.51 1.85862 -1.09324 0.972557 -0.310403 -0.179806 1.18046 0.427965 -2.68921 1.39523 -0.236049 2.24208 -1.34338
4 9.51 1.5 0 1.5 0 0 1.57075 0 0 0 0 0 0
5 9.51 40 0.00405669 9
6 9.51 15.1675 0.149344 -0.115071 2.79568
0 9.52 1.84669 -1.02262 0.927054 -0.308866 -0.212269 1.24386 0.445357 -2.6707 1.59032 -0.686163 2.34935 -2.25839
1 9.52 1.8645 -1.12945 0.990667 -0.311608 -0.150201 1.1266 0.35523 -2.69435 1.43615 -0.242968 2.21029 -1.35195
4 9.52 1.5 0 1.5 0 0 1.57075 0 0 0 0 0 0
5 9.52 40 0.00341344 8
6 9.52 15.6679 0.0618457 -0.28808 2.89199
0 9.54 1.85289 -1.05372 0.943175 -0.309635 -0.192677 1.20712 0.386411 -2.67445 1.62013 -0.667063 2.4716 -2.28343
1 9.54 1.86834 -1.1607 1.00798 -0.313468 -0.126346 1.08779 0.295234 -2.69063 1.47149 -0.246911 2.18997 -1.35297
4 9.54 1.5 0 1.5 0 0 1.57075 0 0 0 0 0 0
5 9.54 40 0.00541019 10
6 9.54 15.9717 0.00841639 -0.449457 2.96862
0 9.55 1.86033 -1.08941 0.960568 -0.310579 -0.176023 1.17724 0.329247 -2.6734 1.65205 -0.654987 2.54775 -2.29742
1 9.55 1.8735 -1.19635 1.02665 -0.315675 -0.107073 1.05673 0.238162 -2.68309 1.5063 -0.250327 2.17373 -1.35845
4 9.55 1.5 0 1.5 0 0 1.57075 0 0 0 0 0 0
5 9.55 40 0.0035038 9
6 9.55 16.1155 -0.0260604 -0.553937 2.99577
0 9.56 1.86524 -1.11745 0.975316 -0.311733 -0.158494 1.14667 0.283516 -2.66787 1.67838 -0.621384 2.66373 -2.32595
1 9.56 1.87658 -1.22417 1.04245 -0.317211 -0.0856152 1.0239 0.192379 -2.67073 1.53691 -0.256097 2.15446 -1.36611
4 9.56 1.5 0 1.5 0 0 1.57075 0 0 0 0 0 0
5 9.56 40 0.00381804 9
6 9.56 16.353 -0.0981301 -0.704182 3.0624
0 9.58 1.8722 -1.1593 0.997036 -0.314372 -0.121106 1.08385 0.228877 -2.65976 1.71343 -0.540432 2.80123 -2.36613
1 9.58 1.88136 -1.26569 1.06557 -0.320819 -0.0438148 0.958279 0.137552 -2.64771 1.58465 -0.288941 2.08569 -1.38679
4 9.58 1.5 0 1.5 0 0 1.57075 0 0 0 0 0 0
5 9.58 40 0.00410604 10
6 9.58 17.104 -0.26083 -0.927026 3.12485
0 9.59 1.87744 -1.19867 1.01909 -0.315319 -0.106935 1.06043 0.175135 -2.64405 1.7484 -0.480929 2.84377 -2.38878
1 9.59 1.88444 -1.30443 1.08902 -0.321018 -0.0284241 0.933585 0.0859388 -2.62651 1.61934 -0.288877 2.07102 -1.4002
4 9.59 1.5 0 1.5 0 0 1.57075 0 0 0 0 0 0
5 9.59 40 0.00435758 9
6 9.59 17.0638 -0.34084 -0.981882 3.15449
0 9.6 1.88227 -1.23358 1.03803 -0.316394 -0.0874107 1.02815 0.12393 -2.6197 1.78077 -0.408879 2.87705 -2.40567
1 9.6 1.88722 -1.33837 1.10927 -0.321597 -0.00798091 0.900405 0.0372659 -2.59459 1.65365 -0.271905 2.01236 -1.4252
4 9.6 1.5 0 1.5 0 0 1.57075 0 0 0 0 0 0
5 9.6 41 0.00495481 10
6 9.6 17.1626 -0.412944 -1.07366 3.12879
0 9.61 1.88556 -1.26667 1.05769 -0.317612 -0.0629079 0.987991 0.0755681 -2.59152 1.81252 -0.329089 2.90264 -2.42231
1 9.61 1.88859 -1.37034 1.13019 -0.322694 0.0171311 0.859431 -0.00757967 -2.55697 1.68861 -0.266508 1.93156 -1.4684
4 9.61 1.5 0 1.5 0 0 1.57075 0 0 0 0 0 0
5 9.61 42 0.00556755 13
6 9.61 17.3452 -0.50517 -1.18027 3.04426
0 9.63 1.88904 -1.29891 1.07617 -0.318439 -0.0227949 0.922233 0.0268766 -2.55483 1.84344 -0.0968094 2.94237 -2.47569
1 9.63 1.89011 -1.40111 1.14991 -0.319327 0.0579788 0.791302 -0.0487256 -2.50535 1.72441 -0.277916 1.79908 -1.52057
4 9.63 1.5 0 1.5 0 0 1.57075 0 0 0 0 0 0
5 9.63 43 0.00673389 13
6 9.63 17.6345 -0.798556 -1.3316 3.0489
0 9.64 1.89085 -1.32456 1.09223 -0.318126 -0.00262757 0.888795 -0.0107457 -2.52252 1.86854 0.0237215 2.94644 -2.50532
1 9.64 1.89042 -1.42546 1.16697 -0.31683 0.0779712 0.756746 -0.0811854 -2.46625 1.7499 -0.294301 1.74113 -1.55917
4 9.64 1.5 0 1.5 0 0 1.57075 0 0 0 0 0 0
5 9.64 43 0.006001 13
6 9.64 17.6536 -0.95972 -1.37796 3.02067
0 9.65 1.89325 -1.35602 1.1114 -0.317384 0.0169172 0.856016 -0.045619 -2.49151 1.89564 0.127534 2.93476 -2.53647
1 9.65 1.89142 -1.45568 1.18722 -0.314533 0.096781 0.72297 -0.109723 -2.42981 1.77368 -0.295027 1.64594 -1.66556
4 9.65 1.5 0 1.5 0 0 1.57075 0 0 0 0 0 0
5 9.65 44 0.00796652 17
6 9.65 17.4381 -1.08177 -1.45186 2.78083
0 9.66 1.8947 -1.38936 1.13344 -0.316335 0.0365821 0.822511 -0.0824149 -2.45111 1.92666 0.203184 2.93155 -2.55316
1 9.66 1.8914 -1.48741 1.21051 -0.313095 0.116256 0.688884 -0.135813 -2.38914 1.78246 -0.267881 1.60168 -1.45134
4 9.66 1.5 0 1.5 0 0 1.57075 0 0 0 0 0 0
5 9.66 45 0.00772119 15
6 9.66 16.0066 -1.13938 -1.48276 3.51824
0 9.66 1.89618 -1.41667 1.151 -0.315191 0.0561518 0.788873 -0.111518 -2.41289 1.95234 0.282101 2.93312 -2.565
1 9.66 1.89172 -1.51318 1.2291 -0.311435 0.135891 0.654746 -0.158214 -2.34726 1.80301 -0.2964 1.50732 -1.56566
4 9.66 1.5 0 1.5 0 0 1.57075 0 0 0 0 0 0
5 9.66 45 0.0100007 19
6 9.66 15.6838 -1.26276 -1.57584 3.19132
0 9.68 1.8968 -1.44282 1.16924 -0.314039 0.0711589 0.762856 -0.138813 -2.37186 1.97861 0.392331 2.93343 -2.59387
1 9.68 1.89124 -1.5377 1.24838 -0.307964 0.150707 0.627588 -0.178867 -2.30614 1.81711 -0.291924 1.38181 -1.78611
4 9.68 1.5 0 1.5 0 0 1.57075 0 0 0 0 0 0
5 9.68 46 0.00867772 20
6 9.68 14.9075 -1.38808 -1.6958 2.58007
0 9.69 1.8976 -1.47538 1.19202 -0.311964 0.0956605 0.720484 -0.168535 -2.31645 2.01376 0.474609 2.92174 -2.61505
1 9.69 1.89086 -1.56804 1.27257 -0.305974 0.174784 0.584438 -0.188083 -2.27411 1.75937 -0.187146 1.42194 -0.465246
4 9.69 1.5 0 1.5 0 0 1.57075 0 0 0 0 0 0
5 9.69 47 0.00940394 20
6 9.69 8.92297 -1.36549 -1.61781 6.86483
0 9.7 1.89733 -1.50348 1.21329 -0.310621 0.11212 0.691917 -0.194941 -2.27326 2.04931 0.509637 2.93424 -2.62524
1 9.7 1.88954 -1.59441 1.29526 -0.305532 0.191777 0.5552 -0.208313 -2.23736 1.76889 -0.217608 1.28962 -0.825108
4 9.7 1.5 0 1.5 0 0 1.57075 0 0 0 0 0 0
5 9.7 47 0.0098803 18
6 9.7 7.24938 -1.44389 -1.77595 5.74861
0 9.71 1.8976 -1.53016 1.23312 -0.309268 0.135269 0.651516 -0.216907 -2.22034 2.08674 0.518755 2.99842 -2.6447
1 9.71 1.88892 -1.61897 1.31658 -0.307201 0.217318 0.512977 -0.226225 -2.18417 1.80106 -0.00293256 1.52706 3.68208
4 9.71 1.5 0 1.5 0 0 1.57075 0 0 0 0 0 0
5 9.71 48 0.00556612 12
6 9.71 6.92543 -1.23244 -1.57432 20.2
0 9.72 1.89709 -1.55285 1.25165 -0.308938 0.156019 0.61599 -0.232995 -2.17012 2.11992 0.525284 3.04221 -2.65538
1 9.72 1.88777 -1.63966 1.33645 -0.309663 0.239652 0.476105 -0.240501 -2.12445 1.85631 -0.144404 1.52939 2.4771
4 9.72 1.5 0 1.5 0 0 1.57075 0 0 0 0 0 0
5 9.72 49 0.0067203 12
6 9.72 8.38266 -1.41017 -1.62 16.3873
0 9.74 1.89658 -1.58592 1.27931 -0.309122 0.197398 0.545283 -0.246854 -2.1078 2.16792 0.64365 3.04749 -2.64324
1 9.74 1.88671 -1.67023 1.36602 -0.310937 0.281355 0.404751 -0.246363 -2.0174 2.01204 -0.360246 0.952353 3.25163
4 9.74 1.5 0 1.5 0 0 1.57075 0 0 0 0 0 0
5 9.74 49 0.00947785 20
6 9.74 15.5089 -1.78224 -2.26269 18.8216
0 9.75 1.89521 -1.61718 1.30807 -0.309318 0.217357 0.510829 -0.255583 -2.03691 2.22078 0.699198 3.00274 -2.60989
1 9.75 1.88499 -1.69866 1.3969 -0.311386 0.299988 0.371549 -0.248356 -1.94981 2.04975 -0.214605 0.541007 3.71101
4 9.75 1.5 0 1.5 0 0 1.57075 0 0 0 0 0 0
5 9.75 50 0.0100346 20
6 9.75 14.5774 -1.66357 -2.67304 20.1819
0 9.76 1.89451 -1.64673 1.33542 -0.309258 0.23451 0.481234 -0.257391 -1.95495 2.27394 0.778294 2.94455 -2.5584
1 9.76 1.88421 -1.72493 1.42638 -0.309979 0.315559 0.344153 -0.244631 -1.8691 2.09521 -0.344718 0.485688 3.68574
4 9.76 1.5 0 1.5 0 0 1.57075 0 0 0 0 0 0
5 9.76 50 0.00902629 19
6 9.76 14.1255 -1.87283 -2.65595 19.937
0 9.77 1.89333 -1.6699 1.35929 -0.308757 0.256891 0.442337 -0.254678 -1.88645 2.31629 0.909091 2.83722 -2.47379
1 9.77 1.88314 -1.74536 1.45194 -0.306218 0.334944 0.30921 -0.233432 -1.79584 2.14463 -0.616139 0.57834 4.39481
4 9.77 1.5 0 1.5 0 0 1.57075 0 0 0 0 0 0
5 9.77 50 0.00999045 20
6 9.77 14.6728 -2.28077 -2.40514 21.9309
0 9.78 1.89282 -1.69304 1.3831 -0.307827 0.275855 0.409382 -0.248598 -1.82792 2.35335 0.979018 2.76734 -2.41896
1 9.78 1.88288 -1.76615 1.47723 -0.304262 0.352029 0.278692 -0.221955 -1.74148 2.16885 -0.596813 1.14435 2.49594
4 9.78 1.5 0 1.5 0 0 1.57075 0 0 0 0 0 0
5 9.78 50 0.0104051 20
6 9.78 13.8866 -2.31083 -1.66567 15.6939
0 9.8 1.89157 -1.7198 1.41367 -0.304591 0.312261 0.345931 -0.236234 -1.7527 2.39639 1.16676 2.57624 -2.27386
1 9.8 1.88212 -1.78991 1.50953 -0.295908 0.383289 0.222278 -0.198513 -1.67001 2.20078 -0.714274 1.06329 2.69831
4 9.8 1.5 0 1.5 0 0 1.57075 0 0 0 0 0 0
5 9.8 50 0.0115681 20
6 9.8 13.2767 -2.58393 -1.51579 15.8771
0 9.81 1.8911 -1.74341 1.44092 -0.302079 0.329919 0.314939 -0.219805 -1.67972 2.43245 1.22363 2.50832 -2.22216
1 9.81 1.88231 -1.8106 1.53822 -0.292415 0.399265 0.193689 -0.178001 -1.60132 2.22704 -0.738376 1.01497 2.95395
4 9.81 1.5 0 1.5 0 0 1.57075 0 0 0 0 0 0
5 9.81 50 0.010298 20
6 9.81 12.6803 -2.65129 -1.48782 16.5282
0 9.82 1.88996 -1.76997 1.47575 -0.299465 0.346093 0.286176 -0.192852 -1.59167 2.47215 1.27888 2.43744 -2.16376
1 9.82 1.88225 -1.83364 1.57463 -0.288503 0.413718 0.167689 -0.148475 -1.51868 2.25495 -0.848499 1.02245 2.84288
4 9.82 1.5 0 1.5 0 0 1.57075 0 0 0 0 0 0
5 9.82 50 0.0107384 20
6 9.82 11.9387 -2.81179 -1.39392 15.9873
0 9.83 1.8901 -1.78896 1.50026 -0.296417 0.36238 0.25689 -0.170912 -1.53504 2.49744 1.33542 2.34667 -2.10031
1 9.83 1.88327 -1.85037 1.60016 -0.283857 0.427614 0.141638 -0.123671 -1.4664 2.27156 -0.739534 0.988089 3.20776
4 9.83 1.5 0 1.5 0 0 1.57075 0 0 0 0 0 0
5 9.83 50 0.0109689 20
6 9.83 11.405 -2.72489 -1.3261 16.9496
0 9.84 1.88994 -1.81094 1.53185 -0.289704 0.389951 0.206731 -0.139217 -1.46381 2.52785 1.43764 2.17986 -1.97119
1 9.84 1.88437 -1.8695 1.63296 -0.273492 0.450987 0.0981055 -0.0877611 -1.40261 2.28855 -0.856581 0.944274 3.57868
4 9.84 1.5 0 1.5 0 0 1.57075 0 0 0 0 0 0
5 9.84 50 0.00924158 20
6 9.84 10.5793 -2.91854 -1.18256 17.7215
0 9.85 1.89072 -1.83414 1.56617 -0.284428 0.407975 0.174314 -0.0950449 -1.38205 2.55792 1.48828 2.08246 -1.8975
1 9.85 1.88692 -1.88942 1.66848 -0.266487 0.466629 0.0694854 -0.041678 -1.32607 2.30959 -1.11495 1.03722 4.42691
4 9.85 1.5 0 1.5 0 0 1.57075 0 0 0 0 0 0
5 9.85 50 0.00980949 20
6 9.85 10.0153 -3.23603 -0.965 20.1942
0 9.87 1.89128 -1.85225 1.5961 -0.279793 0.421842 0.149129 -0.0540427 -1.31463 2.58201 1.5234 1.97571 -1.82065
1 9.87 1.88912 -1.90483 1.69938 -0.260064 0.477686 0.0484882 0.011189 -1.2525 2.35391 -1.41268 1.07367 6.57214
4 9.87 1.5 0 1.5 0 0 1.57075 0 0 0 0 0 0
5 9.87 50 0.00828624 16
6 9.87 11.4771 -3.57946 -0.804888 26.7974
0 9.88 1.89292 -1.86835 1.62231 -0.274629 0.435597 0.123831 -0.0161789 -1.26102 2.60144 1.54886 1.90122 -1.76627
1 9.88 1.89227 -1.91879 1.72637 -0.253922 0.489636 0.0260753 0.0500759 -1.20378 2.3655 -0.969228 1.12344 7.72187
4 9.88 1.5 0 1.5 0 0 1.57075 0 0 0 0 0 0
5 9.88 50 0.00793672 17
6 9.88 10.9817 -3.09222 -0.665452 30.2942
0 9.9 1.89513 -1.88888 1.66009 -0.265523 0.45823 0.081973 0.0430282 -1.18753 2.62705 1.58075 1.78953 -1.68092
1 9.9 1.89686 -1.93638 1.76517 -0.24356 0.509659 -0.0113152 0.126283 -1.12643 2.41301 -1.00056 1.32893 8.67783
4 9.9 1.5 0 1.5 0 0 1.57075 0 0 0 0 0 0
5 9.9 50 0.0084064 16
6 9.9 12.6241 -3.13432 -0.308073 33.0735
0 9.91 1.89796 -1.90504 1.68982 -0.259623 0.470896 0.0580911 0.097555 -1.12158 2.64688 1.60233 1.68257 -1.6054
1 9.91 1.90186 -1.94991 1.7957 -0.235922 0.519458 -0.0309405 0.166338 -1.07575 2.39459 -1.68701 1.86322 7.24229
4 9.91 1.5 0 1.5 0 0 1.57075 0 0 0 0 0 0
5 9.91 50 0.00604558 12
6 9.91 9.96363 -3.90144 0.420621 28.2493
0 9.92 1.90062 -1.9185 1.71767 -0.252522 0.484791 0.031914 0.150232 -1.06587 2.66399 1.61337 1.60484 -1.5437
1 9.92 1.90663 -1.96114 1.82423 -0.227927 0.531521 -0.0537899 0.177159 -1.04982 2.32366 -2.0698 1.48637 7.42679
4 9.92 1.5 0 1.5 0 0 1.57075 0 0 0 0 0 0
5 9.92 50 0.00637007 12
6 9.92 3.72261 -4.3238 0.0706555 28.6413
0 9.93 1.90343 -1.92899 1.73827 -0.246315 0.495936 0.0108302 0.197931 -1.02012 2.67532 1.61587 1.53206 -1.4859
1 9.93 1.91135 -1.96979 1.84528 -0.220951 0.540876 -0.0716969 0.143498 -1.04964 2.18173 -1.26616 0.394425 4.92767
4 9.93 1.5 0 1.5 0 0 1.57075 0 0 0 0 0 0
5 9.93 50 0.00126457 2
6 9.93 -7.26653 -3.41097 -1.10609 20.4781
0 9.95 1.90817 -1.94371 1.77226 -0.232614 0.518827 -0.0319577 0.273188 -0.955743 2.69321 1.62045 1.42088 -1.39601
1 9.95 1.91909 -1.98194 1.87999 -0.206304 0.561259 -0.109615 0.202764 -0.986665 2.17927 -1.79895 0.452719 4.87802
4 9.95 1.5 0 1.5 0 0 1.57075 0 0 0 0 0 0
5 9.95 50 0.00606966 12
6 9.95 -8.80967 -3.98825 -0.923166 20.0325
0 9.96 1.91264 -1.95503 1.79746 -0.228569 0.525032 -0.0434895 0.339107 -0.904741 2.7042 1.62278 1.36582 -1.35287
1 9.96 1.92621 -1.99122 1.90563 -0.201361 0.565983 -0.118707 0.265849 -0.934943 2.18772 -0.935655 0.772593 9.12105
4 9.96 1.5 0 1.5 0 0 1.57075 0 0 0 0 0 0
5 9.96 50 0.0042274 9
6 9.96 -9.01742 -3.01381 -0.49853 33.4405
0 9.97 1.91766 -1.96561 1.82457 -0.220269 0.536902 -0.06558 0.406696 -0.857972 2.71534 1.61439 1.28324 -1.27956
1 9.97 1.93393 -1.99993 1.93318 -0.192098 0.575808 -0.136755 0.299257 -0.896831 2.14711 -1.35724 0.736254 8.21856
4 9.97 1.5 0 1.5 0 0 1.57075 0 0 0 0 0 0
5 9.97 50 0.00833535 12
6 9.97 -12.8437 -3.4593 -0.456232 30.3251
0 9.99 1.92664 -1.98072 1.86377 -0.206139 0.555134 -0.0995231 0.494748 -0.807046 2.73127 1.59694 1.1692 -1.19015
1 9.99 1.94643 -2.013 1.97302 -0.177098 0.591167 -0.165619 0.0298635 -0.939809 1.61426 -1.39584 -0.64241 6.25471
4 9.99 1.5 0 1.5 0 0 1.57075 0 0 0 0 0 0
5 9.99 50 0.000878096 1
6 9.99 -53.3542 -3.46248 -1.92085 23.7698
0 10 1.93449 -1.99209 1.89674 -0.20066 0.561552 -0.111218 0.569886 -0.768106 2.7435 1.58205 1.11171 -1.13332
1 10 1.95729 -2.02282 2.00648 -0.170901 0.596093 -0.174173 0.226239 -0.857189 1.82395 -0.35227 -0.838153 -0.945952
4 10 1.5 0 1.5 0 0 1.57075 0 0 0 0 0 0
5 10 50 0.00297618 4
6 10 -38.9269 -2.2674 -2.0884 0.600178
0 10.01 1.94489 -2.00463 1.9326 -0.190879 0.572223 -0.130963 0.652297 -0.731874 2.75566 1.56486 1.02905 -1.05495
1 10.01 1.97098 -2.03391 2.04283 -0.160001 0.604631 -0.189534 0.235334 -0.82153 1.73963 -0.292618 -0.751932 -0.879244
4 10.01 1.5 0 1.5 0 0 1.57075 0 0 0 0 0 0
5 10.01 50 0.00556612 8
6 10.01 -46.2755 -2.16716 -1.90643 0.562767
0 10.03 1.95465 -2.01497 1.96534 -0.177775 0.585181 -0.154556 0.72841 -0.701957 2.76587 1.53894 0.946318 -0.975705
1 10.03 1.98379 -2.04305 2.07598 -0.146105 0.615535 -0.208666 0.263074 -0.777021 1.697 -0.280882 -0.90497 -0.363463
4 10.03 1.5 0 1.5 0 0 1.57075 0 0 0 0 0 0
5 10.03 50 0.00306916 6
6 10.03 -50.5004 -2.11174 -1.99948 1.95624
0 10.04 1.96267 -2.02275 1.98885 -0.167671 0.594837 -0.171819 0.79631 -0.677379 2.77535 1.44048 0.908845 -0.925962
1 10.04 1.99452 -2.04985 2.09986 -0.138865 0.6245 -0.223236 0.246101 -0.74457 1.59869 -0.245462 -0.423854 -1.29691
4 10.04 1.5 0 1.5 0 0 1.57075 0 0 0 0 0 0
5 10.04 50 0.00624204 9
6 10.04 -58.8227 -1.95526 -1.4184 -1.18275
0 10.05 1.97369 -2.03181 2.02 -0.163387 0.599906 -0.180595 0.894314 -0.647086 2.80218 1.28473 0.953157 -0.915263
1 10.05 2.00946 -2.05769 2.13209 -0.140948 0.63157 -0.231874 0.310889 -0.707694 1.5866 0.0548484 -0.818213 -1.94336
4 10.05 1.5 0 1.5 0 0 1.57075 0 0 0 0 0 0
5 10.05 50 0.00507402 11
6 10.05 -61.9102 -1.44749 -1.9348 -3.2808
0 10.06 1.98289 -2.03874 2.04325 -0.158863 0.610229 -0.196437 0.978198 -0.62387 2.82798 1.00556 1.07364 -0.909904
1 10.06 2.02202 -2.0637 2.15637 -0.148522 0.646876 -0.24858 0.476457 -0.662167 1.74253 -0.46633 -0.586312 -2.60041
4 10.06 1.5 0 1.5 0 0 1.57075 0 0 0 0 0 0
5 10.06 50 0.0025022 5
6 10.06 -52.458 -1.72682 -1.82861 -5.39571
0 10.07 1.99571 -2.04685 2.07438 -0.158028 0.618902 -0.209216 1.08602 -0.597394 2.86432 0.703987 1.01395 -0.891734
1 10.07 2.03915 -2.07075 2.18895 -0.159504 0.653342 -0.260299 0.434675 -0.635775 1.58858 -0.327046 -0.972977 -1.34944
4 10.07 1.5 0 1.5 0 0 1.57075 0 0 0 0 0 0
5 10.07 50 0.0079565 11
6 10.07 -67.2641 -1.2276 -2.22758 -1.46042
0 10.08 2.01338 -2.05629 2.11211 -0.159728 0.626704 -0.221958 1.1969 -0.575296 2.90248 0.53595 0.907054 -0.881696
1 10.08 2.06126 -2.0793 2.22821 -0.16768 0.656915 -0.272071 0.503376 -0.607304 1.58551 -0.056145 -0.8975 1.17812
4 10.08 1.5 0 1.5 0 0 1.57075 0 0 0 0 0 0
5 10.08 50 0.00642562 14
6 10.08 -70.8178 -0.727924 -2.03121 6.57653
0 10.09 2.02769 -2.06323 2.14211 -0.162625 0.633606 -0.234596 1.28261 -0.559454 2.92895 0.437396 0.817455 -0.905004
1 10.09 2.07899 -2.0856 2.25927 -0.175262 0.660012 -0.285491 0.675238 -0.581175 1.73933 -0.616347 -0.724072 -2.55455
4 10.09 1.5 0 1.5 0 0 1.57075 0 0 0 0 0 0
5 10.09 50 0.0049355 10
6 10.09 -61.4008 -1.23956 -1.7358 -5.26578
0 10.11 2.04635 -2.07114 2.17735 -0.170488 0.644479 -0.258329 1.399 -0.537396 2.95349 0.342409 0.719348 -0.951103
1 10.11 2.10231 -2.09264 2.29549 -0.188637 0.666381 -0.311336 0.816594 -0.549484 1.81596 -0.53468 -0.787476 -2.19254
4 10.11 1.5 0 1.5 0 0 1.57075 0 0 0 0 0 0
5 10.11 50 0.00549006 8
6 10.11 -57.9311 -1.03735 -1.7018 -3.96302
0 10.12 2.0617 -2.07704 2.20577 -0.175291 0.649527 -0.271007 1.48771 -0.522438 2.97016 0.313813 0.693899 -0.964788
1 10.12 2.12121 -2.09794 2.32457 -0.195274 0.670127 -0.324802 0.836416 -0.531467 1.75467 -0.6021 -0.920911 -2.23344
4 10.12 1.5 0 1.5 0 0 1.57075 0 0 0 0 0 0
5 10.12 50 0.00468421 7
6 10.12 -64.2903 -1.07959 -1.82759 -4.04993
0 10.13 2.07735 -2.08263 2.23251 -0.182283 0.655579 -0.288064 1.57574 -0.509132 2.98304 0.27181 0.629342 -0.971347
1 10.13 2.14038 -2.103 2.35183 -0.204306 0.673293 -0.342023 0.873795 -0.513038 1.71694 -0.483223 -0.930307 -2.08561
4 10.13 1.5 0 1.5 0 0 1.57075 0 0 0 0 0 0
5 10.13 50 0.00294709 6
6 10.13 -68.6459 -0.894822 -1.76752 -3.5571
0 10.14 2.09629 -2.08873 2.26421 -0.188149 0.65972 -0.30157 1.67348 -0.496592 2.99602 0.254264 0.589637 -0.981004
1 10.14 2.16323 -2.10859 2.38406 -0.2113 0.675549 -0.355938 0.792542 -0.496272 1.51901 -0.117692 -0.894022 -1.65883
4 10.14 1.5 0 1.5 0 0 1.57075 0 0 0 0 0 0
5 10.14 50 0.00637913 9
6 10.14 -85.5838 -0.463504 -1.68155 -2.1638
0 10.15 2.11263 -2.09363 2.28967 -0.194412 0.663354 -0.315379 1.7548 -0.487264 3.0034 0.233804 0.547506 -1.00591
1 10.15 2.18282 -2.11312 2.4098 -0.219218 0.677069 -0.370852 0.877352 -0.482096 1.54153 -0.174869 -1.05552 -0.798803
4 10.15 1.5 0 1.5 0 0 1.57075 0 0 0 0 0 0
5 10.15 50 0.00765109 10
6 10.15 -84.7312 -0.502322 -1.81968 0.66134
0 10.16 2.13029 -2.09853 2.31676 -0.201001 0.666398 -0.329462 1.83592 -0.47923 3.0091 0.213885 0.500959 -1.03543
1 10.16 2.20372 -2.1177 2.43713 -0.227507 0.677764 -0.386181 0.942854 -0.469348 1.53808 -0.289913 -0.648481 -0.232958
4 10.16 1.5 0 1.5 0 0 1.57075 0 0 0 0 0 0
5 10.16 50 0.0042212 9
6 10.16 -85.7735 -0.606138 -1.30041 2.56201
0 10.18 2.16013 -2.10597 2.35944 -0.215627 0.670712 -0.358735 1.9585 -0.469508 3.01274 0.165345 0.404205 -1.10218
1 10.18 2.23847 -2.12475 2.47995 -0.245928 0.677073 -0.418126 1.04869 -0.45138 1.53861 0.361872 -0.894189 1.6485
4 10.18 1.5 0 1.5 0 0 1.57075 0 0 0 0 0 0
5 10.18 50 0.00463676 8
6 10.18 -86.5824 0.18345 -1.47456 8.7816
0 10.19 2.18953 -2.11274 2.40048 -0.224045 0.671631 -0.374268 2.07816 -0.461171 3.02285 0.106261 0.320924 -1.1258
1 10.19 2.27266 -2.13119 2.52139 -0.256964 0.674142 -0.434 1.12518 -0.439022 1.50441 0.12201 -0.845679 2.99767
4 10.19 1.5 0 1.5 0 0 1.57075 0 0 0 0 0 0
5 10.19 50 0.00474262 9
6 10.19 -90.3647 -0.0119351 -1.32855 13.1642
0 10.19 2.2212 -2.119 2.44022 -0.230104 0.671543 -0.38461 2.17977 -0.455963 3.03528 0.0319253 0.22709 -1.12108
1 10.19 2.30839 -2.13724 2.56163 -0.265174 0.670159 -0.443028 1.44139 -0.437847 1.77315 -0.600616 -0.982564 -1.75427
4 10.19 1.5 0 1.5 0 0 1.57075 0 0 0 0 0 0
5 10.19 50 0.00420332 7
6 10.19 -69.8883 -0.728582 -1.38489 -2.02145
0 10.21 2.24766 -2.12411 2.4733 -0.239102 0.670744 -0.39885 2.26474 -0.451848 3.04441 -0.0202582 0.163541 -1.09666
1 10.21 2.33825 -2.14219 2.59507 -0.274958 0.666711 -0.455232 1.46413 -0.431744 1.71238 -0.485984 -1.03766 -1.78317
4 10.21 1.5 0 1.5 0 0 1.57075 0 0 0 0 0 0
5 10.21 50 0.00536156 7
6 10.21 -75.6203 -0.535776 -1.38001 -2.19169
0 10.22 2.27297 -2.12869 2.50346 -0.250679 0.668946 -0.41631 2.36335 -0.446034 3.04406 -0.0623144 0.0970632 -1.04773
1 10.22 2.3675 -2.14653 2.62523 -0.286028 0.662311 -0.469291 1.55293 -0.425988 1.70381 -0.432958 -0.952596 -1.87454
4 10.22 1.5 0 1.5 0 0 1.57075 0 0 0 0 0 0
5 10.22 50 0.00349474 7
6 10.22 -76.3935 -0.423035 -1.20971 -2.63959
0 10.24 2.29966 -2.13335 2.53486 -0.270108 0.66412 -0.443979 2.45789 -0.441242 3.04309 -0.124091 0.00559016 -0.997851
1 10.24 2.39798 -2.151 2.65659 -0.305227 0.653685 -0.492904 1.62075 -0.423 1.67485 -0.365708 -0.744318 -1.78094
4 10.24 1.5 0 1.5 0 0 1.57075 0 0 0 0 0 0
5 10.24 50 0.00533724 8
6 10.24 -78.7583 -0.270803 -0.870657 -2.5
0 10.25 2.34529 -2.14016 2.58441 -0.276391 0.662107 -0.452598 2.59043 -0.435906 3.04415 -0.134784 -0.0171038 -1.00185
1 10.25 2.44891 -2.1576 2.70618 -0.311689 0.650514 -0.501243 1.83567 -0.42057 1.77236 -0.603156 -0.973888 -1.53777
4 10.25 1.5 0 1.5 0 0 1.57075 0 0 0 0 0 0
5 10.25 50 0.00783324 15
6 10.25 -70.9868 -0.522663 -1.10894 -1.71092
0 10.26 2.37383 -2.14441 2.61519 -0.285891 0.658671 -0.465382 2.67046 -0.432879 3.04349 -0.161202 -0.066659 -1.02734
1 10.26 2.48065 -2.16172 2.73693 -0.322272 0.644524 -0.514286 1.90038 -0.419278 1.75406 -0.440218 -0.819384 -1.6874
4 10.26 1.5 0 1.5 0 0 1.57075 0 0 0 0 0 0
5 10.26 50 0.00477886 10
6 10.26 -72.417 -0.306591 -0.877354 -2.10723
0 10.27 2.40429 -2.14817 2.64551 -0.295553 0.654789 -0.478257 2.74754 -0.429857 3.04182 -0.179559 -0.101496 -1.06966
1 10.27 2.51419 -2.16536 2.76718 -0.333254 0.638443 -0.52837 1.8579 -0.41683 1.61291 -0.314458 -0.848993 -1.85203
4 10.27 1.5 0 1.5 0 0 1.57075 0 0 0 0 0 0
5 10.27 50 0.00444007 6
6 10.27 -83.6679 -0.142057 -0.873551 -2.4977
0 10.29 2.44197 -2.15297 2.68305 -0.314955 0.646002 -0.50331 2.83953 -0.426459 3.0378 -0.214598 -0.156568 -1.13887
1 10.29 2.55555 -2.17003 2.80456 -0.354731 0.625936 -0.555125 1.93257 -0.419882 1.58737 -0.48148 -0.848234 -1.8164
4 10.29 1.5 0 1.5 0 0 1.57075 0 0 0 0 0 0
5 10.29 50 0.00281549 6
6 10.29 -85.3561 -0.284029 -0.813835 -2.16297
0 10.3 2.47857 -2.157 2.71746 -0.3255 0.640535 -0.516854 2.92786 -0.422529 3.02879 -0.234683 -0.195703 -1.17961
1 10.3 2.59569 -2.1739 2.83862 -0.366345 0.61803 -0.569491 2.07243 -0.420167 1.63708 -0.549734 -0.868689 -1.62578
4 10.3 1.5 0 1.5 0 0 1.57075 0 0 0 0 0 0
5 10.3 50 0.0068624 9
6 10.3 -80.5712 -0.333628 -0.795093 -1.42436
0 10.31 2.51003 -2.16047 2.7466 -0.333368 0.636276 -0.526818 3.02014 -0.415125 3.02008 -0.244868 -0.219082 -1.21255
1 10.31 2.63084 -2.17708 2.8674 -0.374903 0.612124 -0.580235 2.16296 -0.41585 1.62521 -0.397127 -0.802028 -2.02222
4 10.31 1.5 0 1.5 0 0 1.57075 0 0 0 0 0 0
5 10.31 50 0.00398874 8
6 10.31 -80.7871 -0.148632 -0.693454 -2.5848
0 10.32 2.5476 -2.16391 2.77939 -0.347089 0.628797 -0.544051 3.10885 -0.408407 3.01343 -0.264877 -0.245778 -1.2621
1 10.32 2.67196 -2.18025 2.89993 -0.389779 0.602379 -0.598617 2.25619 -0.414661 1.62234 -1.11657 -0.800444 -1.1402
4 10.32 1.5 0 1.5 0 0 1.57075 0 0 0 0 0 0
5 10.32 50 0.00399089 8
6 10.32 -80.4329 -0.927584 -0.664109 0.389246
0 10.33 2.59235 -2.16825 2.81844 -0.355502 0.623963 -0.554545 3.20809 -0.401017 3.00362 -0.283026 -0.264491 -1.29352
1 10.33 2.72067 -2.18429 2.93858 -0.399091 0.596036 -0.609775 2.35518 -0.410865 1.61123 -0.644152 -0.857112 -1.19187
4 10.33 1.5 0 1.5 0 0 1.57075 0 0 0 0 0 0
5 10.33 50 0.00339222 6
6 10.33 -80.504 -0.376078 -0.710293 0.324582
0 10.35 2.64352 -2.17251 2.86092 -0.381074 0.607544 -0.58623 3.31723 -0.391692 2.98787 -0.323032 -0.317929 -1.38135
1 10.35 2.7762 -2.18818 2.98044 -0.426368 0.575189 -0.642939 2.3962 -0.415408 1.51081 -0.480169 -0.705316 -1.49799
4 10.35 1.5 0 1.5 0 0 1.57075 0 0 0 0 0 0
5 10.35 50 0.00472283 9
6 10.35 -87.1677 -0.139895 -0.481469 -0.372249
0 10.36 2.67947 -2.17568 2.89073 -0.392857 0.598982 -0.60039 3.39599 -0.384739 2.98422 -0.402509 -0.357922 -1.40745
1 10.36 2.81531 -2.19107 3.0101 -0.440719 0.564203 -0.656726 2.53594 -0.413515 1.57608 0.367966 -0.639213 -2.60135
4 10.36 1.5 0 1.5 0 0 1.57075 0 0 0 0 0 0
5 10.36 50 0.00476146 7
6 10.36 -81.5389 0.903301 -0.36972 -3.81136
0 10.37 2.71801 -2.17832 2.92102 -0.405296 0.589987 -0.614335 3.4957 -0.37408 2.99191 -0.532656 -0.347347 -1.41656
1 10.37 2.85784 -2.19328 3.04069 -0.457798 0.554877 -0.670408 2.60582 -0.412001 1.54607 0.923631 -0.465089 -3.05728
4 10.37 1.5 0 1.5 0 0 1.57075 0 0 0 0 0 0
5 10.37 50 0.00555944 8
6 10.37 -84.4953 1.6697 -0.197672 -5.23779
0 10.38 2.75839 -2.18135 2.95288 -0.418552 0.580963 -0.628 3.60252 -0.36229 3.01312 -0.632952 -0.339253 -1.41002
1 10.38 2.90249 -2.19584 3.07341 -0.474082 0.545641 -0.683048 2.71082 -0.409704 1.56411 -2.00538 -0.375982 -0.420787
4 10.38 1.5 0 1.5 0 0 1.57075 0 0 0 0 0 0
5 10.38 50 0.00712371 14
6 10.38 -84.7333 -1.49649 -0.116166 3.15837
0 10.39 2.80775 -2.18398 2.98959 -0.432776 0.572037 -0.641554 3.71561 -0.349155 3.03801 -0.719567 -0.311522 -1.4105
1 10.39 2.95637 -2.19795 3.11111 -0.49117 0.537063 -0.696255 2.67188 -0.416999 1.40992 -1.27431 -0.662343 -0.871073
4 10.39 1.5 0 1.5 0 0 1.57075 0 0 0 0 0 0
5 10.39 50 0.0103195 20
6 10.39 -99.1585 -0.584755 -0.486689 1.72237
0 10.41 2.85948 -2.18709 3.02841 -0.465176 0.555561 -0.669726 3.82623 -0.335099 3.05797 -0.913645 -0.212523 -1.44686
1 10.41 3.01253 -2.20049 3.15073 -0.531465 0.522002 -0.726118 2.71349 -0.436522 1.36171 -0.117376 -0.968815 -1.78172
4 10.41 1.5 0 1.5 0 0 1.57075 0 0 0 0 0 0
5 10.41 50 0.0101876 20
6 10.41 -105.174 0.916107 -0.977355 -1.06882
0 10.42 2.91259 -2.18923 3.06639 -0.478536 0.549238 -0.680872 3.93968 -0.316737 3.06864 -0.942137 -0.201603 -1.44131
1 10.42 3.07018 -2.2019 3.18913 -0.545271 0.515532 -0.73652 3.07907 -0.404275 1.6737 0.381221 -0.641319 -2.35714
4 10.42 1.5 0 1.5 0 0 1.57075 0 0 0 0 0 0
5 10.42 50 0.00388646 8
6 10.42 -81.1047 1.50449 -0.617126 -2.92358
0 10.43 2.95829 -2.1914 3.0993 -0.499032 0.539055 -0.697409 4.0304 -0.301027 3.07588 -0.978069 -0.205702 -1.42301
1 10.43 3.1195 -2.20345 3.22234 -0.565694 0.50459 -0.751058 3.17588 -0.402289 1.69717 -0.0709826 -0.610091 -1.61291
4 10.43 1.5 0 1.5 0 0 1.57075 0 0 0 0 0 0
5 10.43 50 0.0068171 9
6 10.43 -80.1714 1.03889 -0.579406 -0.606042
0 10.45 3.01471 -2.19267 3.13767 -0.5322 0.521683 -0.722941 4.12968 -0.282004 3.08063 -1.01471 -0.235149 -1.37797
1 10.45 3.17989 -2.20395 3.2609 -0.597345 0.48561 -0.772218 2.89825 -0.4625 1.28951 1.43951 -1.03939 -2.6331
4 10.45 1.5 0 1.5 0 0 1.57075 0 0 0 0 0 0
5 10.45 50 0.00685167 14
6 10.45 -114.677 2.77256 -1.0387 -4.00672
0 10.46 3.06555 -2.19422 3.17255 -0.548345 0.51269 -0.734911 4.21449 -0.264729 3.08136 -1.01954 -0.246176 -1.38726
1 10.46 3.23413 -2.20481 3.2958 -0.612893 0.475361 -0.783362 2.99987 -0.459861 1.32055 0.0410549 -0.971419 -1.77342
4 10.46 1.5 0 1.5 0 0 1.57075 0 0 0 0 0 0
5 10.46 50 0.00923252 16
6 10.46 -112.705 1.21465 -0.949402 -1.23253
0 10.47 3.13597 -2.19486 3.21837 -0.564542 0.503346 -0.746908 4.32191 -0.240701 3.08117 -1.03825 -0.245724 -1.41166
1 10.47 3.30885 -2.20448 3.34161 -0.629445 0.464831 -0.795364 3.03913 -0.464815 1.25585 1.77012 -0.93757 -2.99059
4 10.47 1.5 0 1.5 0 0 1.57075 0 0 0 0 0 0
5 10.47 50 0.00685239 13
6 10.47 -118.594 3.17068 -0.915339 -5.04044
0 10.49 3.19841 -2.19593 3.25931 -0.602939 0.481804 -0.774993 4.41363 -0.218348 3.07637 -1.14107 -0.172662 -1.48239
1 10.49 3.37496 -2.20467 3.38236 -0.672072 0.442491 -0.825687 3.11553 -0.486062 1.26866 -1.66727 -3.99945 0.282023
4 10.49 1.5 0 1.5 0 0 1.57075 0 0 0 0 0 0
5 10.49 50 0.00652885 13
6 10.49 -118.766 -0.567835 -4.53085 5.63311
0 10.5 3.25606 -2.19553 3.29479 -0.61676 0.474419 -0.785025 4.52655 -0.18693 3.05219 -1.19185 -0.124774 -1.51947
1 10.5 3.43712 -2.203 3.41688 -0.688413 0.435193 -0.837516 3.27142 -0.458943 1.30531 2.99192 -4.39926 -3.16681
4 10.5 1.5 0 1.5 0 0 1.57075 0 0 0 0 0 0
5 10.5 50 0.00927114 19
6 10.5 -114.326 4.69676 -5.05442 -5.25895
0 10.51 3.30277 -2.1956 3.32363 -0.632427 0.466461 -0.796443 4.60827 -0.162858 3.03339 -1.24964 -0.0665616 -1.55039
1 10.51 3.4871 -2.20211 3.44496 -0.706807 0.427656 -0.850685 3.28784 -0.463594 1.23425 -4.76034 -4.47814 1.8498
4 10.51 1.5 0 1.5 0 0 1.57075 0 0 0 0 0 0
5 10.51 50 0.00805783 16
6 10.51 -119.601 -3.9197 -5.2222 10.8552
0 10.53 3.37061 -2.1942 3.36368 -0.67551 0.445561 -0.827352 4.70874 -0.13131 3.00976 -1.33146 0.0213964 -1.60149
1 10.53 3.55896 -2.19945 3.48407 -0.7529 0.406173 -0.883346 3.91916 -0.3329 1.80912 4.05395 -3.34078 -4.39654
4 10.53 1.5 0 1.5 0 0 1.57075 0 0 0 0 0 0
5 10.53 50 0.0064218 12
6 10.53 -70.2999 6.02298 -4.03436 -8.92322
0 10.54 3.43222 -2.19345 3.40007 -0.693993 0.436327 -0.840484 4.79553 -0.102261 2.98772 -1.3417 0.0311037 -1.60287
1 10.54 3.62404 -2.19754 3.51958 -0.771013 0.396274 -0.895742 3.74201 -0.382926 1.53652 4.52331 -7.97359 -3.81342
4 10.54 1.5 0 1.5 0 0 1.57075 0 0 0 0 0 0
5 10.54 50 0.00614023 12
6 10.54 -93.0867 6.55833 -9.36234 -7.05726
0 10.55 3.47379 -2.19189 3.42354 -0.709648 0.428221 -0.85161 4.8572 -0.0779597 2.96566 -1.34246 0.0385171 -1.59853
1 10.55 3.66808 -2.19501 3.54217 -0.785945 0.387728 -0.906033 3.97396 -0.321315 1.69968 3.29669 -5.93191 -3.39991
4 10.55 1.5 0 1.5 0 0 1.57075 0 0 0 0 0 0
5 10.55 50 0.00938392 20
6 10.55 -77.5356 5.18574 -7.02799 -5.75099
0 10.56 3.52881 -2.19044 3.45463 -0.727017 0.418908 -0.863971 4.93463 -0.046833 2.93841 -1.34074 0.040153 -1.57907
1 10.56 3.72619 -2.19231 3.57217 -0.802135 0.378127 -0.916799 4.0072 -0.311458 1.64528 4.94965 -5.41733 -4.42584
4 10.56 1.5 0 1.5 0 0 1.57075 0 0 0 0 0 0
5 10.56 50 0.00711584 11
6 10.56 -80.8282 7.03318 -6.4371 -9.08839
0 10.57 3.59813 -2.18723 3.49202 -0.750179 0.406202 -0.880077 5.0219 -0.0126052 2.91392 -1.33623 0.0428501 -1.54534
1 10.57 3.79901 -2.18773 3.60858 -0.823582 0.365313 -0.930575 4.2121 -0.254004 1.75465 -4.39708 -5.15628 1.8602
4 10.57 1.5 0 1.5 0 0 1.57075 0 0 0 0 0 0
5 10.57 50 0.00507498 8
6 10.57 -69.8931 -3.43022 -6.13635 10.8721
0 10.58 3.65206 -2.1851 3.52109 -0.768524 0.395922 -0.892559 5.08907 0.0141706 2.89382 -1.3329 0.0481396 -1.55677
1 10.58 3.85562 -2.18453 3.63684 -0.841113 0.354023 -0.942532 4.53096 -0.157666 1.9838 -0.632042 -1.15533 -0.832423
4 10.58 1.5 0 1.5 0 0 1.57075 0 0 0 0 0 0
5 10.58 50 0.00308752 4
6 10.58 -47.7964 0.778063 -1.55287 2.31242
0 10.6 3.7285 -2.18081 3.5606 -0.799898 0.377064 -0.91438 5.18458 0.056998 2.85672 -1.32166 0.0460965 -1.6055
1 10.6 3.93588 -2.17853 3.67487 -0.871009 0.332285 -0.963931 4.67949 -0.106427 2.01286 -1.16484 -1.48064 -0.520418
4 10.6 1.5 0 1.5 0 0 1.57075 0 0 0 0 0 0
5 10.6 50 0.00330472 5
6 10.6 -42.6834 0.169411 -1.92766 3.46404
0 10.61 3.78076 -2.17823 3.58752 -0.82225 0.362765 -0.929889 5.24885 0.0861164 2.83081 -1.31314 0.0535611 -1.59663
1 10.61 3.99072 -2.17478 3.70075 -0.891869 0.317431 -0.978059 4.82293 -0.0562109 2.06802 -0.851975 -1.2922 -0.869134
4 10.61 1.5 0 1.5 0 0 1.57075 0 0 0 0 0 0
5 10.61 50 0.00219226 4
6 10.61 -35.6542 0.509008 -1.71792 2.32246
0 10.62 3.85505 -2.17277 3.62362 -0.834977 0.354395 -0.938578 5.3387 0.126409 2.80085 -1.30618 0.0546574 -1.58912
1 10.62 4.06859 -2.16771 3.73566 -0.90361 0.308744 -0.985798 4.80345 -0.0555953 1.95044 -1.37423 -1.28833 -0.0866962
4 10.62 1.5 0 1.5 0 0 1.57075 0 0 0 0 0 0
5 10.62 50 0.00207925 4
6 10.62 -44.5646 -0.0832523 -1.713 4.7964
0 10.63 3.91297 -2.16891 3.65176 -0.855839 0.340185 -0.952876 5.41247 0.159507 2.7796 -1.27233 0.069174 -1.57721
1 10.63 4.12947 -2.16253 3.76294 -0.922111 0.294359 -0.998966 4.937 -0.00652335 1.9913 9.93257 -2.91952 -7.40501
4 10.63 1.5 0 1.5 0 0 1.57075 0 0 0 0 0 0
5 10.63 50 0.00305247 5
6 10.63 -39.237 12.5283 -3.59544 -18.6054
0 10.64 3.95586 -2.1652 3.67185 -0.87185 0.328824 -0.964072 5.48067 0.19629 2.75258 -1.2288 0.101907 -1.55021
1 10.64 4.17509 -2.15735 3.78195 -0.935681 0.283978 -1.00953 5.25773 0.117006 2.17854 0.728803 -6.86726 -1.81102
4 10.64 1.5 0 1.5 0 0 1.57075 0 0 0 0 0 0
5 10.64 50 0.00529814 10
6 10.64 -18.2705 2.17746 -8.15388 -0.832788
0 10.65 4.00973 -2.16108 3.69699 -0.887334 0.317477 -0.975191 5.56166 0.238519 2.72212 -1.20977 0.11409 -1.53184
1 10.65 4.23219 -2.15154 3.80587 -0.949601 0.272848 -1.01964 5.09648 0.0704792 1.95884 7.13473 -2.82826 -5.39047
4 10.65 1.5 0 1.5 0 0 1.57075 0 0 0 0 0 0
5 10.65 50 0.00348091 7
6 10.65 -37.8654 9.32243 -3.52954 -12.3188
0 10.67 4.08461 -2.15372 3.73001 -0.917202 0.295384 -0.996488 5.65961 0.285515 2.68992 -1.17754 0.124464 -1.50162
1 10.67 4.311 -2.14229 3.83761 -0.97662 0.250726 -1.03879 5.0704 0.0671316 1.84813 4.75543 -6.85339 -3.64721
4 10.67 1.5 0 1.5 0 0 1.57075 0 0 0 0 0 0
5 10.67 50 0.0048089 8
6 10.67 -47.3179 6.62315 -8.15251 -6.84996
0 10.68 4.15708 -2.14714 3.76185 -0.925015 0.289478 -1.002 5.75282 0.330533 2.65576 -1.18142 0.12075 -1.50857
1 10.68 4.3872 -2.13392 3.86808 -0.984237 0.244193 -1.04392 5.46681 0.223882 2.04784 -1.15793 -1.87531 -0.731004
4 10.68 1.5 0 1.5 0 0 1.57075 0 0 0 0 0 0
5 10.68 50 0.00249076 3
6 10.68 -22.8871 0.0113747 -2.43795 2.48221
0 10.69 4.22147 -2.13984 3.78868 -0.947741 0.271548 -1.01784 5.83711 0.375517 2.61373 -1.19442 0.0916694 -1.5384
1 10.69 4.45495 -2.12482 3.89323 -1.00634 0.223714 -1.0582 5.25459 0.154548 1.79786 12.9689 -4.95867 -6.72268
4 10.69 1.5 0 1.5 0 0 1.57075 0 0 0 0 0 0
5 10.69 50 0.00645876 9
6 10.69 -46.1403 15.8359 -5.94677 -16.5509
0 10.7 4.29029 -2.13247 3.81675 -0.961481 0.260134 -1.02715 5.94648 0.430793 2.56283 -1.20504 0.0869759 -1.55568
1 10.7 4.52815 -2.11524 3.91926 -1.01992 0.211096 -1.06696 5.14204 0.122456 1.59855 -1.29064 -8.71968 0.961057
4 10.7 1.5 0 1.5 0 0 1.57075 0 0 0 0 0 0
5 10.7 50 0.00343633 5
6 10.7 -63.3344 -0.106852 -10.2596 8.03457
0 10.72 4.35237 -2.12457 3.84102 -0.991277 0.234754 -1.04722 6.04188 0.482114 2.50719 -1.19562 0.0974677 -1.60713
1 10.72 4.59405 -2.10528 3.94131 -1.0483 0.1831 -1.08677 5.81339 0.392836 1.96042 9.66836 -6.76904 -5.65864
4 10.72 1.5 0 1.5 0 0 1.57075 0 0 0 0 0 0
5 10.72 50 0.00302625 6
6 10.72 -17.7526 12.143 -8.03747 -12.9346
0 10.73 4.41918 -2.11666 3.86666 -1.00292 0.22424 -1.0551 6.13441 0.531191 2.45108 -1.18948 0.111457 -1.6164
1 10.73 4.66456 -2.09542 3.9647 -1.05929 0.172129 -1.09462 5.48411 0.275382 1.62833 -15.6494 -12.5538 6.40032
4 10.73 1.5 0 1.5 0 0 1.57075 0 0 0 0 0 0
5 10.73 50 0.00760341 15
6 10.73 -50.2673 -16.1941 -14.6907 25.5932
0 10.74 4.49767 -2.1057 3.8952 -1.0196 0.208714 -1.0667 6.23117 0.580998 2.39546 -1.17966 0.108942 -1.60715
1 10.74 4.74691 -2.08246 3.99102 -1.0747 0.156231 -1.10491 6.21771 0.575664 1.99443 27.7404 -6.07458 -4.37733
4 10.74 1.5 0 1.5 0 0 1.57075 0 0 0 0 0 0
5 10.74 50 0.00361967 5
6 10.74 -1.03245 32.3446 -7.25175 -8.84395
0 10.75 4.56099 -2.0973 3.9179 -1.03001 0.198884 -1.07379 6.30721 0.619416 2.3503 -1.17334 0.105052 -1.58209
1 10.75 4.81328 -2.07252 4.01192 -1.08424 0.146794 -1.1107 4.22242 -0.210659 0.646165 7.44035 -13.0206 0.932202
4 10.75 1.5 0 1.5 0 0 1.57075 0 0 0 0 0 0
5 10.75 50 0.0100801 17
6 10.75 -159.203 9.62433 -15.2134 8.02675
0 10.76 4.62297 -2.08795 3.93913 -1.04416 0.18527 -1.08322 6.38194 0.65946 2.30018 -1.1691 0.103389 -1.57458
1 10.76 4.87825 -2.06157 4.03113 -1.09752 0.1329 -1.11906 6.20876 0.590115 1.80178 -2.44203 -2.61822 -1.06497
4 10.76 1.5 0 1.5 0 0 1.57075 0 0 0 0 0 0
5 10.76 50 0.00526857 7
6 10.76 -13.1413 -1.43761 -3.27525 1.62679
0 10.77 4.69927 -2.07714 3.96469 -1.06003 0.169398 -1.0939 6.47177 0.706237 2.23982 -1.15004 0.106074 -1.56243
1 10.77 4.95814 -2.04889 4.05428 -1.11189 0.116952 -1.12865 7.31582 1.04601 2.34776 9.83886 -11.2523 -3.58891
4 10.77 1.5 0 1.5 0 0 1.57075 0 0 0 0 0 0
5 10.77 50 0.00460482 8
6 10.77 63.6001 12.282 -13.1808 -6.46967
0 10.78 4.75909 -2.06751 3.98379 -1.0729 0.156232 -1.10251 6.54307 0.745535 2.1866 -1.14283 0.108877 -1.54649
1 10.78 5.02081 -2.03768 4.07126 -1.12387 0.103963 -1.13629 7.0584 0.953704 2.09157 -19.3093 -2.59759 7.60423
4 10.78 1.5 0 1.5 0 0 1.57075 0 0 0 0 0 0
5 10.78 50 0.0052948 8
6 10.78 38.6079 -20.3404 -3.25178 29.2136
0 10.8 4.82899 -2.0569 4.00556 -1.09815 0.129729 -1.11901 6.62478 0.788891 2.12684 -1.13859 0.126098 -1.5294
1 10.8 5.09398 -2.02534 4.09063 -1.14792 0.0775563 -1.15163 6.56356 0.764032 1.70101 -2.61239 -2.40137 -0.992088
4 10.8 1.5 0 1.5 0 0 1.57075 0 0 0 0 0 0
5 10.8 50 0.0040524 8
6 10.8 -4.53523 -1.66482 -3.04425 1.71521
0 10.81 4.90349 -2.04412 4.02725 -1.10714 0.12031 -1.12482 6.70535 0.8283 2.07619 -1.14492 0.135456 -1.5347
1 10.81 5.17171 -2.01099 4.11029 -1.15684 0.067826 -1.15735 7.21329 1.03475 1.95547 -1.9447 -3.5513 -1.92194
4 10.81 1.5 0 1.5 0 0 1.57075 0 0 0 0 0 0
5 10.81 50 0.0044601 8
6 10.81 37.4796 -0.911884 -4.37564 -1.23646
0 10.82 4.99368 -2.02943 4.05295 -1.12336 0.103221 -1.13514 6.8031 0.875538 2.01192 -1.14464 0.142437 -1.52211
1 10.82 5.26581 -1.99441 4.13343 -1.17241 0.0507951 -1.16678 7.80126 1.28148 2.13325 -8.6604 -6.43082 2.68554
4 10.82 1.5 0 1.5 0 0 1.57075 0 0 0 0 0 0
5 10.82 50 0.00833249 17
6 10.82 73.1172 -8.42718 -7.68615 13.4327
0 10.83 5.0625 -2.01697 4.07144 -1.13485 0.0909307 -1.14244 6.87859 0.914431 1.9564 -1.14066 0.147157 -1.50599
1 10.83 5.33765 -1.98039 4.14969 -1.18328 0.0388109 -1.17334 5.83908 0.491896 1.0439 -23.4625 2.4143 9.93787
4 10.83 1.5 0 1.5 0 0 1.57075 0 0 0 0 0 0
5 10.83 50 0.00703597 14
6 10.83 -75.7522 -24.9942 2.45867 36.5343
0 10.84 5.14697 -2.00249 4.09352 -1.14387 0.0811955 -1.14797 6.97021 0.960356 1.8884 -1.13534 0.143063 -1.48545
1 10.84 5.42578 -1.96408 4.16906 -1.19171 0.02948 -1.17788 7.80904 1.30119 1.90625 -5.28729 9.2934 -3.0248
4 10.84 1.5 0 1.5 0 0 1.57075 0 0 0 0 0 0
5 10.84 50 0.00184321 3
6 10.84 60.8843 -4.66304 10.3585 -4.91456
0 10.85 5.23431 -1.9861 4.11479 -1.15972 0.0636754 -1.15782 7.06544 1.01019 1.81051 -1.12222 0.151079 -1.4966
1 10.85 5.51693 -1.94569 4.18721 -1.20649 0.0112134 -1.18734 6.93878 0.958831 1.35868 -6.23752 -3.68386 4.15565
4 10.85 1.5 0 1.5 0 0 1.57075 0 0 0 0 0 0
5 10.85 50 0.00628114 8
6 10.85 -9.12875 -5.74204 -4.53922 18.0446
0 10.87 5.312 -1.97222 4.13311 -1.17866 0.0417897 -1.16989 7.1487 1.05194 1.74293 -1.1059 0.159237 -1.49049
1 10.87 5.59794 -1.93014 4.20282 -1.22409 -0.0108703 -1.19859 6.76574 0.897365 1.17992 -0.0389223 -0.07922 -5.87762
4 10.87 1.5 0 1.5 0 0 1.57075 0 0 0 0 0 0
5 10.87 50 0.00436544 7
6 10.87 -27.3685 1.17444 -0.410306 -14.0061
0 10.88 5.38682 -1.95733 4.1495 -1.18989 0.0285169 -1.17696 7.23149 1.09608 1.66653 -1.09101 0.164554 -1.47007
1 10.88 5.67607 -1.91349 4.21616 -1.23433 -0.0236245 -1.20494 7.82374 1.3343 1.52965 -5.12051 -1.15573 -2.81121
4 10.88 1.5 0 1.5 0 0 1.57075 0 0 0 0 0 0
5 10.88 50 0.0105214 20
6 10.88 42.1162 -4.52842 -1.64782 -4.28179
0 10.89 5.45057 -1.94528 4.16299 -1.20327 0.0122468 -1.18543 7.30062 1.13111 1.60484 -1.07488 0.172582 -1.46073
1 10.89 5.74259 -1.90004 4.22718 -1.2466 -0.0398 -1.21287 7.37283 1.16 1.24238 -2.43178 -6.34484 -1.72344
4 10.89 1.5 0 1.5 0 0 1.57075 0 0 0 0 0 0
5 10.89 50 0.00454712 8
6 10.89 5.1044 -1.53887 -7.60781 -0.838912
0 10.9 5.54922 -1.92469 4.18165 -1.21131 0.00231587 -1.19052 7.41787 1.19623 1.51408 -1.06881 0.167666 -1.45317
1 10.9 5.84594 -1.87684 4.24221 -1.25412 -0.0497358 -1.21725 6.79625 0.948379 0.870176 -3.2852 -8.30551 4.6835
4 10.9 1.5 0 1.5 0 0 1.57075 0 0 0 0 0 0
5 10.9 50 0.00900555 20
6 10.9 -43.7883 -2.49986 -9.85029 19.5911
0 10.92 5.66612 -1.90142 4.20264 -1.23571 -0.0274373 -1.20509 7.54944 1.26423 1.40957 -1.04975 0.179809 -1.45638
1 10.92 5.96809 -1.85085 4.25903 -1.27699 -0.0800874 -1.23105 7.06564 1.07364 0.836179 -1.87181 -3.42572 -4.29051
4 10.92 1.5 0 1.5 0 0 1.57075 0 0 0 0 0 0
5 10.92 50 0.00287652 5
6 10.92 -33.7235 -0.94123 -4.26352 -9.04817
0 10.93 5.75225 -1.88273 4.21693 -1.24611 -0.0408321 -1.21143 7.64883 1.31767 1.31446 -1.04791 0.182351 -1.47225
1 10.93 6.05821 -1.83002 4.26951 -1.28698 -0.0943184 -1.23715 7.23 1.15373 0.770807 -2.23542 -0.41303 -2.24615
4 10.93 1.5 0 1.5 0 0 1.57075 0 0 0 0 0 0
5 10.93 50 0.00441885 9
6 10.93 -29.0645 -1.35068 -0.811058 -2.4709
0 10.94 5.84962 -1.86272 4.23188 -1.25625 -0.0545065 -1.21784 7.75506 1.36944 1.2152 -1.03585 0.190367 -1.48515
1 10.94 6.15983 -1.80794 4.28049 -1.29629 -0.108642 -1.2435 7.32187 1.20109 0.671845 -2.23748 -4.98273 -2.59415
4 10.94 1.5 0 1.5 0 0 1.57075 0 0 0 0 0 0
5 10.94 50 0.00335264 6
6 10.94 -29.9303 -1.36764 -6.06281 -3.54071
0 10.96 5.94313 -1.84163 4.24475 -1.27599 -0.0817197 -1.23024 7.85272 1.41485 1.12839 -1.00504 0.200982 -1.4445
1 10.96 6.25724 -1.78503 4.28989 -1.31419 -0.134671 -1.25481 7.69152 1.35319 0.683768 -5.6515 -0.0289415 -0.599017
4 10.96 1.5 0 1.5 0 0 1.57075 0 0 0 0 0 0
5 10.96 50 0.0121529 19
6 10.96 -11.0445 -5.22272 -0.384212 2.69899
