3 18.31 -10 0 0 0 0 0 0 0 0 0 0 0 0
0 18.31 1.64137 -0.0634026 1.54984 -0.0191104 0.0267894 1.5638 -0.017029 0.0256825 0.0600457 0.00476229 0.0164717 -0.00296975
1 18.31 1.64069 -0.0623753 1.55224 -0.0189234 0.0274459 1.56367 -0.0241499 0.0358115 0.0437843 -0.0252934 -0.0555992 -0.00867702
4 18.31 1.5 0 1.5 0 0 1.57075 0 0 0 0 0 0
5 18.31 40 0.0011301 2
6 18.31 23.051 -0.0336335 -0.0826873 -0.0182204
0 18.32 1.64141 -0.0633724 1.54991 -0.0190127 0.0269552 1.56378 -0.0164601 0.0249251 0.0587248 0.00741137 0.0121063 -0.00187509
1 18.32 1.64075 -0.0623754 1.55225 -0.0187185 0.027438 1.56369 -0.0235466 0.0351207 0.0426216 -0.025686 -0.0558289 -0.00800549
4 18.32 1.5 0 1.5 0 0 1.57075 0 0 0 0 0 0
5 18.32 40 0.00106812 2
6 18.32 23.0607 -0.0370347 -0.0779425 -0.0195712
0 18.33 1.6415 -0.0633923 1.54985 -0.0189465 0.026999 1.56373 -0.0159033 0.0241574 0.0573888 0.00706374 0.00839651 -0.00175612
1 18.33 1.64086 -0.062426 1.55214 -0.018666 0.0273334 1.56365 -0.0229678 0.0343748 0.0414738 -0.0262236 -0.0556395 -0.00797028
4 18.33 1.5 0 1.5 0 0 1.57075 0 0 0 0 0 0
5 18.33 40 0.00115347 2
6 18.33 23.0723 -0.0372466 -0.0734689 -0.0198386
0 18.34 1.64152 -0.06335 1.54993 -0.0188999 0.0270602 1.5637 -0.0154094 0.0236508 0.0529675 0.0030853 0.00862237 0.000184278
1 18.34 1.64091 -0.062404 1.55204 -0.0187765 0.0274051 1.5637 -0.0224666 0.0339069 0.0376243 -0.0268208 -0.055512 -0.00687752
4 18.34 1.5 0 1.5 0 0 1.57075 0 0 0 0 0 0
5 18.34 40 0.000941515 2
6 18.34 23.1073 -0.033462 -0.0735828 -0.0225448
0 18.36 1.64161 -0.0633551 1.54974 -0.0189608 0.0270826 1.56371 -0.0144183 0.0228701 0.0341844 -0.00726405 -0.00690653 0.00310677
1 18.36 1.64103 -0.0624403 1.55111 -0.0192479 0.0268088 1.56384 -0.0215455 0.0332028 0.021344 -0.0276603 -0.0561414 -0.00515038
4 18.36 1.5 0 1.5 0 0 1.57075 0 0 0 0 0 0
5 18.36 40 0.00100923 2
6 18.36 23.2607 -0.0228233 -0.0564864 -0.0263609
0 18.37 1.64163 -0.0633079 1.54958 -0.0190365 0.0269726 1.56371 -0.0137233 0.0222 0.0149529 -0.0105409 -0.017135 0.00390625
1 18.37 1.64108 -0.0624199 1.55018 -0.0194535 0.0262903 1.56388 -0.0209276 0.0325602 0.00466161 -0.0277798 -0.0561867 -0.00467402
4 18.37 1.5 0 1.5 0 0 1.57075 0 0 0 0 0 0
5 18.37 40 0.00120544 2
6 18.37 23.4169 -0.0192943 -0.0448014 -0.0273923
0 18.38 1.64174 -0.0633128 1.54877 -0.0191703 0.026682 1.56373 -0.0128584 0.0210772 -0.0262311 -0.0144283 -0.028125 -0.00195598
1 18.38 1.64122 -0.0624697 1.54772 -0.0197489 0.0255557 1.56367 -0.0202191 0.031474 -0.031026 -0.0275177 -0.0557781 -0.00867132
4 18.38 1.5 0 1.5 0 0 1.57075 0 0 0 0 0 0
5 18.38 40 0.00106096 2
6 18.38 23.7536 -0.0146412 -0.0317294 -0.0214383
0 18.39 1.64177 -0.0632637 1.54794 -0.0193224 0.0264005 1.5637 -0.0123517 0.0203631 -0.061354 -0.0186228 -0.0358232 -0.00387119
1 18.39 1.64127 -0.0624492 1.54548 -0.0200707 0.0249649 1.56357 -0.0198631 0.0307778 -0.0613864 -0.027134 -0.0552975 -0.00995305
4 18.39 1.5 0 1.5 0 0 1.57075 0 0 0 0 0 0
5 18.39 40 0.00100636 2
6 18.39 24.0454 -0.00951186 -0.0223493 -0.0194156
0 18.4 1.64186 -0.0632931 1.54682 -0.0195421 0.0259256 1.56365 -0.0112539 0.0193542 -0.103571 -0.0195206 -0.0440746 -0.00182813
1 18.4 1.64141 -0.0625189 1.54268 -0.020324 0.0241615 1.56361 -0.0189635 0.0297331 -0.0978608 -0.0266356 -0.0541303 -0.00868889
4 18.4 1.5 0 1.5 0 0 1.57075 0 0 0 0 0 0
5 18.4 40 0.00106668 2
6 18.4 24.3971 -0.00795443 -0.0115401 -0.021902
0 18.41 1.6419 -0.0632736 1.54544 -0.01973 0.0254762 1.56357 -0.0103658 0.018314 -0.146218 -0.0183979 -0.0433877 -0.00483198
1 18.41 1.64149 -0.0625411 1.53959 -0.02047 0.0237372 1.56341 -0.018266 0.0286663 -0.134606 -0.025802 -0.052988 -0.0112244
4 18.41 1.5 0 1.5 0 0 1.57075 0 0 0 0 0 0
5 18.41 40 0.00101447 2
6 18.41 24.7586 -0.00826736 -0.011022 -0.0204069
0 18.43 1.642 -0.0632909 1.54278 -0.0201127 0.0248492 1.56327 -0.00914246 0.0168124 -0.215984 -0.0184527 -0.0254719 -0.0119311
1 18.43 1.64163 -0.0626184 1.53414 -0.0208621 0.023821 1.56281 -0.0173949 0.0271643 -0.194393 -0.0243253 -0.0505188 -0.0169193
4 18.43 1.5 0 1.5 0 0 1.57075 0 0 0 0 0 0
5 18.43 40 0.00131202 3
6 18.43 25.3699 -0.00654611 -0.0287552 -0.0159244
0 18.44 1.64204 -0.0632557 1.53968 -0.0202314 0.0246982 1.56321 -0.00801461 0.0155504 -0.283262 -0.0124947 -0.019061 -0.0114855
1 18.44 1.64172 -0.0626337 1.52835 -0.0207422 0.0239267 1.56276 -0.0165183 0.0260913 -0.251585 -0.023009 -0.0504431 -0.0179811
4 18.44 1.5 0 1.5 0 0 1.57075 0 0 0 0 0 0
5 18.44 40 0.00125885 3
6 18.44 25.988 -0.0117466 -0.0360174 -0.020737
0 18.45 1.64213 -0.0632797 1.53586 -0.0203345 0.0245275 1.56307 -0.00638696 0.014374 -0.351508 -0.00526718 -0.015683 -0.0105276
1 18.45 1.64188 -0.0627048 1.5218 -0.0205552 0.0238917 1.56266 -0.0151804 0.0251465 -0.307578 -0.0215568 -0.052634 -0.0210744
4 18.45 1.5 0 1.5 0 0 1.57075 0 0 0 0 0 0
5 18.45 40 0.00104475 2
6 18.45 26.7388 -0.018213 -0.0423994 -0.0336705
0 18.47 1.64221 -0.0632546 1.52985 -0.020484 0.0243528 1.56283 -0.00458192 0.0125695 -0.444468 -0.00716136 -0.00215459 -0.0126854
1 18.47 1.64203 -0.0627518 1.51207 -0.0207828 0.0242563 1.56233 -0.0137385 0.0236305 -0.385769 -0.0208911 -0.0513341 -0.023404
4 18.47 1.5 0 1.5 0 0 1.57075 0 0 0 0 0 0
5 18.47 40 0.00108504 2
6 18.47 27.6438 -0.0153601 -0.0564323 -0.0342191
0 18.48 1.64231 -0.0632761 1.52348 -0.0205115 0.0243755 1.56264 -0.00277302 0.0107627 -0.528965 -0.000762802 0.00372828 -0.0138854
1 18.48 1.6422 -0.0628456 1.50232 -0.0205557 0.0245132 1.56208 -0.0125085 0.0225228 -0.442278 -0.0183415 -0.0626009 -0.0417054
4 18.48 1.5 0 1.5 0 0 1.57075 0 0 0 0 0 0
5 18.48 40 0.000813007 1
6 18.48 29.359 -0.0196732 -0.0761019 -0.0888153
0 18.49 1.64241 -0.0632686 1.51434 -0.0204838 0.024489 1.56248 -0.000500876 0.00859156 -0.635367 0.00320522 0.00970978 -0.0128514
1 18.49 1.64239 -0.0629249 1.48893 -0.0203684 0.0248668 1.56195 -0.0106518 0.0209316 -0.527432 -0.0178642 -0.0628871 -0.0428317
4 18.49 1.5 0 1.5 0 0 1.57075 0 0 0 0 0 0
5 18.49 40 0.000675678 1
6 18.49 30.6611 -0.023585 -0.0832887 -0.0957123
0 18.51 1.64251 -0.0632802 1.50476 -0.0204281 0.0246903 1.56215 0.00113359 0.00683142 -0.72485 0.00737099 0.0160973 -0.0168141
1 18.51 1.64256 -0.063007 1.47577 -0.0201501 0.0253204 1.56146 -0.0093568 0.019733 -0.598511 -0.0173693 -0.0635793 -0.0464689
4 18.51 1.5 0 1.5 0 0 1.57075 0 0 0 0 0 0
5 18.51 40 0.000617743 1
6 18.51 31.7891 -0.0277043 -0.0914045 -0.094673
0 18.52 1.64262 -0.0633021 1.49446 -0.0203698 0.0248332 1.56186 0.00355972 0.00442826 -0.81545 0.00455359 0.00651615 -0.0231178
1 18.52 1.64277 -0.063125 1.46184 -0.0202108 0.025075 1.56093 -0.00727558 0.017878 -0.67028 -0.0176556 -0.0636462 -0.051225
4 18.52 1.5 0 1.5 0 0 1.57075 0 0 0 0 0 0
5 18.52 40 0.000613213 1
6 18.52 32.9431 -0.0248623 -0.0804901 -0.0897323
0 18.53 1.64271 -0.0633123 1.48462 -0.0203405 0.0248561 1.56165 0.0058969 0.00213651 -0.903974 0.0039994 0.0041878 -0.0289489
1 18.53 1.64295 -0.0632269 1.44846 -0.0202094 0.0250001 1.56049 -0.0053968 0.0161944 -0.735098 -0.0173863 -0.0658511 -0.0574004
4 18.53 1.5 0 1.5 0 0 1.57075 0 0 0 0 0 0
5 18.53 40 0.00130701 2
6 18.53 34.3959 -0.0239385 -0.0803476 -0.0908315
0 18.55 1.64282 -0.0633389 1.47316 -0.0204045 0.0247281 1.56091 0.00820024 -0.000409856 -0.995887 -0.00883107 -0.010584 -0.041778
1 18.55 1.64315 -0.0633553 1.43333 -0.0207988 0.0242707 1.55925 -0.0037557 0.0143712 -0.795472 -0.0173974 -0.0692758 -0.0686172
4 18.55 1.5 0 1.5 0 0 1.57075 0 0 0 0 0 0
5 18.55 40 0.00104117 2
6 18.55 36.3285 -0.00954879 -0.067369 -0.0856839
0 18.56 1.64288 -0.0633447 1.46315 -0.0204832 0.024544 1.56032 0.00972856 -0.00287209 -1.07962 -0.00500946 -0.0152086 -0.0428582
1 18.56 1.64327 -0.0634596 1.41996 -0.0207254 0.0239007 1.55862 -0.00277864 0.0124341 -0.853889 -0.0165045 -0.0701194 -0.071105
4 18.56 1.5 0 1.5 0 0 1.57075 0 0 0 0 0 0
5 18.56 40 0.00193548 3
6 18.56 37.8796 -0.0128085 -0.0630182 -0.0901778
0 18.57 1.64298 -0.0633888 1.45026 -0.0205242 0.0243729 1.55989 0.0112549 -0.0054738 -1.17317 -0.00411427 -0.016667 -0.0442708
1 18.57 1.64343 -0.0636077 1.40333 -0.0207316 0.02367 1.55814 -0.0019877 0.0106008 -0.912136 -0.0155738 -0.0730934 -0.0755312
4 18.57 1.5 0 1.5 0 0 1.57075 0 0 0 0 0 0
5 18.57 40 0.00174141 3
6 18.57 40.0431 -0.0127618 -0.0647544 -0.0997986
0 18.58 1.64304 -0.0633924 1.43752 -0.0205733 0.024213 1.5595 0.012961 -0.00800996 -1.26691 -0.0053909 -0.0188477 -0.0478822
1 18.58 1.64356 -0.0637128 1.38684 -0.0208349 0.0234199 1.5576 -0.00139492 0.00927348 -0.952383 -0.0144612 -0.0806539 -0.0866375
4 18.58 1.5 0 1.5 0 0 1.57075 0 0 0 0 0 0
5 18.58 40 0.000956297 2
6 18.58 43.3212 -0.010075 -0.0709331 -0.123726
0 18.6 1.64317 -0.0634667 1.42068 -0.0207859 0.0237446 1.55834 0.0154102 -0.010918 -1.3726 -0.00631021 -0.0214626 -0.0576945
1 18.6 1.64379 -0.0639034 1.36577 -0.0210926 0.0228383 1.55605 0.000284457 0.00679697 -1.02707 -0.0142948 -0.077739 -0.0933879
4 18.6 1.5 0 1.5 0 0 1.57075 0 0 0 0 0 0
5 18.6 40 0.0014379 2
6 18.6 45.221 -0.00883277 -0.0645974 -0.113951
0 18.61 1.64325 -0.0634633 1.40039 -0.02086 0.0235456 1.55782 0.0170618 -0.0133778 -1.48135 -0.00736781 -0.0225525 -0.0620424
1 18.61 1.64393 -0.0639984 1.34113 -0.0212127 0.0225919 1.55536 0.000959102 0.00527592 -1.0906 -0.0137094 -0.0800119 -0.0975795
4 18.61 1.5 0 1.5 0 0 1.57075 0 0 0 0 0 0
5 18.61 40 0.00238347 4
6 18.61 47.9918 -0.00698122 -0.0659624 -0.113452
0 18.62 1.64337 -0.0635337 1.38192 -0.0209694 0.0232476 1.55705 0.0184442 -0.0159481 -1.57261 -0.00516543 -0.0245313 -0.0688241
1 18.62 1.64411 -0.0641716 1.31901 -0.0212395 0.0222089 1.55432 0.00137405 0.00350321 -1.13863 -0.0129886 -0.0813431 -0.10231
4 18.62 1.5 0 1.5 0 0 1.57075 0 0 0 0 0 0
5 18.62 40 0.00231123 4
6 18.62 50.6405 -0.00861526 -0.0652109 -0.106904
0 18.63 1.64339 -0.063501 1.3647 -0.021004 0.0229314 1.55631 0.0194732 -0.0180211 -1.64915 -0.00136579 -0.0344896 -0.082585
1 18.63 1.64417 -0.0642218 1.29874 -0.0211338 0.0214827 1.55303 0.00155901 0.00211031 -1.17521 -0.0123224 -0.0814565 -0.108289
4 18.63 1.5 0 1.5 0 0 1.57075 0 0 0 0 0 0
5 18.63 40 0.00242758 4
6 18.63 53.0886 -0.0120264 -0.0538956 -0.0820588
0 18.65 1.64349 -0.0635597 1.34367 -0.0211229 0.0222701 1.55491 0.0202157 -0.0205208 -1.73877 -0.00458847 -0.0374806 -0.0861029
1 18.65 1.6443 -0.0643806 1.27412 -0.0213824 0.0206984 1.5515 0.000922522 0.000473394 -1.20249 -0.0117314 -0.0830508 -0.111986
4 18.65 1.5 0 1.5 0 0 1.57075 0 0 0 0 0 0
5 18.65 40 0.00130892 3
6 18.65 56.9084 -0.00772824 -0.0523164 -0.0826324
0 18.66 1.64353 -0.0635437 1.32167 -0.021149 0.0217643 1.55363 0.0210214 -0.0229516 -1.83394 0.000672761 -0.0371675 -0.0979786
1 18.66 1.64437 -0.0644618 1.24832 -0.0212067 0.020195 1.54975 -0.00265945 0.0022644 -1.08677 -0.0133333 -0.0927413 -0.21192
4 18.66 1.5 0 1.5 0 0 1.57075 0 0 0 0 0 0
5 18.66 40 0.000749588 1
6 18.66 69.8308 -0.0153736 -0.0637555 -0.363758
0 18.67 1.6436 -0.0636058 1.30377 -0.0211677 0.0213785 1.55269 0.0218843 -0.0248243 -1.9077 0.00124457 -0.0394779 -0.101178
1 18.67 1.64448 -0.0645988 1.22746 -0.0212037 0.0197141 1.54867 -0.00258156 0.000791107 -1.12301 -0.0137852 -0.0883346 -0.214738
4 18.67 1.5 0 1.5 0 0 1.57075 0 0 0 0 0 0
5 18.67 40 0.000847578 1
6 18.67 72.1293 -0.0164901 -0.0560439 -0.362541
0 18.68 1.64363 -0.0635798 1.28333 -0.0211563 0.0210519 1.55188 0.0230197 -0.0272332 -1.99381 0.00668703 -0.0395516 -0.101686
1 18.68 1.64455 -0.0646691 1.20357 -0.0209737 0.0193841 1.54785 -0.00232093 -0.00105102 -1.16568 -0.0140584 -0.0846406 -0.21697
4 18.68 1.5 0 1.5 0 0 1.57075 0 0 0 0 0 0
5 18.68 40 0.000775576 1
6 18.68 74.7905 -0.0228832 -0.0516753 -0.368046
0 18.69 1.64372 -0.0636488 1.26444 -0.0211061 0.0206404 1.55079 0.0242171 -0.0293752 -2.06458 0.00857808 -0.0389232 -0.106981
1 18.69 1.64468 -0.0648238 1.18185 -0.0208506 0.0189935 1.54654 -0.00181411 -0.00288493 -1.19922 -0.0146027 -0.0801438 -0.220427
4 18.69 1.5 0 1.5 0 0 1.57075 0 0 0 0 0 0
5 18.69 40 0.0010016 1
6 18.69 77.0713 -0.0255965 -0.0472172 -0.362176
0 18.7 1.64375 -0.0636278 1.24302 -0.0210279 0.0201012 1.54952 0.0255298 -0.0317401 -2.14114 0.0120789 -0.0412447 -0.118454
1 18.7 1.64477 -0.0648974 1.15737 -0.0206393 0.0183522 1.54481 -0.00122789 -0.00505494 -1.2348 -0.0151294 -0.0735231 -0.22429
4 18.7 1.5 0 1.5 0 0 1.57075 0 0 0 0 0 0
5 18.7 40 0.000993013 1
6 18.7 79.5815 -0.0300439 -0.0369151 -0.337881
0 18.71 1.64385 -0.0637287 1.22303 -0.0209388 0.0195664 1.54818 0.0269543 -0.0343689 -2.20289 0.00717202 -0.056193 -0.133227
1 18.71 1.64493 -0.0651035 1.13491 -0.0207553 0.0172076 1.5429 -0.000386599 -0.00764236 -1.26146 -0.0162491 -0.0627206 -0.228528
4 18.71 1.5 0 1.5 0 0 1.57075 0 0 0 0 0 0
5 18.71 40 0.000805378 1
6 18.71 81.7305 -0.0255936 -0.00740994 -0.30425
0 18.73 1.64392 -0.0637383 1.18644 -0.0209863 0.0183997 1.5458 0.0285591 -0.0375527 -2.28847 -0.00415289 -0.0708522 -0.156193
1 18.73 1.64507 -0.0652404 1.09491 -0.0212663 0.0154351 1.53961 5.11931e-05 -0.011275 -1.29203 -0.0180019 -0.045846 -0.235638
4 18.73 1.5 0 1.5 0 0 1.57075 0 0 0 0 0 0
5 18.73 40 0.000648499 1
6 18.73 85.0994 -0.0145904 0.0286365 -0.253629
0 18.74 1.64404 -0.0638524 1.16122 -0.0210706 0.0175554 1.54409 0.0299613 -0.039676 -2.34584 -0.00769524 -0.0784293 -0.174642
1 18.74 1.64524 -0.0654394 1.06739 -0.0214998 0.0142717 1.53717 0.000580725 -0.0138421 -1.31204 -0.0188964 -0.0342807 -0.240788
4 18.74 1.5 0 1.5 0 0 1.57075 0 0 0 0 0 0
5 18.74 40 0.000822544 1
6 18.74 87.3877 -0.0114126 0.0505412 -0.21117
0 18.75 1.64407 -0.0638187 1.133 -0.0211424 0.0165114 1.54198 0.0314049 -0.0414433 -2.41421 0.00587667 -0.081261 -0.188091
1 18.75 1.64533 -0.0654764 1.03643 -0.0210304 0.0131026 1.53453 0.0010452 -0.0162973 -1.33739 -0.0184634 -0.0230917 -0.239318
4 18.75 1.5 0 1.5 0 0 1.57075 0 0 0 0 0 0
5 18.75 40 0.000712156 1
6 18.75 90.0217 -0.0259839 0.0668306 -0.163543
0 18.76 1.64422 -0.0639586 1.10342 -0.0210847 0.0156539 1.54007 0.0330213 -0.0430954 -2.48415 0.0101024 -0.0798969 -0.204038
1 18.76 1.64554 -0.0656824 1.00405 -0.0208073 0.0122866 1.53197 0.00183614 -0.0184254 -1.36267 -0.0188549 -0.0145948 -0.242355
4 18.76 1.5 0 1.5 0 0 1.57075 0 0 0 0 0 0
5 18.76 40 0.000923395 1
6 18.76 92.7574 -0.0310669 0.0750936 -0.122329
0 18.78 1.64424 -0.0639251 1.06904 -0.020738 0.0140424 1.53542 0.034562 -0.0449728 -2.55912 0.0284715 -0.0678351 -0.223043
1 18.78 1.64563 -0.0657241 0.96668 -0.0197236 0.0111445 1.52655 0.00292711 -0.0218826 -1.38801 -0.0182872 -0.00208606 -0.238996
4 18.78 1.5 0 1.5 0 0 1.57075 0 0 0 0 0 0
5 18.78 40 0.000781298 1
6 18.78 95.795 -0.051081 0.0759621 -0.050933
0 18.79 1.6444 -0.0640765 1.03484 -0.0205037 0.0135898 1.53397 0.0363615 -0.046695 -2.63602 0.0437476 -0.0644853 -0.228228
1 18.79 1.64586 -0.0659443 0.929399 -0.0188772 0.0108238 1.5249 0.00409648 -0.02356 -1.41471 -0.0176389 0.00137065 -0.237607
4 18.79 1.5 0 1.5 0 0 1.57075 0 0 0 0 0 0
5 18.79 40 0.000671148 1
6 18.79 98.8699 -0.0674817 0.0763862 -0.0299458
0 18.8 1.64442 -0.0640417 1.00361 -0.0198244 0.0127955 1.53093 0.0380587 -0.0484304 -2.71484 0.0615412 -0.0541382 -0.236358
1 18.8 1.64594 -0.065979 0.895012 -0.0174832 0.010443 1.52152 0.00596859 -0.0258603 -1.44479 -0.0169937 0.00577078 -0.232779
4 18.8 1.5 0 1.5 0 0 1.57075 0 0 0 0 0 0
5 18.8 40 0.00065732 1
6 18.8 101.854 -0.0868265 0.0699414 0.0114223
0 18.81 1.64456 -0.0641734 0.974681 -0.0191524 0.01224 1.52795 0.0398364 -0.0499627 -2.78774 0.0592861 -0.0326494 -0.249348
1 18.81 1.64615 -0.0661719 0.863171 -0.0169027 0.0107433 1.518 0.00804772 -0.0276764 -1.47237 -0.0180407 0.00490715 -0.238101
4 18.81 1.5 0 1.5 0 0 1.57075 0 0 0 0 0 0
5 18.81 40 0.000754356 1
6 18.81 104.628 -0.0858555 0.0443156 0.0359046
0 18.82 1.64457 -0.064134 0.940599 -0.0187033 0.0120516 1.52598 0.0413996 -0.051208 -2.86756 0.061734 -0.011988 -0.25126
1 18.82 1.64622 -0.0661824 0.825897 -0.016355 0.0113842 1.51594 0.00947749 -0.0285554 -1.50098 -0.0181281 -0.000665637 -0.241477
4 18.82 1.5 0 1.5 0 0 1.57075 0 0 0 0 0 0
5 18.82 40 0.000609875 1
6 18.82 107.764 -0.089112 0.014277 0.0312314
0 18.83 1.6447 -0.0642501 0.909113 -0.0181619 0.0120998 1.52337 0.0427167 -0.0525634 -2.94155 0.0479134 0.0227119 -0.248513
1 18.83 1.6464 -0.0663526 0.791452 -0.0163658 0.0128276 1.51341 0.0109739 -0.0291724 -1.52742 -0.0197861 -0.0125486 -0.251791
4 18.83 1.5 0 1.5 0 0 1.57075 0 0 0 0 0 0
5 18.83 40 0.000702381 1
6 18.83 110.676 -0.0762113 -0.0394675 -0.0104663
0 18.85 1.64471 -0.0642271 0.872191 -0.0176949 0.0129499 1.51865 0.0439349 -0.0540366 -3.02892 0.00820628 0.0681076 -0.245025
1 18.85 1.64647 -0.0663886 0.751034 -0.0174942 0.0155004 1.50881 0.0122692 -0.028227 -1.55855 -0.0237367 -0.0362415 -0.277621
4 18.85 1.5 0 1.5 0 0 1.57075 0 0 0 0 0 0
5 18.85 40 0.000742674 1
6 18.85 114.122 -0.0371064 -0.119555 -0.104062
0 18.86 1.64489 -0.064418 0.833112 -0.0177422 0.0136936 1.51615 0.0450374 -0.0560264 -3.12119 -0.00350223 0.080335 -0.247741
1 18.86 1.6467 -0.066659 0.708265 -0.0180188 0.0167307 1.50618 0.0124241 -0.0278865 -1.59191 -0.0240366 -0.0494178 -0.296189
4 18.86 1.5 0 1.5 0 0 1.57075 0 0 0 0 0 0
5 18.86 40 0.00075078 1
6 18.86 117.733 -0.0246042 -0.14894 -0.154671
0 18.87 1.6449 -0.0643894 0.797132 -0.0178642 0.0142822 1.51427 0.0460501 -0.0580054 -3.21208 -0.0141586 0.0790833 -0.253298
1 18.87 1.64674 -0.0667097 0.668649 -0.018576 0.017264 1.50408 0.0123638 -0.027805 -1.6267 -0.0239397 -0.0572308 -0.31267
4 18.87 1.5 0 1.5 0 0 1.57075 0 0 0 0 0 0
5 18.87 40 0.00102735 1
6 18.87 121.171 -0.012583 -0.156694 -0.189549
0 18.88 1.64501 -0.0645261 0.766791 -0.0181891 0.0150429 1.51178 0.0468455 -0.0596415 -3.28553 -0.0358517 0.078876 -0.247967
1 18.88 1.64689 -0.0669118 0.63537 -0.0197732 0.0180171 1.5018 0.0118808 -0.0270714 -1.65381 -0.0249233 -0.0667519 -0.332668
4 18.88 1.5 0 1.5 0 0 1.57075 0 0 0 0 0 0
5 18.88 40 0.000668287 1
6 18.88 124.012 0.0106279 -0.16782 -0.270412
0 18.9 1.64505 -0.0645444 0.722302 -0.0195262 0.0165395 1.50563 0.0477915 -0.0619071 -3.38874 -0.0655778 0.0588856 -0.257288
1 18.9 1.64696 -0.0670207 0.586752 -0.0223203 0.0186935 1.49529 0.00930156 -0.0247446 -1.69075 -0.0250553 -0.0776953 -0.371246
4 18.9 1.5 0 1.5 0 0 1.57075 0 0 0 0 0 0
5 18.9 40 0.000676394 1
6 18.9 128.078 0.0441016 -0.158102 -0.363815
0 18.91 1.64521 -0.0647495 0.687374 -0.0202092 0.0169866 1.50317 0.0483815 -0.0639126 -3.46282 -0.0715709 0.0492867 -0.269199
1 18.91 1.64714 -0.067306 0.548861 -0.0232556 0.0187401 1.49236 0.00768497 -0.0247252 -1.71563 -0.0237389 -0.080581 -0.392865
4 18.91 1.5 0 1.5 0 0 1.57075 0 0 0 0 0 0
5 18.91 40 0.000761509 1
6 18.91 131.095 0.0524342 -0.150598 -0.39481
