2 14.94 0.114799
2 14.95 0.11528
2 14.96 0.114515
2 14.97 0.113633
2 14.98 0.1079
2 15 0.0999791
2 15 0.0885722
2 15.02 0.0746448
2 15.03 0.0603338
2 15.04 0.05
2 15.06 0.05
2 15.07 0.05
2 15.09 0.05
2 15.1 0.05
2 15.11 0.05
2 15.13 0.05
2 15.14 0.05
2 15.15 0.05
2 15.16 0.05
2 15.18 0.05
2 15.18 0.05
2 15.2 0.05
2 15.21 0.05
2 15.22 0.05
2 15.22 0.05
2 15.24 0.05
2 0 0.111824
2 0.02 0.113951
2 0.03 0.115024
2 0.04 0.116969
2 0.06 0.103892
2 0.07 0.101209
2 0.08 0.0953037
2 0.09 0.0981234
2 0.1 0.0909573
2 0.12 0.0784647
2 0.13 0.0673504
2 0.14 0.0620587
2 0.16 0.05
2 0.17 0.05
2 0.18 0.05
2 0.19 0.05
2 0.2 0.05
2 0.21 0.05
2 0.23 0.05
2 0.24 0.05
2 0.25 0.05
2 0.26 0.05
2 0.27 0.05
2 0.28 0.05
2 0.29 0.05
2 0.3 0.05
2 0.32 0.05
2 0.33 0.05
2 0.34 0.05
2 0.35 0.05
2 0.37 0.05
2 0.38 0.05
2 0.39 0.05
2 0.4 0.05
2 0.42 0.05
2 0.43 0.05
2 0.44 0.05
2 0.46 0.05
2 0.47 0.05
2 0.48 0.05
2 0.49 0.05
2 0.51 0.05
2 0.52 0.05
2 0.53 0.05
2 0.54 0.05
2 0.56 0.05
2 0.57 0.05
2 0.58 0.05
2 0.59 0.05
2 0.6 0.05
2 0.61 0.05
2 0.62 0.05
2 0.64 0.05
2 0.65 0.05
2 0.66 0.05
2 0.67 0.05
2 0.68 0.05
2 0.69 0.05
2 0.71 0.05
2 0.72 0.05
2 0.73 0.05
2 0.74 0.05
2 0.75 0.05
2 0.77 0.05
2 0.78 0.05
2 0.79 0.05
2 0.8 0.05
2 0.81 0.05
2 0.83 0.05
2 0.84 0.05
2 0.85 0.05
2 0.86 0.05
2 0.87 0.0558011
2 0.89 0.106089
2 0.9 0.138736
2 0.91 0.18242
2 0.92 0.23244
2 0.93 0.262486
2 0.94 0.289536
2 0.96 0.346999
2 0.97 0.38317
2 0.98 0.423281
2 1 0.49275
2 1.01 0.525258
2 1.03 0.570802
2 1.04 0.619199
2 1.06 0.661391
2 1.08 0.719056
2 1.09 0.745432
2 1.1 0.782972
2 1.12 0.8
2 1.13 0.8
2 1.14 0.8
2 1.15 0.8
2 1.17 0.8
2 1.18 0.8
2 1.19 0.8
2 1.2 0.8
2 1.22 0.8
2 1.23 0.8
2 1.24 0.8
2 1.25 0.8
2 1.26 0.8
2 1.27 0.8
2 1.29 0.8
2 1.3 0.8
2 1.31 0.8
2 1.32 0.8
2 1.34 0.8
2 1.35 0.8
2 1.36 0.8
2 1.37 0.8
2 1.38 0.8
2 1.4 0.8
2 1.4 0.8
2 1.42 0.8
2 1.43 0.8
2 1.44 0.8
2 1.45 0.8
2 1.46 0.8
2 1.47 0.8
2 1.48 0.8
2 1.5 0.8
2 1.51 0.8
2 1.53 0.8
2 1.54 0.8
2 1.55 0.8
2 1.57 0.8
2 1.58 0.8
2 1.59 0.8
2 1.6 0.8
2 1.61 0.8
2 1.62 0.8
2 1.63 0.8
2 1.65 0.8
2 1.67 0.8
2 1.68 0.8
2 1.69 0.8
2 1.71 0.8
2 1.72 0.8
2 1.74 0.8
2 1.75 0.8
2 1.76 0.8
2 1.77 0.8
2 1.79 0.8
2 1.8 0.8
2 1.81 0.8
2 1.83 0.8
2 1.83 0.8
2 1.84 0.8
2 1.85 0.8
2 1.88 0.8
2 1.89 0.8
2 1.9 0.8
2 1.91 0.8
2 1.92 0.8
2 1.93 0.8
2 1.94 0.8
2 1.96 0.8
2 1.98 0.8
2 1.99 0.8
2 2 0.8
2 2.01 0.8
2 2.03 0.8
2 2.04 0.8
2 2.05 0.8
2 2.06 0.693853
2 2.08 0.8
2 2.09 0.61149
2 2.1 0.573663
2 2.11 0.557861
2 2.13 0.8
2 2.14 0.8
2 2.15 0.8
2 2.17 0.8
2 2.18 0.391479
2 2.19 0.433827
2 2.2 0.8
2 2.21 0.8
2 2.22 0.688564
2 2.23 0.511298
2 2.24 0.534753
2 2.26 0.68832
2 2.27 0.543164
2 2.28 0.374704
2 2.29 0.752928
2 2.31 0.8
2 2.32 0.52599
2 2.33 0.8
2 2.34 0.599102
2 2.36 0.8
2 2.38 0.605932
2 2.39 0.780355
2 2.41 0.475324
2 2.42 0.569812
2 2.42 0.8
2 2.43 0.570333
2 2.45 0.272003
2 2.45 0.443002
2 2.47 0.337042
2 2.48 0.549431
2 2.5 0.64736
2 2.51 0.8
2 2.52 0.8
2 2.53 0.677511
2 2.55 0.705781
2 2.56 0.8
2 2.57 0.05
2 2.58 0.8
2 2.59 0.8
2 2.61 0.665771
2 2.62 0.8
2 2.63 0.8
2 2.65 0.8
2 2.66 0.8
2 2.68 0.8
2 2.69 0.8
2 2.7 0.8
2 2.71 0.8
2 2.73 0.8
2 2.74 0.8
2 2.75 0.8
2 2.76 0.8
2 2.77 0.8
2 2.79 0.8
2 2.8 0.8
2 2.81 0.8
2 2.83 0.8
2 2.84 0.8
2 2.85 0.8
2 2.87 0.8
2 2.88 0.8
2 2.89 0.8
2 2.9 0.8
2 2.92 0.8
2 2.93 0.8
2 2.94 0.8
2 2.95 0.8
2 2.96 0.8
2 2.98 0.8
2 2.99 0.543499
2 3 0.8
2 3.01 0.8
2 3.02 0.05
2 3.04 0.53216
2 3.05 0.8
2 3.06 0.162174
2 3.07 0.730528
2 3.08 0.313683
2 3.09 0.462381
2 3.1 0.8
2 3.12 0.8
2 3.13 0.460546
2 3.14 0.351143
2 3.15 0.202874
2 3.17 0.455805
2 3.18 0.05
2 3.19 0.05
2 3.2 0.05
2 3.21 0.05
2 3.22 0.256631
2 3.24 0.222522
2 3.25 0.114966
2 3.26 0.149877
2 3.27 0.05
2 3.28 0.05
2 3.29 0.05
2 3.31 0.093515
2 3.32 0.107604
2 3.33 0.119206
2 3.35 0.205475
2 3.36 0.154608
2 3.37 0.153989
2 3.38 0.12501
2 3.4 0.0634643
2 3.41 0.05
2 3.42 0.05
2 3.44 0.05
2 3.45 0.05
2 3.46 0.05
2 3.47 0.05
2 3.48 0.05
2 3.49 0.05
2 3.51 0.05
2 3.52 0.05
2 3.53 0.05
2 3.55 0.05
2 3.56 0.05
2 3.57 0.05
2 3.58 0.05
2 3.59 0.05
2 3.61 0.05
2 3.62 0.05
2 3.63 0.05
2 3.64 0.05
