2 2.87 0.181815
2 2.88 0.182652
2 2.9 0.183319
2 2.91 0.181976
2 2.93 0.179094
2 2.93 0.177198
2 2.94 0.17259
2 2.95 0.163825
2 2.97 0.15277
2 2.98 0.147321
2 3 0.1357
2 3 0.122632
2 3.01 0.109308
2 3.02 0.0975903
2 3.03 0.0853221
2 3.04 0.0662126
2 3.06 0.05
2 3.07 0.05
2 3.08 0.05
2 3.1 0.05
2 3.11 0.05
2 3.12 0.05
2 3.13 0.05
2 3.15 0.05
2 3.15 0.05
2 3.17 0.05
2 3.18 0.05
2 3.19 0.05
2 3.21 0.05
2 3.22 0.05
2 3.23 0.05
2 3.24 0.05
2 3.26 0.05
2 3.27 0.05
2 3.28 0.05
2 3.3 0.05
2 3.32 0.05
2 3.34 0.05
2 3.34 0.05
2 3.35 0.05
2 3.37 0.05
2 3.38 0.05
2 3.4 0.05
2 3.4 0.05
2 3.41 0.05
2 3.43 0.05
2 3.44 0.05
2 3.45 0.05
2 3.46 0.05
2 3.47 0.05
2 3.48 0.05
2 3.5 0.05
2 3.51 0.05
2 3.52 0.05
2 3.54 0.05
2 3.55 0.05
2 3.57 0.05
2 3.57 0.05
2 3.58 0.05
2 3.59 0.05
2 3.61 0.05
2 3.62 0.05
2 3.63 0.05
2 3.64 0.05
2 3.65 0.05
2 3.66 0.05
2 3.68 0.05
2 3.69 0.05
2 3.7 0.05
2 3.71 0.05
2 3.73 0.05
2 3.74 0.05
2 3.75 0.05
2 3.76 0.05
2 3.78 0.05
2 3.8 0.05
2 3.8 0.05
2 3.81 0.05
2 3.83 0.05
2 3.84 0.05
2 3.85 0.05
2 3.86 0.05
2 3.87 0.05
2 3.88 0.05
2 3.91 0.05
2 3.91 0.05
2 3.92 0.05
2 3.93 0.05
2 3.95 0.05
2 3.95 0.05
2 3.96 0.05
2 3.97 0.05
2 3.98 0.05
2 4 0.05
2 4.01 0.05
2 4.02 0.05
2 4.03 0.05
2 4.04 0.05
2 4.06 0.05
2 4.07 0.05
2 4.08 0.05
2 4.1 0.05
2 4.11 0.05
2 4.12 0.05
2 4.14 0.05
2 4.14 0.05
2 4.16 0.05
2 4.17 0.05
2 4.18 0.05
2 4.19 0.05
2 4.22 0.05
2 4.22 0.05
2 4.23 0.05
2 4.24 0.05
2 4.25 0.05
2 4.27 0.05
2 4.28 0.05
2 4.29 0.05
2 4.31 0.05
2 4.32 0.05
2 4.33 0.0829955
2 4.35 0.115398
2 4.35 0.151641
2 4.37 0.213191
2 4.38 0.252351
2 4.39 0.28729
2 4.4 0.309247
2 4.42 0.371325
2 4.44 0.40437
2 4.44 0.443079
2 4.46 0.470973
2 4.47 0.448229
2 4.48 0.476749
2 4.49 0.50811
2 4.51 0.561392
2 4.52 0.587728
2 4.53 0.625164
2 4.54 0.657845
2 4.55 0.688035
2 4.58 0.741233
2 4.58 0.762911
2 4.59 0.8
2 4.61 0.8
2 4.61 0.8
2 4.63 0.8
2 4.65 0.8
2 4.66 0.8
2 4.67 0.8
2 4.68 0.8
2 4.69 0.8
2 4.7 0.8
2 4.71 0.8
2 4.73 0.8
2 4.74 0.8
2 4.75 0.8
2 4.78 0.8
2 4.78 0.8
2 4.79 0.8
2 4.8 0.8
2 4.82 0.8
2 4.84 0.8
2 4.84 0.8
2 4.86 0.8
2 4.87 0.8
2 4.88 0.8
2 4.89 0.8
2 4.91 0.8
2 4.93 0.8
2 4.94 0.8
2 4.94 0.8
2 4.95 0.8
2 4.97 0.8
2 4.98 0.8
2 4.99 0.8
2 5.01 0.8
2 5.01 0.8
2 5.03 0.8
2 5.03 0.8
2 5.05 0.8
2 5.06 0.8
2 5.07 0.8
2 5.09 0.8
2 5.1 0.8
2 5.12 0.8
2 5.13 0.8
2 5.14 0.8
2 5.15 0.8
2 5.17 0.8
2 5.18 0.8
2 5.19 0.8
2 5.21 0.8
2 5.21 0.8
2 5.23 0.8
2 5.25 0.8
2 5.26 0.8
2 5.27 0.8
2 5.28 0.8
2 5.29 0.8
2 5.3 0.8
2 5.31 0.8
2 5.33 0.8
2 5.35 0.8
2 5.35 0.8
2 5.36 0.8
2 5.38 0.8
2 5.39 0.8
2 5.41 0.8
2 5.42 0.8
2 5.43 0.8
2 5.45 0.8
2 5.46 0.8
2 5.47 0.8
2 5.48 0.8
2 5.49 0.8
2 5.51 0.8
2 5.52 0.8
2 5.52 0.8
2 5.53 0.8
2 5.55 0.8
2 5.56 0.8
2 5.58 0.8
2 5.58 0.8
2 5.6 0.8
2 5.61 0.8
2 5.62 0.8
2 5.64 0.8
2 5.66 0.8
2 5.67 0.8
2 5.68 0.8
2 5.68 0.8
2 5.69 0.8
2 5.72 0.8
2 5.72 0.8
2 5.73 0.8
2 5.75 0.8
2 5.76 0.8
2 5.77 0.8
2 5.78 0.684307
2 5.8 0.657098
2 5.81 0.618826
2 5.82 0.589487
2 5.83 0.571018
2 5.84 0.546105
2 5.85 0.523282
2 5.86 0.503449
2 5.88 0.453293
2 5.9 0.435172
2 5.91 0.397099
2 5.93 0.368932
2 5.94 0.346345
2 5.94 0.330292
2 5.97 0.270995
2 5.98 0.230973
2 6 0.207581
2 6 0.188062
2 6.02 0.162005
2 6.04 0.131082
2 6.05 0.0986653
2 6.06 0.0719016
2 6.08 0.05
2 6.09 0.05
2 6.1 0.05
2 6.11 0.05
2 6.12 0.05
2 6.14 0.05
2 6.15 0.05
2 6.16 0.05
2 6.17 0.05
2 6.19 0.05
2 6.2 0.05
2 6.21 0.27334
2 6.22 0.234441
2 6.24 0.05
2 6.25 0.05
2 6.26 0.312556
2 6.27 0.608484
2 6.29 0.05
2 6.3 0.668808
2 6.31 0.05
2 6.32 0.05
