2 6.41 0.263426
2 6.42 0.263953
2 6.43 0.26394
2 6.44 0.265553
2 6.45 0.266154
2 6.47 0.25958
2 6.48 0.260728
2 6.49 0.260757
2 6.5 0.263842
2 6.52 0.264158
2 6.53 0.268072
2 6.54 0.272401
2 6.56 0.276446
2 6.57 0.280508
2 6.58 0.28695
2 6.59 0.289615
2 6.6 0.295298
2 6.62 0.300517
2 6.63 0.306423
2 6.64 0.312858
2 6.65 0.323419
2 6.66 0.331037
2 6.68 0.340458
2 6.69 0.357201
2 6.71 0.368153
2 6.72 0.378261
2 6.73 0.391312
2 6.75 0.406782
2 6.76 0.428338
2 6.77 0.445019
2 6.78 0.469598
2 6.8 0.493044
2 6.81 0.520878
2 6.82 0.545496
2 6.83 0.579132
2 6.85 0.624048
2 6.86 0.661913
2 6.87 0.706191
2 6.88 0.757097
2 6.9 0.8
2 6.91 0.8
2 6.92 0.8
2 6.93 0.8
2 6.94 0.8
2 6.95 0.8
2 6.97 0.8
2 6.98 0.8
2 6.99 0.8
2 7 0.8
2 7.02 0.8
2 7.03 0.8
2 7.04 0.8
2 7.06 0.8
2 7.07 0.8
2 7.08 0.8
2 7.09 0.8
2 7.1 0.8
2 7.11 0.8
2 7.12 0.8
2 7.14 0.8
2 7.15 0.8
2 7.16 0.8
2 7.18 0.8
2 7.19 0.8
2 7.2 0.8
2 7.21 0.8
2 7.23 0.8
2 7.24 0.8
2 7.26 0.8
2 7.27 0.8
2 7.28 0.8
2 7.29 0.8
2 7.31 0.8
2 7.32 0.8
2 7.33 0.8
2 7.34 0.8
2 7.36 0.8
2 7.37 0.8
2 7.39 0.8
2 7.4 0.8
2 7.41 0.8
2 7.42 0.8
2 7.43 0.8
2 7.44 0.8
2 7.45 0.8
2 7.46 0.8
2 7.48 0.8
2 7.49 0.8
2 7.5 0.8
2 7.52 0.8
2 7.53 0.8
2 7.54 0.8
2 7.55 0.8
2 7.56 0.8
2 7.57 0.8
2 7.58 0.8
2 7.59 0.8
2 7.61 0.8
2 7.62 0.8
2 7.63 0.8
2 7.64 0.8
2 7.66 0.8
2 7.67 0.8
2 7.68 0.8
2 7.69 0.8
2 7.71 0.8
2 7.72 0.8
2 7.73 0.8
2 7.75 0.8
2 7.76 0.8
2 7.77 0.8
2 7.78 0.8
2 7.8 0.8
2 7.81 0.8
2 7.82 0.8
2 7.83 0.8
2 7.84 0.8
2 7.85 0.8
2 7.86 0.8
2 7.88 0.8
2 7.89 0.8
2 7.9 0.8
2 7.91 0.8
2 7.92 0.8
2 7.93 0.8
2 7.94 0.8
2 7.96 0.8
2 7.97 0.8
2 7.98 0.8
2 8 0.8
2 8.01 0.8
2 8.02 0.8
2 8.03 0.8
2 8.04 0.8
2 8.06 0.8
2 8.07 0.8
2 8.08 0.8
2 8.09 0.8
2 8.1 0.8
2 8.11 0.8
2 8.13 0.8
2 8.14 0.8
2 8.15 0.8
2 8.16 0.8
2 8.18 0.8
2 8.19 0.8
2 8.2 0.8
2 8.22 0.8
2 8.23 0.8
2 8.24 0.8
2 8.26 0.8
2 8.27 0.8
2 8.28 0.8
2 8.29 0.8
2 8.31 0.8
2 8.32 0.8
2 8.33 0.8
2 8.34 0.8
2 8.35 0.8
2 8.37 0.8
2 8.38 0.8
2 8.39 0.8
2 8.4 0.8
2 8.42 0.8
2 8.43 0.8
2 8.44 0.8
2 8.46 0.8
2 8.47 0.8
2 8.48 0.8
2 8.49 0.8
2 8.51 0.8
2 8.52 0.8
2 8.53 0.8
2 8.54 0.8
2 8.56 0.8
2 8.57 0.8
2 8.58 0.8
2 8.59 0.8
2 8.6 0.8
2 8.62 0.8
2 8.63 0.8
2 8.64 0.8
2 8.65 0.8
2 8.67 0.8
2 8.68 0.8
2 8.69 0.8
2 8.7 0.8
2 8.71 0.8
2 8.73 0.8
2 8.74 0.8
2 8.75 0.8
2 8.77 0.8
2 8.78 0.8
2 8.79 0.8
2 8.8 0.8
2 8.81 0.8
2 8.83 0.8
2 8.84 0.8
2 8.86 0.8
2 8.87 0.8
2 8.88 0.8
2 8.89 0.8
2 8.9 0.8
2 8.91 0.8
2 8.93 0.8
2 8.94 0.8
2 8.95 0.8
2 8.96 0.8
2 8.98 0.8
2 8.99 0.8
2 9 0.8
2 9.01 0.8
2 9.03 0.8
2 9.04 0.8
2 9.05 0.8
2 9.06 0.8
2 9.07 0.8
