2 1.04 0.183599
2 1.06 0.183133
2 1.07 0.182267
2 1.08 0.180683
2 1.09 0.176617
2 1.11 0.167595
2 1.12 0.15697
2 1.13 0.151551
2 1.14 0.140595
2 1.15 0.13088
2 1.17 0.116361
2 1.18 0.104527
2 1.19 0.0889042
2 1.21 0.0737628
2 1.22 0.0566304
2 1.23 0.05
2 1.24 0.05
2 1.25 0.05
2 1.27 0.05
2 1.28 0.05
2 1.29 0.05
2 1.31 0.05
2 1.32 0.05
2 1.33 0.05
2 1.34 0.05
2 1.35 0.05
2 1.36 0.05
2 1.38 0.05
2 1.39 0.05
2 1.4 0.05
2 1.41 0.05
2 1.43 0.05
2 1.44 0.05
2 1.45 0.05
2 1.47 0.05
2 1.48 0.05
2 1.49 0.05
2 1.5 0.05
2 1.51 0.05
2 1.52 0.05
2 1.54 0.05
2 1.55 0.05
2 1.56 0.05
2 1.57 0.05
2 1.58 0.05
2 1.59 0.05
2 1.61 0.05
2 1.62 0.05
2 1.64 0.05
2 1.65 0.05
2 1.66 0.0513079
2 1.67 0.058034
2 1.68 0.0544542
2 1.7 0.05
2 1.71 0.05
2 1.72 0.05
2 1.73 0.05
2 1.75 0.05
2 1.76 0.05
2 1.78 0.05
2 1.79 0.05
2 1.8 0.05
2 1.81 0.05
2 1.83 0.05
2 1.84 0.05
2 1.85 0.05
2 1.86 0.05
2 1.88 0.05
2 1.89 0.05
2 1.9 0.05
2 1.91 0.05
2 1.93 0.05
2 1.94 0.05
2 1.95 0.05
2 1.96 0.05
2 1.98 0.05
2 1.99 0.05
2 2 0.05
2 2.02 0.05
2 2.03 0.05
2 2.04 0.05
2 2.05 0.05
2 2.06 0.05
2 2.08 0.05
2 2.09 0.05
2 2.1 0.05
2 2.12 0.05
2 2.13 0.0655412
2 2.14 0.0687005
2 2.15 0.0577172
2 2.16 0.101733
2 2.17 0.114656
2 2.18 0.134336
2 2.19 0.137257
2 2.21 0.138632
2 2.22 0.103684
2 2.23 0.100368
2 2.24 0.11743
2 2.26 0.0729379
2 2.27 0.0681892
2 2.28 0.05
2 2.29 0.05
2 2.3 0.0668421
2 2.31 0.05
2 2.32 0.0740075
2 2.34 0.0849226
2 2.35 0.151436
2 2.37 0.195747
2 2.38 0.0740649
2 2.39 0.232501
2 2.4 0.234851
2 2.41 0.292722
2 2.42 0.314902
2 2.43 0.377689
2 2.45 0.408476
2 2.46 0.433136
2 2.47 0.440136
2 2.49 0.46434
2 2.5 0.481757
2 2.51 0.324915
2 2.53 0.549728
2 2.54 0.344064
2 2.55 0.5895
2 2.56 0.611898
2 2.58 0.602147
2 2.59 0.625289
2 2.6 0.515565
2 2.61 0.596263
2 2.62 0.530801
2 2.63 0.472571
2 2.65 0.43749
2 2.66 0.36237
2 2.68 0.423837
2 2.69 0.667114
2 2.7 0.416495
2 2.71 0.50344
2 2.72 0.376086
2 2.74 0.05
2 2.75 0.107985
2 2.76 0.05
2 2.77 0.05
2 2.78 0.05
2 2.79 0.05
2 2.8 0.05
2 2.82 0.05
2 2.83 0.05
2 2.85 0.05
2 2.86 0.05
2 2.87 0.05
2 2.89 0.05
2 2.9 0.05
2 2.91 0.05
2 2.93 0.05
2 2.94 0.05
2 2.95 0.05
2 2.96 0.05
2 2.97 0.05
2 2.99 0.05
2 3 0.05
2 3.01 0.05
2 3.02 0.05
2 3.03 0.05
2 3.05 0.05
2 3.06 0.05
2 3.07 0.05
2 3.08 0.05
2 3.09 0.05
2 3.11 0.05
2 3.12 0.05
2 3.13 0.05
2 3.14 0.05
2 3.15 0.05
2 3.17 0.05
2 3.18 0.05
2 3.19 0.05
2 3.2 0.05
2 3.21 0.05
2 3.23 0.05
2 3.24 0.05
2 3.25 0.05
2 3.26 0.05
2 3.27 0.05
2 3.28 0.05
2 3.3 0.05
2 3.31 0.05
2 3.32 0.05
2 3.33 0.101864
2 3.35 0.0557268
2 3.36 0.05
2 3.37 0.05
2 3.39 0.05
2 3.4 0.0916868
2 3.41 0.395197
2 3.42 0.0837264
2 3.43 0.163315
2 3.45 0.236781
2 3.46 0.234344
2 3.47 0.339371
2 3.48 0.43999
2 3.5 0.448446
2 3.51 0.360801
2 3.52 0.449436
2 3.53 0.697386
2 3.54 0.523033
2 3.56 0.62172
2 3.57 0.654903
2 3.58 0.687012
2 3.59 0.669176
2 3.61 0.698995
2 3.62 0.715696
2 3.63 0.725881
2 3.65 0.75223
2 3.66 0.772812
2 3.67 0.783385
2 3.69 0.8
2 3.7 0.8
2 3.71 0.8
2 3.72 0.8
2 3.74 0.8
2 3.75 0.8
2 3.76 0.8
2 3.77 0.8
2 3.78 0.8
2 3.8 0.8
2 3.81 0.8
2 3.82 0.8
2 3.85 0.8
2 3.85 0.8
2 3.86 0.693499
2 3.87 0.764235
2 3.89 0.701541
2 3.89 0.605528
