2 1.7 0.235879
2 1.71 0.235882
2 1.72 0.236041
2 1.73 0.235848
2 1.74 0.235242
2 1.76 0.234656
2 1.77 0.234185
2 1.78 0.234071
2 1.8 0.232543
2 1.81 0.23245
2 1.82 0.232404
2 1.83 0.232484
2 1.84 0.232121
2 1.85 0.231612
2 1.87 0.230802
2 1.88 0.230074
2 1.9 0.229382
2 1.91 0.228709
2 1.92 0.228512
2 1.94 0.228051
2 1.95 0.227642
2 1.96 0.227558
2 1.97 0.226924
2 1.98 0.226536
2 1.99 0.226114
2 2 0.225567
2 2.02 0.224941
2 2.03 0.224482
2 2.04 0.224011
2 2.05 0.223261
2 2.07 0.222819
2 2.08 0.222158
2 2.1 0.221161
2 2.11 0.220761
2 2.12 0.220231
2 2.13 0.219368
2 2.14 0.219014
2 2.15 0.218624
2 2.16 0.217975
2 2.17 0.217458
2 2.19 0.216888
2 2.2 0.216086
2 2.21 0.215521
2 2.22 0.214984
2 2.24 0.214513
2 2.25 0.21383
2 2.26 0.213431
2 2.27 0.212962
2 2.28 0.212078
2 2.29 0.211146
2 2.3 0.210315
2 2.31 0.209389
2 2.33 0.209086
2 2.34 0.208345
2 2.35 0.207527
2 2.36 0.206841
2 2.38 0.205625
2 2.39 0.205213
2 2.4 0.204513
2 2.41 0.203317
2 2.42 0.20219
2 2.44 0.201059
2 2.45 0.200412
2 2.46 0.199765
2 2.47 0.198624
2 2.48 0.19772
2 2.5 0.196529
2 2.51 0.195265
2 2.52 0.193902
2 2.54 0.192831
2 2.55 0.191346
2 2.56 0.19006
2 2.58 0.188586
2 2.59 0.187585
2 2.6 0.186067
2 2.62 0.184687
2 2.63 0.183326
2 2.64 0.181414
2 2.66 0.179334
2 2.67 0.177797
2 2.68 0.175946
2 2.69 0.174495
2 2.71 0.172993
2 2.72 0.171495
2 2.73 0.169346
2 2.74 0.167357
2 2.75 0.165661
2 2.77 0.16347
2 2.78 0.161454
2 2.79 0.159713
2 2.8 0.157778
2 2.81 0.156225
2 2.82 0.153883
2 2.83 0.152217
2 2.84 0.150026
2 2.85 0.147546
2 2.87 0.144926
2 2.88 0.142727
2 2.89 0.140012
2 2.9 0.137044
2 2.91 0.13454
2 2.92 0.132306
2 2.94 0.128906
2 2.95 0.126332
2 2.96 0.123326
2 2.97 0.119901
2 2.98 0.117378
2 3 0.113642
2 3.01 0.110601
2 3.02 0.106903
2 3.03 0.103844
2 3.05 0.100464
2 3.06 0.0963124
2 3.07 0.0929253
2 3.08 0.0893262
2 3.09 0.0864119
2 3.1 0.0827523
2 3.12 0.0786205
2 3.13 0.0741921
2 3.15 0.0691364
2 3.16 0.0655039
2 3.17 0.115343
2 3.18 0.137277
2 3.19 0.158983
2 3.21 0.17453
2 3.22 0.187846
2 3.23 0.200371
2 3.25 0.210806
2 3.26 0.220189
2 3.27 0.229494
2 3.29 0.240013
2 3.3 0.246824
2 3.32 0.254705
2 3.33 0.260371
2 3.34 0.264892
2 3.35 0.268182
2 3.36 0.269939
2 3.37 0.270821
2 3.39 0.27087
2 3.4 0.271543
2 3.41 0.272095
2 3.42 0.273347
2 3.43 0.272601
2 3.45 0.27201
2 3.46 0.272981
2 3.47 0.272925
2 3.48 0.274034
2 3.49 0.274776
2 3.5 0.275459
2 3.52 0.273665
2 3.53 0.275593
2 3.55 0.277326
2 3.56 0.279698
2 3.57 0.282098
2 3.58 0.285268
2 3.6 0.289516
2 3.61 0.29225
2 3.62 0.296063
2 3.63 0.298477
2 3.65 0.302021
2 3.66 0.304729
2 3.67 0.306573
2 3.68 0.310579
2 3.7 0.31535
2 3.71 0.318463
2 3.72 0.320851
2 3.74 0.324016
2 3.75 0.32664
2 3.76 0.328858
2 3.77 0.330892
2 3.78 0.332919
2 3.79 0.334814
2 3.81 0.338158
2 3.82 0.340704
2 3.83 0.342225
2 3.84 0.344621
2 3.86 0.347338
2 3.87 0.349843
2 3.88 0.352113
2 3.89 0.354517
2 3.91 0.358222
2 3.92 0.360843
2 3.93 0.362594
2 3.94 0.364976
2 3.96 0.368256
2 3.97 0.370569
2 3.98 0.372869
2 3.99 0.374752
2 4 0.376126
2 4.02 0.378167
2 4.03 0.380136
2 4.04 0.381912
2 4.05 0.383871
2 4.07 0.386009
2 4.08 0.389447
2 4.09 0.391146
2 4.11 0.392904
2 4.12 0.395042
2 4.13 0.397652
2 4.15 0.398471
2 4.16 0.400245
2 4.17 0.401492
2 4.18 0.403537
2 4.19 0.405042
2 4.21 0.405499
2 4.22 0.407279
2 4.23 0.407888
2 4.24 0.409337
2 4.25 0.410428
2 4.27 0.411111
2 4.28 0.413385
2 4.29 0.41553
2 4.3 0.417758
2 4.31 0.419812
2 4.33 0.422704
2 4.34 0.426856
2 4.35 0.43034
2 4.37 0.435476
2 4.38 0.439797
2 4.39 0.444317
2 4.4 0.449598
2 4.42 0.456096
2 4.43 0.460256
2 4.44 0.464453
2 4.45 0.469493
2 4.46 0.47446
2 4.47 0.480083
2 4.48 0.485589
2 4.49 0.49025
2 4.51 0.497227
2 4.52 0.501133
2 4.53 0.505401
2 4.54 0.510363
2 4.55 0.514593
2 4.56 0.518851
2 4.58 0.523726
2 4.59 0.528641
2 4.6 0.532779
2 4.62 0.537177
2 4.63 0.542062
2 4.64 0.546135
2 4.65 0.549438
2 4.67 0.552941
2 4.68 0.556484
2 4.69 0.561519
2 4.7 0.565953
2 4.71 0.569674
2 4.73 0.574863
2 4.74 0.578372
2 4.75 0.581732
2 4.76 0.585988
2 4.77 0.590678
2 4.78 0.594178
2 4.79 0.597394
2 4.8 0.600701
2 4.81 0.604333
2 4.82 0.60887
2 4.84 0.614004
2 4.85 0.617651
2 4.86 0.622448
2 4.87 0.625449
2 4.88 0.628225
2 4.9 0.632772
2 4.91 0.636703
2 4.92 0.640459
2 4.93 0.643836
2 4.94 0.64707
2 4.95 0.650305
2 4.96 0.653641
2 4.97 0.656552
2 4.98 0.660404
2 5 0.66615
2 5.01 0.669999
2 5.02 0.674294
2 5.03 0.677208
2 5.04 0.67958
2 5.05 0.682622
2 5.07 0.687409
2 5.08 0.690505
2 5.09 0.694194
2 5.11 0.697291
2 5.12 0.699655
2 5.13 0.702398
2 5.14 0.706188
2 5.16 0.709464
2 5.17 0.710975
2 5.18 0.711882
2 5.2 0.713289
2 5.21 0.713535
2 5.22 0.715427
2 5.23 0.716627
2 5.24 0.713306
2 5.26 0.713885
2 5.27 0.714485
2 5.28 0.714768
2 5.29 0.715121
2 5.3 0.715484
2 5.31 0.715324
2 5.33 0.715534
2 5.34 0.716688
2 5.35 0.716969
2 5.37 0.716381
2 5.38 0.716026
2 5.39 0.71525
2 5.4 0.714787
2 5.41 0.713218
2 5.43 0.71029
2 5.44 0.710445
2 5.46 0.705735
2 5.47 0.705015
2 5.48 0.704818
2 5.49 0.704312
2 5.5 0.703199
2 5.51 0.702873
2 5.52 0.702135
2 5.54 0.699272
2 5.55 0.700283
2 5.56 0.701094
2 5.57 0.702449
2 5.58 0.703292
2 5.59 0.709938
2 5.6 0.712845
2 5.62 0.718098
2 5.63 0.720961
2 5.64 0.723665
2 5.65 0.72521
2 5.67 0.73511
2 5.68 0.737708
2 5.69 0.739185
2 5.71 0.74567
2 5.72 0.744481
2 5.73 0.746326
2 5.74 0.747522
2 5.76 0.750691
2 5.77 0.750899
2 5.79 0.753627
2 5.8 0.754631
2 5.81 0.754793
2 5.82 0.755273
2 5.83 0.755165
2 5.84 0.75507
2 5.85 0.754882
2 5.87 0.755883
2 5.88 0.757006
2 5.89 0.7562
2 5.9 0.755799
2 5.91 0.75504
2 5.92 0.75463
2 5.93 0.754231
2 5.95 0.752625
2 5.96 0.751199
2 5.97 0.751306
2 5.98 0.749127
2 5.99 0.746367
2 6.01 0.743206
2 6.02 0.741411
2 6.03 0.737103
2 6.04 0.73311
2 6.05 0.730445
2 6.06 0.72555
2 6.08 0.721022
2 6.09 0.717051
2 6.1 0.694483
2 6.11 0.704662
2 6.12 0.703029
2 6.14 0.700159
2 6.15 0.697808
2 6.16 0.69367
2 6.18 0.688567
2 6.19 0.674124
2 6.2 0.677613
2 6.21 0.670155
2 6.22 0.661747
2 6.23 0.655313
2 6.24 0.657932
2 6.26 0.601123
2 6.27 0.594187
2 6.28 0.639552
2 6.29 0.633612
2 6.31 0.623683
2 6.32 0.616189
2 6.33 0.600772
2 6.35 0.574089
2 6.36 0.564416
2 6.37 0.557439
2 6.38 0.547135
2 6.4 0.532879
2 6.41 0.521748
2 6.42 0.510085
2 6.43 0.515573
2 6.45 0.497628
2 6.46 0.486533
2 6.47 0.479576
2 6.49 0.469689
2 6.5 0.462932
2 6.51 0.455363
2 6.53 0.44823
2 6.54 0.44204
2 6.55 0.436445
2 6.56 0.430706
2 6.58 0.426781
2 6.59 0.421886
2 6.6 0.415938
2 6.61 0.410723
2 6.62 0.405145
2 6.64 0.400499
2 6.65 0.39638
2 6.66 0.387962
2 6.67 0.378772
2 6.69 0.377081
2 6.7 0.367299
2 6.72 0.358143
2 6.72 0.349671
2 6.74 0.340245
2 6.75 0.330251
2 6.76 0.319485
2 6.78 0.306155
2 6.79 0.294619
2 6.8 0.286573
2 6.82 0.274042
2 6.83 0.260448
2 6.84 0.246109
2 6.86 0.230864
2 6.87 0.219751
2 6.88 0.206665
2 6.89 0.199482
2 6.91 0.178366
2 6.92 0.161331
2 6.93 0.151013
2 6.95 0.137757
2 6.95 0.124857
2 6.97 0.0973367
2 6.98 0.0937818
2 6.99 0.0811638
2 7 0.052827
2 7.02 0.05
2 7.03 0.05
2 7.04 0.05
2 7.05 0.05
2 7.06 0.05
2 7.08 0.05
2 7.09 0.05
