3 0.75 -10 0 0 0 0 0 0 0 0 0 0 0 0
0 0.75 0.0326099 -0.194978 1.3326 -0.0192974 0.0376314 1.49852 -0.16911 0.537066 0.0711449 0.109263 -0.211597 0.0126542
1 0.75 0.0258455 -0.173495 1.33545 -0.0149016 0.0291789 1.49919 -0.176005 0.553299 0.0955561 0.526232 -0.295524 0.0457132
4 0.75 1.5 0 1.5 0 0 1.57075 0 0 0 0 0 0
5 0.75 50 0.000783205 1
6 0.75 25.5525 0.466331 -0.0964068 0.105515
0 0.76 0.0305 -0.18988 1.33283 -0.0181996 0.0355084 1.49867 -0.168028 0.534576 0.0708785 0.109689 -0.211826 0.0131635
1 0.76 0.0237788 -0.168497 1.33567 -0.0137879 0.0270464 1.49935 -0.174538 0.549901 0.0955719 0.52457 -0.289311 0.0457839
4 0.76 1.5 0 1.5 0 0 1.57075 0 0 0 0 0 0
5 0.76 50 0.000833988 1
6 0.76 25.5673 0.463985 -0.0890202 0.104114
0 0.77 0.0287643 -0.18627 1.33276 -0.0171073 0.0333363 1.4989 -0.166651 0.530862 0.0709918 0.104385 -0.211053 0.0141977
1 0.77 0.0220982 -0.165035 1.3356 -0.0129081 0.0249052 1.49962 -0.172777 0.545258 0.0959529 0.522311 -0.281949 0.0461878
4 0.77 1.5 0 1.5 0 0 1.57075 0 0 0 0 0 0
5 0.77 50 0.000701904 1
6 0.77 25.5813 0.467375 -0.0814635 0.102103
0 0.79 0.026592 -0.180878 1.33307 -0.0141356 0.0286913 1.49913 -0.164295 0.526913 0.075188 0.20516 -0.261524 0.0102654
1 0.79 0.0200202 -0.159802 1.33608 -0.00591312 0.0182371 1.49969 -0.169331 0.539296 0.100613 0.524341 -0.268752 0.0433115
4 0.79 1.5 0 1.5 0 0 1.57075 0 0 0 0 0 0
5 0.79 50 0.000866413 1
6 0.79 25.6049 0.356914 -0.00846684 0.105439
0 0.8 0.0250736 -0.177788 1.33298 -0.0111695 0.0255658 1.49932 -0.161989 0.523326 0.0799268 0.339032 -0.31662 0.0240124
1 0.8 0.018594 -0.156855 1.33617 0.00241999 0.0129125 1.50042 -0.165887 0.534328 0.105805 0.528456 -0.259905 0.0509941
4 0.8 1.5 0 1.5 0 0 1.57075 0 0 0 0 0 0
5 0.8 50 0.000708342 1
6 0.8 25.6295 0.211325 0.0643955 0.0860172
0 0.81 0.0232781 -0.173464 1.33323 -0.00827669 0.0231462 1.49951 -0.158671 0.519143 0.087381 0.427486 -0.339037 0.032064
1 0.81 0.0169312 -0.152698 1.33673 0.00885505 0.00959583 1.50091 -0.161436 0.529049 0.113283 0.529424 -0.252525 0.0553465
4 0.81 1.5 0 1.5 0 0 1.57075 0 0 0 0 0 0
5 0.81 50 0.00072217 1
6 0.81 25.6288 0.11317 0.0981197 0.0741647
0 0.82 0.0216422 -0.169925 1.3333 -0.00347302 0.0195999 1.49991 -0.154563 0.513878 0.0964092 0.504577 -0.361856 0.040547
1 0.82 0.0154597 -0.14937 1.33716 0.0167428 0.00513137 1.50158 -0.155432 0.522163 0.122469 0.525883 -0.240915 0.059761
4 0.82 1.5 0 1.5 0 0 1.57075 0 0 0 0 0 0
5 0.82 50 0.000767946 1
6 0.82 25.6357 0.0226393 0.137062 0.0611332
0 0.83 0.0203083 -0.166578 1.33364 0.00451102 0.014313 1.50045 -0.151022 0.510392 0.104625 0.627883 -0.39578 0.0421803
1 0.83 0.0142674 -0.146163 1.33783 0.0296495 -0.00152563 1.50207 -0.148714 0.516245 0.131448 0.519818 -0.224915 0.0595722
4 0.83 1.5 0 1.5 0 0 1.57075 0 0 0 0 0 0
5 0.83 50 0.000930309 1
6 0.83 25.6803 -0.122281 0.19384 0.055241
0 0.84 0.0187646 -0.163078 1.33391 0.0108446 0.0105086 1.50088 -0.145931 0.504778 0.116568 0.684958 -0.402313 0.0458966
1 0.84 0.0129273 -0.142887 1.33857 0.0382604 -0.00560288 1.50254 -0.141089 0.508854 0.143317 0.511845 -0.211954 0.0610152
4 0.84 1.5 0 1.5 0 0 1.57075 0 0 0 0 0 0
5 0.84 50 0.00067234 1
6 0.84 25.6758 -0.195208 0.215796 0.0479529
0 0.86 0.0170151 -0.158253 1.3348 0.024683 0.0028814 1.50171 -0.140301 0.498824 0.130835 0.710337 -0.36816 0.0552482
1 0.86 0.011403 -0.1383 1.34004 0.0531018 -0.011895 1.50356 -0.129884 0.499315 0.157977 0.487864 -0.186113 0.0649725
4 0.86 1.5 0 1.5 0 0 1.57075 0 0 0 0 0 0
5 0.86 50 0.00110841 1
6 0.86 25.7049 -0.25059 0.205611 0.0307474
0 0.87 0.0155591 -0.154911 1.3353 0.0298502 0.000212169 1.50206 -0.134929 0.486961 0.141419 0.684934 -0.350351 0.0580932
1 0.87 0.010162 -0.135432 1.34096 0.057248 -0.013865 1.50397 -0.122441 0.48619 0.168025 0.47583 -0.173047 0.0664857
4 0.87 1.5 0 1.5 0 0 1.57075 0 0 0 0 0 0
5 0.87 50 0.000687838 1
6 0.87 25.6756 -0.235633 0.200125 0.0265203
0 0.88 0.0143833 -0.151768 1.33604 0.0365214 -0.00329358 1.50255 -0.130312 0.478766 0.151155 0.655568 -0.330441 0.0623355
1 0.88 0.00917082 -0.132617 1.34208 0.0627375 -0.0165934 1.50456 -0.115146 0.476347 0.177372 0.460881 -0.158909 0.0684298
4 0.88 1.5 0 1.5 0 0 1.57075 0 0 0 0 0 0
5 0.88 50 0.000819683 1
6 0.88 25.6575 -0.219522 0.193412 0.01921
0 0.9 0.0129242 -0.148005 1.33703 0.0496131 -0.00985352 1.50359 -0.122796 0.467364 0.167315 0.523226 -0.243861 0.0599003
1 0.9 0.00801234 -0.12931 1.34372 0.0705234 -0.0197148 1.5055 -0.102376 0.461864 0.192641 0.426263 -0.132268 0.0658752
4 0.9 1.5 0 1.5 0 0 1.57075 0 0 0 0 0 0
5 0.9 50 0.00110579 1
6 0.9 25.6185 -0.109688 0.125434 0.0189298
0 0.91 0.0116878 -0.144196 1.33837 0.0532438 -0.0115662 1.5039 -0.115542 0.458452 0.182431 0.471156 -0.209958 0.0578927
1 0.91 0.00706609 -0.125858 1.34567 0.0720685 -0.0200759 1.50576 -0.0937263 0.452165 0.206314 0.414873 -0.123447 0.064588
4 0.91 1.5 0 1.5 0 0 1.57075 0 0 0 0 0 0
5 0.91 50 0.000922918 1
6 0.91 25.5352 -0.0639699 0.0969936 0.0212622
0 0.92 0.0108214 -0.141836 1.33928 0.0586188 -0.0139601 1.50457 -0.109482 0.450681 0.194821 0.417841 -0.174402 0.0573418
1 0.92 0.00644213 -0.123809 1.34707 0.0753062 -0.0210585 1.50645 -0.0855495 0.443284 0.21764 0.400157 -0.112511 0.0637509
4 0.92 1.5 0 1.5 0 0 1.57075 0 0 0 0 0 0
5 0.92 50 0.000710487 1
6 0.92 25.4784 -0.0206053 0.0690214 0.0203781
0 0.93 0.00975967 -0.13828 1.34093 0.0627186 -0.0157286 1.50506 -0.101158 0.441907 0.211839 0.385403 -0.15673 0.0625821
1 0.93 0.00571337 -0.120604 1.3494 0.0781016 -0.0221424 1.50716 -0.0756636 0.433709 0.233035 0.388963 -0.103977 0.066533
4 0.93 1.5 0 1.5 0 0 1.57075 0 0 0 0 0 0
5 0.93 50 0.000985622 1
6 0.93 25.3858 0.00318088 0.0585243 0.0125447
0 0.94 0.00892763 -0.135449 1.34249 0.0664113 -0.0172708 1.50557 -0.0911375 0.431651 0.230941 0.372353 -0.145828 0.0592717
1 0.94 0.00528213 -0.118183 1.35173 0.0812713 -0.0232484 1.50755 -0.0648029 0.422945 0.242125 0.414487 -0.100186 0.0730825
4 0.94 1.5 0 1.5 0 0 1.57075 0 0 0 0 0 0
5 0.94 50 0.00144482 3
6 0.94 24.7778 0.0464372 0.0505358 0.0440294
0 0.96 0.00812284 -0.131986 1.34465 0.0734533 -0.0201372 1.50646 -0.0803988 0.421807 0.252085 0.358673 -0.136086 0.0531948
1 0.96 0.00490689 -0.115114 1.35474 0.0877655 -0.0257222 1.50819 -0.0514503 0.411845 0.260891 0.399631 -0.0891503 0.0689641
4 0.96 1.5 0 1.5 0 0 1.57075 0 0 0 0 0 0
5 0.96 50 0.00108743 2
6 0.96 24.6453 0.0452356 0.0522684 0.0502879
0 0.97 0.00761933 -0.129445 1.34671 0.0779902 -0.0219032 1.50706 -0.0694271 0.41209 0.273406 0.36685 -0.134139 0.0510879
1 0.97 0.00484225 -0.112961 1.35765 0.0926287 -0.0274117 1.50868 -0.0388364 0.401373 0.280293 0.388523 -0.081021 0.0671375
4 0.97 1.5 0 1.5 0 0 1.57075 0 0 0 0 0 0
5 0.97 50 0.00129128 2
6 0.97 24.5368 0.0236891 0.0593896 0.0511826
0 0.98 0.00712371 -0.126177 1.34948 0.0797329 -0.0225678 1.50724 -0.056796 0.401845 0.298111 0.371186 -0.134057 0.05122
1 0.98 0.00485187 -0.110103 1.36141 0.0945439 -0.0280762 1.50886 -0.0257096 0.39089 0.302587 0.38269 -0.0761661 0.067231
4 0.98 1.5 0 1.5 0 0 1.57075 0 0 0 0 0 0
5 0.98 50 0.00111198 2
6 0.98 24.3923 0.0123103 0.0648425 0.0510586
0 0.99 0.00694496 -0.123954 1.35197 0.0845403 -0.0243719 1.50781 -0.0426474 0.390558 0.326002 0.383686 -0.136424 0.0597285
1 0.99 0.00523906 -0.108332 1.36501 0.0998409 -0.0300111 1.50973 -0.00992715 0.378873 0.327513 0.372199 -0.0676873 0.0724769
4 0.99 1.5 0 1.5 0 0 1.57075 0 0 0 0 0 0
5 0.99 50 0.00106907 2
6 0.99 24.2207 -0.0135196 0.0769626 0.0406399
0 1.01 0.00682129 -0.121217 1.35507 0.0921682 -0.0272254 1.50878 -0.028883 0.380336 0.355582 0.395093 -0.139496 0.0567899
1 1.01 0.00566597 -0.106004 1.36929 0.107924 -0.0329906 1.51052 0.00654044 0.367468 0.354175 0.354971 -0.0570287 0.0697792
4 1.01 1.5 0 1.5 0 0 1.57075 0 0 0 0 0 0
5 1.01 50 0.00147343 2
6 1.01 24.0593 -0.0455411 0.0927553 0.0414055
0 1.02 0.00710311 -0.118847 1.35899 0.0961057 -0.0286507 1.50923 -0.0126809 0.36869 0.39211 0.39856 -0.134324 0.0561402
1 1.02 0.00659587 -0.1041 1.37468 0.111999 -0.0342144 1.51095 0.023929 0.355309 0.387132 0.343762 -0.049083 0.069081
4 1.02 1.5 0 1.5 0 0 1.57075 0 0 0 0 0 0
5 1.02 50 0.00105047 2
6 1.02 23.8494 -0.0619314 0.0959436 0.0412527
0 1.03 0.0073876 -0.11629 1.36305 0.0990796 -0.0296818 1.50956 0.00184316 0.358743 0.427093 0.396205 -0.127887 0.0586142
1 1.03 0.00746133 -0.10194 1.38014 0.114874 -0.0350042 1.51139 0.0392575 0.345028 0.418644 0.334738 -0.0429352 0.0704481
4 1.03 1.5 0 1.5 0 0 1.57075 0 0 0 0 0 0
5 1.03 50 0.0015223 2
6 1.03 23.6433 -0.0693883 0.0955414 0.037722
0 1.04 0.00797607 -0.114742 1.36682 0.103857 -0.0312867 1.51016 0.0180788 0.347072 0.467169 0.379719 -0.121093 0.058111
1 1.04 0.00869923 -0.100859 1.38551 0.118989 -0.0363453 1.51197 0.0569127 0.332799 0.45477 0.320461 -0.034108 0.0697234
4 1.04 1.5 0 1.5 0 0 1.57075 0 0 0 0 0 0
5 1.04 50 0.00106263 2
6 1.04 23.4126 -0.0668792 0.0979695 0.0370206
0 1.06 0.00864025 -0.112536 1.37163 0.110004 -0.0334035 1.51088 0.0349792 0.33577 0.512315 0.336979 -0.106894 0.0551277
1 1.06 0.0100394 -0.0991047 1.39212 0.123426 -0.0378955 1.51261 0.0756445 0.320762 0.495359 0.301675 -0.023961 0.0672325
4 1.06 1.5 0 1.5 0 0 1.57075 0 0 0 0 0 0
5 1.06 50 0.00158858 2
6 1.06 23.1487 -0.0399837 0.0936096 0.0386038
0 1.07 0.00972155 -0.111466 1.37627 0.113215 -0.0345297 1.51131 0.052096 0.318742 0.553813 0.317369 -0.0967532 0.0596215
1 1.07 0.0118054 -0.0987163 1.39843 0.125843 -0.0386444 1.51324 0.0934911 0.303431 0.532622 0.289978 -0.0132229 0.0700642
4 1.07 1.5 0 1.5 0 0 1.57075 0 0 0 0 0 0
5 1.07 50 0.00121522 2
6 1.07 22.8967 -0.0311197 0.0942667 0.0333033
0 1.08 0.0111092 -0.109538 1.38306 0.116968 -0.0358388 1.5119 0.0735473 0.300056 0.610741 0.292972 -0.0822209 0.0567795
1 1.08 0.0140511 -0.097536 1.40749 0.12862 -0.0393702 1.51377 0.115665 0.284449 0.583736 0.276438 -0.00163328 0.0681727
4 1.08 1.5 0 1.5 0 0 1.57075 0 0 0 0 0 0
5 1.08 50 0.00106692 2
6 1.08 22.5489 -0.0188822 0.0910802 0.0363454
0 1.09 0.0128982 -0.108371 1.39009 0.119717 -0.0367727 1.51229 0.0974248 0.281456 0.677706 0.27462 -0.0785383 0.0530377
1 1.09 0.0167952 -0.0971128 1.41719 0.130638 -0.0401451 1.51402 0.139754 0.265759 0.643978 0.265194 0.00846331 0.0659394
4 1.09 1.5 0 1.5 0 0 1.57075 0 0 0 0 0 0
5 1.09 50 0.00152683 2
6 1.09 22.142 -0.010888 0.0986108 0.0411642
0 1.1 0.0142662 -0.107167 1.39601 0.122338 -0.0376963 1.5128 0.115052 0.26881 0.730014 0.257659 -0.0810657 0.0521356
1 1.1 0.0188682 -0.0964146 1.42521 0.132581 -0.0411691 1.51447 0.157686 0.252984 0.690997 0.255675 0.0155789 0.0651827
4 1.1 1.5 0 1.5 0 0 1.57075 0 0 0 0 0 0
5 1.1 50 0.0015552 2
6 1.1 21.8232 -0.0025661 0.109768 0.041629
0 1.12 0.016198 -0.106551 1.40286 0.126711 -0.0392112 1.51358 0.13789 0.253116 0.801282 0.244578 -0.0720908 0.0513251
1 1.12 0.0217136 -0.0964264 1.43491 0.136429 -0.0423311 1.51526 0.181187 0.237029 0.755152 0.242039 0.02644 0.0642476
4 1.12 1.5 0 1.5 0 0 1.57075 0 0 0 0 0 0
5 1.12 50 0.00107884 2
6 1.12 21.3969 -0.00314407 0.112005 0.0412352
0 1.13 0.0187907 -0.105065 1.41346 0.12952 -0.0401927 1.51418 0.167064 0.235637 0.899644 0.220765 -0.0653012 0.0560318
1 1.13 0.0254733 -0.0956394 1.44944 0.138275 -0.0430724 1.51606 0.210087 0.219646 0.843706 0.230872 0.0359512 0.067083
4 1.13 1.5 0 1.5 0 0 1.57075 0 0 0 0 0 0
5 1.13 50 0.00149584 2
6 1.13 20.7991 0.0110095 0.115143 0.0352648
0 1.14 0.021746 -0.104817 1.42331 0.131599 -0.0409325 1.51457 0.192662 0.22073 0.989715 0.215377 -0.0655959 0.0555153
1 1.14 0.0294525 -0.095988 1.4629 0.140138 -0.043825 1.51643 0.235092 0.20495 0.923791 0.229391 0.0417173 0.0687854
4 1.14 1.5 0 1.5 0 0 1.57075 0 0 0 0 0 0
5 1.14 50 0.0014143 3
6 1.14 20.188 0.0153821 0.122131 0.0423488
0 1.16 0.0248324 -0.10402 1.43491 0.135565 -0.0422927 1.51558 0.219575 0.205706 1.08953 0.197859 -0.0535768 0.0604825
1 1.16 0.0336154 -0.095792 1.47849 0.14339 -0.0447431 1.51768 0.262 0.18994 1.01378 0.216837 0.0519417 0.071278
4 1.16 1.5 0 1.5 0 0 1.57075 0 0 0 0 0 0
5 1.16 50 0.0024581 3
6 1.16 19.5919 0.0209692 0.120071 0.0344524
0 1.17 0.028188 -0.104276 1.44574 0.137542 -0.0429565 1.51616 0.242324 0.193066 1.17643 0.18073 -0.0513253 0.0606357
1 1.17 0.037881 -0.0965534 1.49279 0.14468 -0.0453227 1.51828 0.28422 0.177513 1.09211 0.209083 0.0593059 0.0711424
4 1.17 1.5 0 1.5 0 0 1.57075 0 0 0 0 0 0
5 1.17 50 0.00143623 3
6 1.17 19.0674 0.0314695 0.126021 0.0335322
0 1.18 0.032352 -0.103996 1.46076 0.139074 -0.0434847 1.51659 0.272321 0.177415 1.29517 0.173805 -0.0480095 0.0533962
1 1.18 0.0432449 -0.0968997 1.51257 0.145946 -0.0456826 1.51844 0.313095 0.162286 1.19921 0.202927 0.0675467 0.0665293
4 1.18 1.5 0 1.5 0 0 1.57075 0 0 0 0 0 0
5 1.18 50 0.00134516 3
6 1.18 18.3512 0.0323755 0.13181 0.0419179
0 1.19 0.0377609 -0.104532 1.47912 0.140692 -0.0440503 1.5171 0.310565 0.15756 1.45309 0.166268 -0.0474118 0.0570351
1 1.19 0.0501835 -0.0982297 1.53724 0.147254 -0.046248 1.51909 0.349694 0.143048 1.3418 0.196443 0.0785802 0.068886
4 1.19 1.5 0 1.5 0 0 1.57075 0 0 0 0 0 0
5 1.19 50 0.00154424 3
6 1.19 17.4067 0.0335422 0.143767 0.0378252
0 1.21 0.0429796 -0.104426 1.49887 0.14363 -0.0451802 1.51818 0.347865 0.139719 1.61361 0.143075 -0.0522877 0.0643019
1 1.21 0.0568942 -0.098837 1.56341 0.149251 -0.0476183 1.52043 0.385606 0.125715 1.48663 0.186977 0.0897716 0.072889
4 1.21 1.5 0 1.5 0 0 1.57075 0 0 0 0 0 0
5 1.21 50 0.00152564 3
6 1.21 16.4429 0.0488477 0.162225 0.0274059
0 1.22 0.0492659 -0.105788 1.52002 0.144804 -0.0458537 1.5187 0.386898 0.120487 1.78672 0.115166 -0.0618341 0.064905
1 1.22 0.0647418 -0.100968 1.59149 0.149309 -0.0486758 1.52092 0.422542 0.107207 1.64289 0.181286 0.101975 0.0732855
4 1.22 1.5 0 1.5 0 0 1.57075 0 0 0 0 0 0
5 1.22 50 0.00140882 3
6 1.22 15.4025 0.0736544 0.187322 0.0267466
0 1.23 0.0540039 -0.106388 1.53744 0.145767 -0.0468201 1.51931 0.416758 0.106323 1.92306 0.0884133 -0.104331 0.0629117
1 1.23 0.0706742 -0.102135 1.61437 0.149215 -0.0513146 1.5212 0.450721 0.0935351 1.76592 0.177174 0.110113 0.0717285
4 1.23 1.5 0 1.5 0 0 1.57075 0 0 0 0 0 0
5 1.23 50 0.00148892 3
6 1.23 14.5802 0.0987783 0.245575 0.0281373
0 1.24 0.0596916 -0.107928 1.55682 0.146424 -0.0481104 1.51969 0.453912 0.087856 2.09621 0.0683758 -0.135052 0.0606496
1 1.24 0.0778481 -0.104414 1.64067 0.149081 -0.0538086 1.5213 0.485607 0.0756963 1.9224 0.174615 0.124397 0.0702954
4 1.24 1.5 0 1.5 0 0 1.57075 0 0 0 0 0 0
5 1.24 50 0.00148892 3
6 1.24 13.5492 0.118202 0.297327 0.0307838
0 1.26 0.0658164 -0.108932 1.58017 0.146844 -0.0523105 1.52037 0.491791 0.0692907 2.27791 -0.00415009 -0.243404 0.0690069
1 1.26 0.085488 -0.106161 1.67128 0.14661 -0.0623457 1.52168 0.520766 0.0573728 2.08495 0.164926 0.142954 0.0733272
4 1.26 1.5 0 1.5 0 0 1.57075 0 0 0 0 0 0
5 1.26 50 0.00154591 2
6 1.26 12.3655 0.187807 0.4433 0.0137938
0 1.27 0.0745119 -0.111708 1.61072 0.146595 -0.0552033 1.52056 0.537572 0.038973 2.47667 -0.0398285 -0.287731 0.0649166
1 1.27 0.0960148 -0.110149 1.70979 0.144953 -0.0669684 1.52145 0.563537 0.0277543 2.26344 0.160536 0.175066 0.0712495
4 1.27 1.5 0 1.5 0 0 1.57075 0 0 0 0 0 0
5 1.27 50 0.00107169 2
6 1.27 11.11 0.222662 0.531192 0.0202308
0 1.28 0.0829111 -0.113816 1.64271 0.145956 -0.0588135 1.52072 0.579453 0.0121368 2.66955 -0.0926459 -0.362311 0.0642945
1 1.28 0.106089 -0.11333 1.74949 0.142225 -0.0735259 1.52116 0.602418 0.00159191 2.43649 0.158318 0.208248 0.0711541
4 1.28 1.5 0 1.5 0 0 1.57075 0 0 0 0 0 0
5 1.28 50 0.00108576 2
6 1.28 9.8816 0.2789 0.655109 0.0219372
0 1.29 0.0894277 -0.116203 1.66563 0.14461 -0.0640724 1.52072 0.611528 -0.00883827 2.82218 -0.129601 -0.421026 0.0644237
1 1.29 0.113889 -0.116557 1.77852 0.139418 -0.081109 1.52085 0.632023 -0.0191027 2.57357 0.159613 0.244826 0.0712827
4 1.29 1.5 0 1.5 0 0 1.57075 0 0 0 0 0 0
5 1.29 50 0.00102854 2
6 1.29 8.91845 0.321384 0.76464 0.0219594
0 1.3 0.0961546 -0.118226 1.69128 0.143927 -0.0663738 1.5207 0.642627 -0.028574 2.97468 -0.146297 -0.441961 0.0660764
1 1.3 0.12186 -0.119369 1.81027 0.13807 -0.0842485 1.52078 0.660791 -0.0380136 2.71043 0.162382 0.280082 0.0729074
4 1.3 1.5 0 1.5 0 0 1.57075 0 0 0 0 0 0
5 1.3 50 0.00162554 2
6 1.3 7.94858 0.342995 0.829218 0.0218815
0 1.31 0.105311 -0.121555 1.72507 0.141635 -0.0724644 1.52066 0.679678 -0.0524636 3.16143 -0.219233 -0.492197 0.0696432
1 1.31 0.132498 -0.123654 1.85153 0.132867 -0.0923483 1.52064 0.694801 -0.0611215 2.87771 0.166993 0.338619 0.0756139
4 1.31 1.5 0 1.5 0 0 1.57075 0 0 0 0 0 0
5 1.31 50 0.00107527 2
6 1.31 6.74154 0.429348 0.954481 0.0191842
0 1.33 0.114668 -0.124385 1.76248 0.135761 -0.0830718 1.52051 0.714106 -0.0754261 3.34561 -0.366773 -0.530322 0.0690934
1 1.33 0.143232 -0.127402 1.8963 0.121101 -0.104464 1.52038 0.724206 -0.0822787 3.02931 0.15354 0.392374 0.0720479
4 1.33 1.5 0 1.5 0 0 1.57075 0 0 0 0 0 0
5 1.33 50 0.00103712 1
6 1.33 4.72067 0.579185 1.06073 0.0096532
0 1.34 0.12631 -0.129029 1.80646 0.130695 -0.0898167 1.52035 0.747651 -0.099631 3.52945 -0.464976 -0.535411 0.0657026
1 1.34 0.156216 -0.133014 1.94764 0.112113 -0.111393 1.52016 0.754592 -0.1049 3.19159 0.167627 0.477445 0.0720558
4 1.34 1.5 0 1.5 0 0 1.57075 0 0 0 0 0 0
5 1.34 50 0.000663757 1
6 1.34 3.38302 0.704946 1.16461 0.0205656
0 1.35 0.13763 -0.132969 1.85237 0.126907 -0.0938435 1.52027 0.777883 -0.123513 3.70927 -0.541549 -0.524433 0.0618688
1 1.35 0.168745 -0.137909 2.00074 0.105264 -0.114965 1.52006 0.781987 -0.126858 3.35017 0.19081 0.583436 0.0731782
4 1.35 1.5 0 1.5 0 0 1.57075 0 0 0 0 0 0
5 1.35 50 0.000813246 1
6 1.35 2.06515 0.816788 1.27386 0.0364281
0 1.36 0.14841 -0.137666 1.89377 0.121064 -0.0991146 1.52017 0.805288 -0.148506 3.8818 -0.635483 -0.521992 0.056675
1 1.36 0.180621 -0.143607 2.04904 0.095672 -0.120115 1.5199 0.806812 -0.149879 3.50242 0.228019 0.734248 0.075915
4 1.36 1.5 0 1.5 0 0 1.57075 0 0 0 0 0 0
5 1.36 50 0.00124764 1
6 1.36 0.807146 0.963759 1.4443 0.0618007
0 1.37 0.159139 -0.141785 1.93849 0.112714 -0.105614 1.52014 0.829692 -0.173688 4.05048 -0.708999 -0.520885 0.0546882
1 1.37 0.192326 -0.148732 2.10051 0.0843716 -0.126563 1.51997 0.82891 -0.172882 3.65086 0.298201 0.95285 0.0866116
4 1.37 1.5 0 1.5 0 0 1.57075 0 0 0 0 0 0
5 1.37 50 0.000786066 1
6 1.37 -0.447636 1.12463 1.69406 0.102335
0 1.39 0.17244 -0.148121 1.99117 0.099596 -0.114639 1.52015 0.853551 -0.200934 4.22101 -0.791088 -0.503637 0.0602295
1 1.39 0.206582 -0.156159 2.16001 0.0679071 -0.134924 1.52055 0.850845 -0.197501 3.80002 0.427075 1.27734 0.120797
4 1.39 1.5 0 1.5 0 0 1.57075 0 0 0 0 0 0
5 1.39 50 0.000786781 1
6 1.39 -1.77157 1.36053 2.04731 0.193814
0 1.4 0.186005 -0.153983 2.04917 0.0931031 -0.118691 1.52029 0.874897 -0.229765 4.39739 -0.802241 -0.481993 0.0597537
1 1.4 0.221001 -0.163174 2.22507 0.0609434 -0.138109 1.52088 0.870465 -0.223521 3.95458 0.779883 1.43187 0.22935
4 1.4 1.5 0 1.5 0 0 1.57075 0 0 0 0 0 0
5 1.4 50 0.00084424 1
6 1.4 -3.12346 1.76789 2.1998 0.541876
0 1.41 0.197732 -0.160099 2.09658 0.0821555 -0.12511 1.52075 0.891421 -0.257106 4.55099 -0.745062 -0.402012 0.0687272
1 1.41 0.233389 -0.170383 2.27862 0.0521744 -0.141362 1.52218 0.886193 -0.248249 4.09033 0.790685 0.309556 0.232305
4 1.41 1.5 0 1.5 0 0 1.57075 0 0 0 0 0 0
5 1.41 50 0.00101972 1
6 1.41 -4.22802 1.7161 0.820645 0.522562
0 1.42 0.206486 -0.164343 2.13451 0.0768908 -0.12791 1.52105 0.902598 -0.277112 4.66338 -0.692586 -0.34554 0.0701968
1 1.42 0.24259 -0.175428 2.32105 0.0489639 -0.141906 1.5228 0.896662 -0.266079 4.18761 0.404608 0.0982504 0.126676
4 1.42 1.5 0 1.5 0 0 1.57075 0 0 0 0 0 0
5 1.42 50 0.00088048 1
6 1.42 -5.16427 1.22567 0.513204 0.180582
0 1.44 0.218679 -0.17109 2.18541 0.067283 -0.131882 1.52203 0.915959 -0.304032 4.80448 -0.447717 -0.122794 0.0748006
1 1.44 0.255317 -0.183251 2.37759 0.0490221 -0.136983 1.52471 0.909554 -0.289873 4.30782 0.199771 0.0752471 0.0834932
4 1.44 1.5 0 1.5 0 0 1.57075 0 0 0 0 0 0
5 1.44 50 0.00117803 2
6 1.44 -6.45655 0.723728 0.229994 0.0278135
0 1.45 0.230676 -0.177233 2.23986 0.063875 -0.131613 1.52312 0.926604 -0.330155 4.94139 -0.18569 0.113872 0.0837091
1 1.45 0.26774 -0.190439 2.43752 0.0559665 -0.127281 1.52678 0.919439 -0.313479 4.42574 0.127652 0.081329 0.0717346
4 1.45 1.5 0 1.5 0 0 1.57075 0 0 0 0 0 0
5 1.45 50 0.00104904 2
6 1.45 -7.6303 0.351381 -0.0360476 -0.0382525
0 1.46 0.248358 -0.187731 2.31747 0.0630474 -0.129576 1.52416 0.938439 -0.364168 5.11473 -0.0476623 0.238721 0.0963008
1 1.46 0.285895 -0.202298 2.52206 0.0605616 -0.120289 1.52864 0.92952 -0.343524 4.56727 0.0734189 0.0909607 0.067352
4 1.46 1.5 0 1.5 0 0 1.57075 0 0 0 0 0 0
5 1.46 50 0.00160503 2
6 1.46 -9.59674 0.137359 -0.169147 -0.0924318
0 1.47 0.259354 -0.194073 2.36875 0.063253 -0.12666 1.52537 0.940556 -0.388277 5.20909 0.0537895 0.333851 0.102612
1 1.47 0.296976 -0.209604 2.57712 0.0647754 -0.113592 1.53035 0.930781 -0.366349 4.64815 0.0674316 0.0935811 0.0675294
4 1.47 1.5 0 1.5 0 0 1.57075 0 0 0 0 0 0
5 1.47 50 0.00109935 2
6 1.47 -10.427 0.0180667 -0.276125 -0.111979
0 1.49 0.277698 -0.205902 2.45201 0.0640922 -0.120461 1.52781 0.944696 -0.424265 5.36647 0.0431076 0.307146 0.100807
1 1.49 0.315486 -0.222873 2.66667 0.0652341 -0.108459 1.53266 0.933367 -0.400665 4.78331 0.0508942 0.0840448 0.0622296
4 1.49 1.5 0 1.5 0 0 1.57075 0 0 0 0 0 0
5 1.49 50 0.00158525 2
6 1.49 -11.7935 0.0112454 -0.256329 -0.123143
0 1.5 0.28945 -0.213226 2.50885 0.0641181 -0.117623 1.52922 0.946862 -0.447293 5.47701 0.00181365 0.269818 0.103446
1 1.5 0.327325 -0.231117 2.72793 0.063621 -0.107118 1.53407 0.934464 -0.422209 4.87687 0.0405535 0.0780141 0.0613942
4 1.5 1.5 0 1.5 0 0 1.57075 0 0 0 0 0 0
5 1.5 50 0.00172496 2
6 1.5 -12.8386 0.0456296 -0.220076 -0.134249
0 1.51 0.302817 -0.22248 2.57038 0.0639266 -0.116074 1.53001 0.948858 -0.47442 5.60927 -0.0226277 0.238526 0.102903
1 1.51 0.340771 -0.241457 2.79475 0.0624715 -0.106815 1.53476 0.935186 -0.447111 4.98763 0.031926 0.074277 0.0588077
4 1.51 1.5 0 1.5 0 0 1.57075 0 0 0 0 0 0
5 1.51 50 0.00171828 3
6 1.51 -14.1649 0.0630484 -0.188253 -0.140779
0 1.52 0.315913 -0.231169 2.63641 0.0632444 -0.113624 1.53146 0.950883 -0.499588 5.74733 -0.0568983 0.189095 0.106036
1 1.52 0.353948 -0.251153 2.86631 0.0604308 -0.106344 1.5362 0.936091 -0.47047 5.10507 0.0242786 0.0669738 0.0581291
4 1.52 1.5 0 1.5 0 0 1.57075 0 0 0 0 0 0
5 1.52 50 0.0015347 3
6 1.52 -15.4345 0.0924698 -0.139613 -0.152954
0 1.54 0.329963 -0.241406 2.70399 0.0610533 -0.111099 1.53375 0.951995 -0.526426 5.89716 -0.136999 0.10995 0.107772
1 1.54 0.368043 -0.262463 2.93988 0.0550634 -0.106972 1.53835 0.936298 -0.495282 5.23099 0.0121716 0.05779 0.0562961
4 1.54 1.5 0 1.5 0 0 1.57075 0 0 0 0 0 0
5 1.54 50 0.00169873 4
6 1.54 -16.9043 0.167878 -0.0586198 -0.164354
0 1.55 0.343336 -0.250757 2.77528 0.0597831 -0.110518 1.53463 0.952326 -0.550723 6.04545 -0.163601 0.0875217 0.108666
1 1.55 0.381429 -0.272786 3.01709 0.0527344 -0.107283 1.53921 0.935396 -0.516642 5.35164 0.00634717 0.0541385 0.0545605
4 1.55 1.5 0 1.5 0 0 1.57075 0 0 0 0 0 0
5 1.55 50 0.00133419 3
6 1.55 -18.6077 0.190934 -0.0368268 -0.172749
0 1.56 0.35809 -0.262279 2.84852 0.0572658 -0.110086 1.536 0.953965 -0.57398 6.18612 -0.205155 0.0257179 0.107492
1 1.56 0.396248 -0.285238 3.09596 0.0485787 -0.109305 1.54038 0.93666 -0.5378 5.47205 -0.00326965 0.0450233 0.0513762
4 1.56 1.5 0 1.5 0 0 1.57075 0 0 0 0 0 0
5 1.56 50 0.00223041 3
6 1.56 -19.8551 0.226117 0.0239787 -0.179154
0 1.58 0.37301 -0.27351 2.93002 0.053101 -0.110784 1.5379 0.95473 -0.596614 6.3362 -0.24766 -0.053973 0.106414
1 1.58 0.4112 -0.297374 3.18346 0.0427345 -0.113165 1.54206 0.937624 -0.557813 5.60024 -0.0142327 0.0355556 0.0482127
4 1.58 1.5 0 1.5 0 0 1.57075 0 0 0 0 0 0
5 1.58 50 0.00171471 3
6 1.58 -21.2029 0.260714 0.104904 -0.185793
0 1.59 0.388269 -0.285959 3.00909 0.0503738 -0.111767 1.53896 0.954203 -0.619869 6.48469 -0.271897 -0.0966668 0.108633
1 1.59 0.426438 -0.310754 3.26848 0.0390327 -0.115847 1.54314 0.936902 -0.578103 5.72525 -0.0212933 0.0288308 0.0472805
4 1.59 1.5 0 1.5 0 0 1.57075 0 0 0 0 0 0
5 1.59 50 0.00186157 3
6 1.59 -22.6511 0.279544 0.146436 -0.195839
0 1.6 0.401338 -0.29629 3.08371 0.0466031 -0.113651 1.54032 0.952222 -0.639433 6.61618 -0.308877 -0.166096 0.112259
1 1.6 0.439427 -0.321867 3.34836 0.0337714 -0.120497 1.54452 0.935246 -0.59429 5.833 -0.0297004 0.0237242 0.0469421
4 1.6 1.5 0 1.5 0 0 1.57075 0 0 0 0 0 0
5 1.6 50 0.00271964 4
6 1.6 -24.1172 0.310848 0.220661 -0.208464
0 1.62 0.417644 -0.310368 3.17144 0.0407362 -0.117631 1.54209 0.951877 -0.660945 6.75356 -0.342647 -0.238363 0.10736
1 1.62 0.455719 -0.336806 3.44159 0.0265691 -0.127333 1.54602 0.935494 -0.609008 5.92584 -0.0421124 0.0265682 0.0372805
4 1.62 1.5 0 1.5 0 0 1.57075 0 0 0 0 0 0
5 1.62 50 0.00166917 2
6 1.62 -26.8716 0.334177 0.307013 -0.223637
0 1.63 0.429879 -0.320698 3.24223 0.0348209 -0.122381 1.54365 0.950287 -0.677097 6.86116 -0.378039 -0.301001 0.100893
1 1.63 0.467891 -0.347782 3.51668 0.0192549 -0.134554 1.54729 0.93593 -0.621065 6.01654 -0.0539483 0.0264894 0.0309366
4 1.63 1.5 0 1.5 0 0 1.57075 0 0 0 0 0 0
5 1.63 50 0.00158501 2
6 1.63 -27.9241 0.360143 0.378901 -0.223208
0 1.64 0.442441 -0.331969 3.31115 0.0322259 -0.124555 1.54425 0.947263 -0.694264 6.96897 -0.39909 -0.32894 0.0998813
1 1.64 0.480331 -0.35974 3.58991 0.0158154 -0.137834 1.54785 0.933574 -0.635094 6.10705 -0.0597692 0.0237216 0.0286313
4 1.64 1.5 0 1.5 0 0 1.57075 0 0 0 0 0 0
5 1.64 50 0.00108576 2
6 1.64 -28.9977 0.37698 0.407923 -0.227317
0 1.65 0.454841 -0.342832 3.38584 0.0280233 -0.128134 1.54517 0.942746 -0.711064 7.08003 -0.426451 -0.361087 0.0986152
1 1.65 0.492551 -0.371274 3.66904 0.0105094 -0.142682 1.54874 0.930583 -0.647932 6.2002 -0.0679058 0.0236846 0.0259239
4 1.65 1.5 0 1.5 0 0 1.57075 0 0 0 0 0 0
5 1.65 50 0.00146031 2
6 1.65 -30.1137 0.398266 0.444946 -0.231892
0 1.66 0.47193 -0.358834 3.48562 0.0222572 -0.133154 1.54626 0.939487 -0.732316 7.21228 -0.469449 -0.401377 0.0963178
1 1.66 0.509509 -0.388126 3.77411 0.00301121 -0.149291 1.54979 0.929727 -0.663847 6.31065 -0.081492 0.0256881 0.0214476
4 1.66 1.5 0 1.5 0 0 1.57075 0 0 0 0 0 0
5 1.66 50 0.00167775 2
6 1.66 -31.4764 0.430925 0.493731 -0.238809
0 1.67 0.487229 -0.373044 3.58214 0.0186258 -0.136347 1.54694 0.927735 -0.751738 7.27969 -0.49294 -0.419913 0.0923689
1 1.67 0.524338 -0.403113 3.87332 -0.00155569 -0.15321 1.55035 0.919581 -0.679465 6.36208 -0.0875927 0.0259963 0.017668
4 1.67 1.5 0 1.5 0 0 1.57075 0 0 0 0 0 0
5 1.67 50 0.00102139 2
6 1.67 -32.4761 0.450373 0.515378 -0.238247
0 1.69 0.50158 -0.387177 3.6681 0.00786003 -0.145319 1.54852 0.915678 -0.771354 7.35241 -0.552802 -0.462429 0.0832849
1 1.69 0.538208 -0.418031 3.9622 -0.0147183 -0.163842 1.55174 0.913158 -0.692505 6.42176 -0.107667 0.0379446 0.00901444
4 1.69 1.5 0 1.5 0 0 1.57075 0 0 0 0 0 0
5 1.69 50 0.00115752 2
6 1.69 -33.3201 0.494914 0.577909 -0.236818
0 1.7 0.515181 -0.40045 3.75807 0.00195851 -0.150115 1.54939 0.902629 -0.791053 7.43769 -0.582597 -0.476943 0.0870436
1 1.7 0.551287 -0.432092 4.05557 -0.0218664 -0.169199 1.55287 0.903326 -0.707186 6.49083 -0.117652 0.0432203 0.00899817
4 1.7 1.5 0 1.5 0 0 1.57075 0 0 0 0 0 0
5 1.7 50 0.00122213 2
6 1.7 -34.3467 0.516834 0.601001 -0.248844
0 1.71 0.531084 -0.417064 3.85827 -0.00577368 -0.1562 1.5505 0.891253 -0.813074 7.5346 -0.630037 -0.492421 0.0834104
1 1.71 0.566734 -0.449587 4.15965 -0.0315185 -0.175877 1.554 0.896419 -0.723143 6.5706 -0.133641 0.0518065 0.0038918
4 1.71 1.5 0 1.5 0 0 1.57075 0 0 0 0 0 0
5 1.71 50 0.00169539 2
6 1.71 -35.4426 0.552061 0.628763 -0.25351
0 1.72 0.545505 -0.43209 3.95767 -0.0107226 -0.159993 1.55117 0.877982 -0.834439 7.63364 -0.656687 -0.50048 0.0810647
1 1.72 0.580625 -0.465467 4.26301 -0.0375479 -0.179976 1.55467 0.886257 -0.73937 6.65121 -0.143025 0.0567546 0.000594214
4 1.72 1.5 0 1.5 0 0 1.57075 0 0 0 0 0 0
5 1.72 50 0.00105 2
6 1.72 -36.6087 0.571421 0.643744 -0.256528
0 1.74 0.559514 -0.44753 4.04938 -0.0265102 -0.171749 1.55308 0.863081 -0.85696 7.72901 -0.734482 -0.539746 0.068795
1 1.74 0.594038 -0.481808 4.35854 -0.0564659 -0.193259 1.55646 0.880044 -0.759099 6.77079 -0.181214 0.0547088 -0.00331064
4 1.74 1.5 0 1.5 0 0 1.57075 0 0 0 0 0 0
5 1.74 50 0.00183821 3
6 1.74 -35.1861 0.616018 0.686223 -0.229747
0 1.75 0.574545 -0.464235 4.16064 -0.0304396 -0.174582 1.5535 0.843354 -0.88305 7.84392 -0.74622 -0.54295 0.0661407
1 1.75 0.608279 -0.499557 4.47439 -0.0608714 -0.19621 1.55686 0.863277 -0.779917 6.86492 -0.186775 0.0578874 -0.00605498
4 1.75 1.5 0 1.5 0 0 1.57075 0 0 0 0 0 0
5 1.75 50 0.00146341 3
6 1.75 -36.5002 0.62303 0.693448 -0.230024
0 1.77 0.591902 -0.484923 4.28256 -0.0491944 -0.18782 1.55565 0.823149 -0.913411 7.96733 -0.797763 -0.567715 0.0735787
1 1.77 0.624828 -0.52146 4.60126 -0.0818758 -0.210357 1.55978 0.853751 -0.804098 6.9974 -0.229724 0.0585768 -0.00115022
4 1.77 1.5 0 1.5 0 0 1.57075 0 0 0 0 0 0
5 1.77 50 0.00149512 2
6 1.77 -36.0502 0.632165 0.723428 -0.238057
0 1.78 0.606274 -0.502378 4.3957 -0.055308 -0.192081 1.55639 0.80179 -0.940991 8.08033 -0.820322 -0.577208 0.0718287
1 1.78 0.638345 -0.540018 4.71892 -0.088927 -0.214976 1.56061 0.836922 -0.826067 7.09446 -0.241451 0.0618727 -0.0028394
4 1.78 1.5 0 1.5 0 0 1.57075 0 0 0 0 0 0
5 1.78 50 0.00118542 2
6 1.78 -37.0881 0.644312 0.738119 -0.23784
0 1.79 0.620163 -0.520364 4.49673 -0.063827 -0.197883 1.55745 0.781402 -0.968195 8.17985 -0.852768 -0.587848 0.0668859
1 1.79 0.651419 -0.559092 4.82392 -0.0987738 -0.221178 1.5617 0.821902 -0.849051 7.1906 -0.261048 0.0589388 -0.00438651
4 1.79 1.5 0 1.5 0 0 1.57075 0 0 0 0 0 0
5 1.79 50 0.00147176 3
6 1.79 -37.3611 0.658864 0.746804 -0.226967
0 1.8 0.630721 -0.534342 4.58186 -0.0729455 -0.203996 1.55849 0.762573 -0.990682 8.26246 -0.881526 -0.597803 0.0663045
1 1.8 0.661224 -0.57397 4.91236 -0.109114 -0.227651 1.56297 0.808777 -0.86737 7.27128 -0.281229 0.057466 -0.00332871
4 1.8 1.5 0 1.5 0 0 1.57075 0 0 0 0 0 0
5 1.8 50 0.00157785 2
6 1.8 -37.5517 0.668433 0.756653 -0.221705
0 1.82 0.645903 -0.555636 4.70218 -0.0932772 -0.217482 1.56105 0.733876 -1.02451 8.37641 -0.911661 -0.621755 0.0705092
1 1.82 0.675258 -0.596616 5.03723 -0.130876 -0.241981 1.5663 0.792823 -0.892101 7.38223 -0.322601 0.0629141 0.00183391
4 1.82 1.5 0 1.5 0 0 1.57075 0 0 0 0 0 0
5 1.82 50 0.000723839 1
6 1.82 -37.9129 0.655517 0.790867 -0.218602
0 1.83 0.657333 -0.572328 4.80473 -0.100291 -0.222107 1.56206 0.707416 -1.05268 8.47026 -0.918586 -0.62438 0.0769764
1 1.83 0.685629 -0.614435 5.14354 -0.138291 -0.246648 1.56776 0.77226 -0.913954 7.46107 -0.333226 0.0684995 0.00601501
4 1.83 1.5 0 1.5 0 0 1.57075 0 0 0 0 0 0
5 1.83 50 0.000851393 1
6 1.83 -38.9254 0.651033 0.800821 -0.225892
0 1.84 0.668599 -0.589693 4.89728 -0.109646 -0.228219 1.5635 0.685974 -1.07896 8.55185 -0.913995 -0.616433 0.0769291
1 1.84 0.696038 -0.632851 5.23936 -0.147543 -0.252392 1.56941 0.758097 -0.933445 7.5307 -0.349069 0.0758874 0.00687556
4 1.84 1.5 0 1.5 0 0 1.57075 0 0 0 0 0 0
5 1.84 50 0.000853539 1
6 1.84 -39.7745 0.628221 0.800147 -0.223006
0 1.85 0.680984 -0.609725 5.01373 -0.118928 -0.234311 1.56496 0.655511 -1.11158 8.65075 -0.90239 -0.610483 0.0778422
1 1.85 0.707205 -0.654188 5.35976 -0.156453 -0.258188 1.57112 0.735593 -0.958184 7.61377 -0.362581 0.0836402 0.00859514
4 1.85 1.5 0 1.5 0 0 1.57075 0 0 0 0 0 0
5 1.85 50 0.000840425 1
6 1.85 -40.8786 0.600109 0.80221 -0.220445
0 1.86 0.68965 -0.624094 5.08771 -0.128132 -0.240211 1.56653 0.63664 -1.13818 8.68513 -0.885564 -0.58619 0.0767366
1 1.86 0.715115 -0.669621 5.43511 -0.165034 -0.263074 1.57275 0.723646 -0.979137 7.64192 -0.376938 0.0896013 0.00909503
4 1.86 1.5 0 1.5 0 0 1.57075 0 0 0 0 0 0
5 1.86 50 0.000859737 1
6 1.86 -41.3792 0.565425 0.780987 -0.215356
0 1.87 0.698921 -0.640413 5.17892 -0.138217 -0.246563 1.56828 0.610834 -1.16891 8.73404 -0.869661 -0.566573 0.0847946
1 1.87 0.723355 -0.687169 5.52828 -0.174634 -0.268543 1.57496 0.705857 -1.00315 7.6821 -0.391832 0.0963346 0.0156176
4 1.87 1.5 0 1.5 0 0 1.57075 0 0 0 0 0 0
5 1.87 50 0.000793695 1
6 1.87 -42.0577 0.530716 0.766685 -0.220288
0 1.89 0.710248 -0.661525 5.28926 -0.153469 -0.255779 1.57127 0.579281 -1.20534 8.79813 -0.825639 -0.524588 0.0926147
1 1.89 0.733419 -0.709739 5.64119 -0.188291 -0.27595 1.57836 0.686225 -1.03024 7.73635 -0.413864 0.107084 0.0237098
4 1.89 1.5 0 1.5 0 0 1.57075 0 0 0 0 0 0
5 1.89 50 0.000722647 1
6 1.89 -42.8825 0.456764 0.731074 -0.219487
0 1.9 0.721461 -0.684439 5.41899 -0.161791 -0.260649 1.57294 0.538587 -1.24614 8.87519 -0.795206 -0.495799 0.090598
1 1.9 0.743005 -0.734284 5.774 -0.195405 -0.279639 1.57995 0.64539 -1.0767 7.84838 -0.426762 0.0628129 0.0375503
4 1.9 1.5 0 1.5 0 0 1.57075 0 0 0 0 0 0
5 1.9 50 0.00200629 3
6 1.9 -40.7479 0.40858 0.646884 -0.168907
0 1.91 0.732486 -0.708019 5.5375 -0.171767 -0.266236 1.57511 0.503428 -1.28389 8.94703 -0.747988 -0.449918 0.0911191
1 1.91 0.752623 -0.759374 5.89538 -0.203505 -0.283345 1.58202 0.618481 -1.10775 7.91056 -0.438694 0.0660058 0.0402227
4 1.91 1.5 0 1.5 0 0 1.57075 0 0 0 0 0 0
5 1.91 50 0.00156498 3
6 1.91 -41.5009 0.342718 0.597584 -0.162104
0 1.93 0.741727 -0.729732 5.65412 -0.186978 -0.274439 1.57876 0.465983 -1.31995 9.01716 -0.695621 -0.404273 0.10226
1 1.93 0.760366 -0.78253 6.0148 -0.216781 -0.289568 1.58605 0.592114 -1.13617 7.97559 -0.460762 0.0684179 0.0516137
4 1.93 1.5 0 1.5 0 0 1.57075 0 0 0 0 0 0
5 1.93 50 0.00197864 2
6 1.93 -42.04 0.259403 0.548229 -0.161368
0 1.94 0.750657 -0.751199 5.75889 -0.192341 -0.277202 1.58009 0.42715 -1.35585 9.07709 -0.674826 -0.382923 0.0971125
1 1.94 0.767743 -0.805433 6.12197 -0.221252 -0.291494 1.5871 0.559389 -1.16632 8.02292 -0.463132 0.0725507 0.0491736
4 1.94 1.5 0 1.5 0 0 1.57075 0 0 0 0 0 0
5 1.94 50 0.00156713 2
6 1.94 -42.9342 0.233824 0.528011 -0.152751
0 1.95 0.758254 -0.772115 5.86866 -0.199252 -0.280597 1.58184 0.385811 -1.39166 9.1386 -0.653335 -0.356965 0.0987542
1 1.95 0.773687 -0.827781 6.2342 -0.227316 -0.293811 1.58881 0.525178 -1.19603 8.07279 -0.468299 0.0765347 0.0517624
4 1.95 1.5 0 1.5 0 0 1.57075 0 0 0 0 0 0
5 1.95 50 0.00111103 2
6 1.95 -43.7921 0.204155 0.502715 -0.149756
0 1.96 0.767069 -0.797037 5.98697 -0.207523 -0.284463 1.58393 0.345516 -1.43027 9.20533 -0.616506 -0.326625 0.100454
1 1.96 0.780889 -0.854248 6.35518 -0.23412 -0.29642 1.59083 0.493272 -1.22784 8.12732 -0.476164 0.0809173 0.0549919
4 1.96 1.5 0 1.5 0 0 1.57075 0 0 0 0 0 0
5 1.96 50 0.00161815 2
6 1.96 -44.7111 0.154345 0.472719 -0.144909
0 1.98 0.774096 -0.820079 6.10342 -0.22012 -0.28996 1.58736 0.303854 -1.46735 9.26871 -0.577168 -0.283745 0.109402
1 1.98 0.78625 -0.878773 6.47417 -0.245221 -0.300081 1.5944 0.462617 -1.2574 8.18156 -0.492401 0.0858857 0.0645601
4 1.98 1.5 0 1.5 0 0 1.57075 0 0 0 0 0 0
5 1.98 50 0.00111985 2
6 1.98 -45.5051 0.0923064 0.429323 -0.142973
0 1.99 0.781317 -0.843703 6.21252 -0.226175 -0.292457 1.58908 0.259583 -1.50551 9.32375 -0.563108 -0.274018 0.113204
1 1.99 0.791701 -0.903923 6.58547 -0.250768 -0.302123 1.59625 0.425569 -1.28957 8.22434 -0.49617 0.0891372 0.0686238
4 1.99 1.5 0 1.5 0 0 1.57075 0 0 0 0 0 0
5 1.99 50 0.00131154 2
6 1.99 -46.4066 0.07236 0.421944 -0.142147
0 2 0.786717 -0.865452 6.31979 -0.232169 -0.294853 1.59084 0.215584 -1.54089 9.37707 -0.552598 -0.263401 0.115616
1 2 0.795341 -0.927087 6.69487 -0.256376 -0.304042 1.59808 0.388591 -1.31932 8.26668 -0.50021 0.0916139 0.0721417
4 2 1.5 0 1.5 0 0 1.57075 0 0 0 0 0 0
5 2 50 0.00166249 2
6 2 -47.2277 0.0561257 0.412616 -0.138626
0 2.01 0.793951 -0.895072 6.45276 -0.238128 -0.29715 1.59263 0.171082 -1.58262 9.44709 -0.552155 -0.260117 0.114744
1 2.01 0.800794 -0.958377 6.83064 -0.262332 -0.306178 1.59987 0.35292 -1.35327 8.31883 -0.505878 0.0979039 0.0741675
4 2.01 1.5 0 1.5 0 0 1.57075 0 0 0 0 0 0
5 2.01 50 0.00222278 3
6 2.01 -48.5055 0.0493384 0.416021 -0.129377
0 2.03 0.799969 -0.927376 6.60729 -0.249948 -0.301839 1.59609 0.115501 -1.62986 9.52329 -0.546259 -0.255763 0.113736
1 2.03 0.804589 -0.99257 6.98822 -0.273959 -0.310626 1.60336 0.310357 -1.39099 8.37976 -0.521682 0.103225 0.0793027
4 2.03 1.5 0 1.5 0 0 1.57075 0 0 0 0 0 0
5 2.03 50 0.00228477 3
6 2.03 -49.7311 0.02512 0.417028 -0.109768
0 2.04 0.805896 -0.95849 6.74172 -0.254361 -0.303511 1.59742 0.0701083 -1.67213 9.5883 -0.539092 -0.24645 0.114303
1 2.04 0.808701 -1.02537 7.12525 -0.278088 -0.311901 1.60466 0.273131 -1.4258 8.42691 -0.524043 0.109331 0.0823239
4 2.04 1.5 0 1.5 0 0 1.57075 0 0 0 0 0 0
5 2.04 50 0.00194979 4
6 2.04 -50.9976 0.0145345 0.413306 -0.101942
0 2.05 0.809666 -0.984706 6.86102 -0.260886 -0.305962 1.59945 0.0277593 -1.70848 9.64339 -0.525385 -0.232285 0.115174
1 2.05 0.810776 -1.05305 7.24676 -0.284064 -0.313751 1.60663 0.240728 -1.45386 8.46457 -0.530287 0.119351 0.0867005
4 2.05 1.5 0 1.5 0 0 1.57075 0 0 0 0 0 0
5 2.05 50 0.00157595 3
6 2.05 -52.2834 -0.00767321 0.408458 -0.0907636
0 2.06 0.813718 -1.01011 6.96681 -0.267179 -0.308157 1.60154 -0.00348284 -1.74934 9.6651 -0.510549 -0.221581 0.119821
1 2.06 0.813579 -1.08008 7.35342 -0.289817 -0.315441 1.60885 0.21687 -1.48954 8.47816 -0.538045 0.119585 0.0928211
4 2.06 1.5 0 1.5 0 0 1.57075 0 0 0 0 0 0
5 2.06 50 0.00271368 3
6 2.06 -52.95 -0.0329374 0.396502 -0.08607
0 2.07 0.816243 -1.03234 7.06416 -0.272569 -0.310084 1.60326 -0.035064 -1.78434 9.68823 -0.494224 -0.205272 0.116073
1 2.07 0.81484 -1.10371 7.45169 -0.294479 -0.316742 1.61028 0.191974 -1.51974 8.49349 -0.543516 0.120944 0.0933311
4 2.07 1.5 0 1.5 0 0 1.57075 0 0 0 0 0 0
5 2.07 50 0.00170779 3
6 2.07 -53.5827 -0.0571015 0.379034 -0.0724869
0 2.09 0.819355 -1.06037 7.17978 -0.281549 -0.31297 1.60626 -0.0758077 -1.82562 9.71724 -0.472205 -0.188249 0.124088
1 2.09 0.816323 -1.1334 7.56847 -0.302657 -0.318825 1.61347 0.161665 -1.55415 8.5125 -0.554493 0.124408 0.103412
4 2.09 1.5 0 1.5 0 0 1.57075 0 0 0 0 0 0
5 2.09 50 0.00152302 3
6 2.09 -54.4396 -0.0939836 0.363579 -0.0659054
0 2.1 0.820831 -1.08377 7.28103 -0.287058 -0.314611 1.60823 -0.113213 -1.85942 9.7446 -0.46079 -0.179465 0.126819
1 2.1 0.816302 -1.15814 7.67081 -0.307734 -0.32006 1.61549 0.131439 -1.58296 8.53137 -0.559546 0.125782 0.108467
4 2.1 1.5 0 1.5 0 0 1.57075 0 0 0 0 0 0
5 2.1 50 0.00170088 3
6 2.1 -55.1271 -0.112361 0.355063 -0.0584935
0 2.11 0.822891 -1.11568 7.41088 -0.291836 -0.315917 1.60987 -0.164863 -1.9041 9.77727 -0.448887 -0.16669 0.126487
1 2.11 0.816297 -1.19184 7.80197 -0.312003 -0.320847 1.61698 0.106753 -1.6003 8.48859 -0.566428 0.182497 0.12604
4 2.11 1.5 0 1.5 0 0 1.57075 0 0 0 0 0 0
5 2.11 50 0.00132728 1
6 2.11 -60.3056 -0.133242 0.405339 -0.00134327
0 2.13 0.822872 -1.14798 7.55013 -0.302317 -0.318546 1.61351 -0.220923 -1.9483 9.81414 -0.424455 -0.146475 0.121658
1 2.13 0.814035 -1.22591 7.94269 -0.321403 -0.322691 1.62024 0.0642448 -1.63636 8.51361 -0.578589 0.186383 0.132958
4 2.13 1.5 0 1.5 0 0 1.57075 0 0 0 0 0 0
5 2.13 50 0.000967026 1
6 2.13 -61.3519 -0.173919 0.386179 0.0361468
0 2.14 0.823907 -1.17381 7.64939 -0.305796 -0.319335 1.61475 -0.258537 -1.98025 9.84204 -0.416035 -0.134577 0.124062
1 2.14 0.813565 -1.25302 8.04307 -0.324538 -0.322975 1.62144 0.0331564 -1.6635 8.53138 -0.580443 0.187752 0.138412
4 2.14 1.5 0 1.5 0 0 1.57075 0 0 0 0 0 0
5 2.14 50 0.00088191 1
6 2.14 -62.1203 -0.185324 0.374096 0.0458777
0 2.15 0.823416 -1.20378 7.77115 -0.31144 -0.320411 1.61676 -0.306072 -2.01731 9.87532 -0.400532 -0.11342 0.127973
1 2.15 0.811173 -1.28448 8.16617 -0.32954 -0.323161 1.62336 -0.00512856 -1.69451 8.55285 -0.585205 0.190046 0.146806
4 2.15 1.5 0 1.5 0 0 1.57075 0 0 0 0 0 0
5 2.15 50 0.000807285 1
6 2.15 -63.0544 -0.20782 0.352425 0.0601754
0 2.16 0.822895 -1.2404 7.91245 -0.315715 -0.321062 1.61834 -0.363356 -2.06141 9.90828 -0.377569 -0.0952205 0.12818
1 2.16 0.808361 -1.32285 8.30878 -0.332832 -0.323091 1.62472 -0.0536868 -1.73238 8.57187 -0.58434 0.192178 0.15119
4 2.16 1.5 0 1.5 0 0 1.57075 0 0 0 0 0 0
5 2.16 50 0.00108433 1
6 2.16 -64.1025 -0.232356 0.333752 0.0735007
0 2.17 0.821412 -1.26423 8.00835 -0.31979 -0.321526 1.61994 -0.402321 -2.08969 9.93027 -0.351261 -0.0762425 0.130973
1 2.17 0.805319 -1.34782 8.40556 -0.335816 -0.322774 1.6262 -0.0857036 -1.75633 8.58494 -0.585307 0.194035 0.156471
4 2.17 1.5 0 1.5 0 0 1.57075 0 0 0 0 0 0
5 2.17 50 0.000949621 1
6 2.17 -64.8048 -0.262693 0.313911 0.0814309
0 2.19 0.819772 -1.30094 8.14508 -0.326944 -0.321874 1.6228 -0.448518 -2.12897 9.9726 -0.317246 -0.0360865 0.129533
1 2.19 0.801831 -1.3861 8.54398 -0.341424 -0.321577 1.62846 -0.120292 -1.7892 8.61385 -0.592144 0.195585 0.163691
4 2.19 1.5 0 1.5 0 0 1.57075 0 0 0 0 0 0
5 2.19 50 0.00092268 1
6 2.19 -65.8831 -0.307968 0.26921 0.109061
0 2.2 0.816456 -1.33624 8.28256 -0.330429 -0.32191 1.62418 -0.497541 -2.16678 10.0115 -0.307018 -0.027173 0.125445
1 2.2 0.796554 -1.42291 8.68303 -0.344411 -0.32131 1.62956 -0.160825 -1.82117 8.63823 -0.593207 0.198253 0.166826
4 2.2 1.5 0 1.5 0 0 1.57075 0 0 0 0 0 0
5 2.2 50 0.000891685 1
6 2.2 -66.9569 -0.320499 0.261831 0.132116
0 2.21 0.814186 -1.36847 8.40005 -0.333683 -0.321715 1.62557 -0.545941 -2.20178 10.0333 -0.279396 -0.00207605 0.133562
1 2.21 0.792348 -1.45654 8.80139 -0.346551 -0.320043 1.63092 -0.202084 -1.85177 8.64881 -0.591062 0.19858 0.174263
4 2.21 1.5 0 1.5 0 0 1.57075 0 0 0 0 0 0
5 2.21 50 0.000920296 1
6 2.21 -67.791 -0.348748 0.233313 0.129939
0 2.22 0.810118 -1.39964 8.51964 -0.33751 -0.321153 1.62718 -0.595136 -2.23525 10.0557 -0.263134 0.0129271 0.137225
1 2.22 0.786312 -1.48905 8.92187 -0.349702 -0.318847 1.63246 -0.243379 -1.88102 8.65979 -0.59095 0.198421 0.180283
4 2.22 1.5 0 1.5 0 0 1.57075 0 0 0 0 0 0
5 2.22 50 0.000747204 1
6 2.22 -68.653 -0.36665 0.215816 0.137459
0 2.24 0.806681 -1.43302 8.6391 -0.342511 -0.32004 1.62922 -0.648303 -2.27016 10.0701 -0.248537 0.0343479 0.131202
1 2.24 0.780749 -1.52383 9.04191 -0.353938 -0.316983 1.63394 -0.287644 -1.91238 8.66365 -0.592743 0.195514 0.18075
4 2.24 1.5 0 1.5 0 0 1.57075 0 0 0 0 0 0
5 2.24 50 0.000830889 1
6 2.24 -69.4717 -0.384767 0.187614 0.158171
0 2.25 0.802258 -1.46022 8.74129 -0.345284 -0.319289 1.6304 -0.692526 -2.29821 10.0847 -0.243234 0.0361001 0.132277
1 2.25 0.774557 -1.55215 9.14468 -0.356498 -0.316139 1.63513 -0.325517 -1.93723 8.66853 -0.591514 0.194709 0.184267
4 2.25 1.5 0 1.5 0 0 1.57075 0 0 0 0 0 0
5 2.25 50 0.00109529 1
6 2.25 -70.1888 -0.389302 0.184645 0.165967
0 2.26 0.796998 -1.50031 8.8812 -0.348517 -0.3185 1.63186 -0.729912 -2.34548 10.1105 -0.233137 0.0342693 0.127395
1 2.26 0.767802 -1.59413 9.28562 -0.359268 -0.315471 1.63641 -0.354468 -1.97968 8.68025 -0.594022 0.191698 0.18724
4 2.26 1.5 0 1.5 0 0 1.57075 0 0 0 0 0 0
5 2.26 50 0.000955582 1
6 2.26 -71.2156 -0.40344 0.183085 0.191048
0 2.27 0.790637 -1.53547 9.00908 -0.350386 -0.318108 1.63269 -0.768684 -2.38475 10.1337 -0.230115 0.0371372 0.13061
1 2.27 0.75989 -1.63086 9.41442 -0.361038 -0.314919 1.63732 -0.386524 -2.01436 8.69041 -0.59381 0.191216 0.193408
4 2.27 1.5 0 1.5 0 0 1.57075 0 0 0 0 0 0
5 2.27 50 0.000951767 1
6 2.27 -72.1485 -0.406544 0.179272 0.200473
0 2.29 0.785871 -1.56726 9.11749 -0.354531 -0.316979 1.6345 -0.808954 -2.41905 10.1421 -0.216942 0.0480783 0.128805
1 2.29 0.753513 -1.66402 9.52317 -0.364575 -0.313387 1.63888 -0.418907 -2.04569 8.68953 -0.596228 0.186935 0.196459
4 2.29 1.5 0 1.5 0 0 1.57075 0 0 0 0 0 0
5 2.29 50 0.00133634 1
6 2.29 -72.8726 -0.42388 0.161631 0.215975
0 2.3 0.780695 -1.59294 9.20886 -0.356848 -0.316149 1.63555 -0.843325 -2.44526 10.151 -0.208776 0.0546911 0.128695
1 2.3 0.746962 -1.69075 9.6149 -0.366527 -0.312301 1.63982 -0.447701 -2.06934 8.69012 -0.594833 0.184976 0.198862
4 2.3 1.5 0 1.5 0 0 1.57075 0 0 0 0 0 0
5 2.3 50 0.00076437 1
6 2.3 -73.4885 -0.431386 0.151707 0.223995
0 2.32 0.772415 -1.63579 9.35508 -0.35918 -0.315245 1.63658 -0.897646 -2.48483 10.1679 -0.201897 0.059757 0.126361
1 2.32 0.736509 -1.73519 9.76179 -0.368525 -0.31123 1.64067 -0.49429 -2.10449 8.69304 -0.592794 0.184484 0.200859
4 2.32 1.5 0 1.5 0 0 1.57075 0 0 0 0 0 0
5 2.32 50 0.00079298 1
6 2.32 -74.4892 -0.43676 0.145218 0.237821
0 2.32 0.764246 -1.66883 9.47252 -0.361895 -0.314046 1.63782 -0.942122 -2.51377 10.1819 -0.199194 0.0718692 0.137498
1 2.32 0.726561 -1.76938 9.8798 -0.371202 -0.30941 1.64216 -0.531607 -2.13023 8.69594 -0.592451 0.1823 0.210951
4 2.32 1.5 0 1.5 0 0 1.57075 0 0 0 0 0 0
5 2.32 50 0.000818253 1
6 2.32 -75.3032 -0.43921 0.128971 0.234483
0 2.34 0.75385 -1.71647 9.63119 -0.366336 -0.311874 1.63988 -0.997284 -2.55278 10.2084 -0.191271 0.0785142 0.133137
1 2.34 0.713959 -1.81858 10.0395 -0.375227 -0.307034 1.64392 -0.575911 -2.16516 8.70676 -0.594859 0.178764 0.215002
4 2.34 1.5 0 1.5 0 0 1.57075 0 0 0 0 0 0
5 2.34 50 0.000899792 1
6 2.34 -76.4565 -0.450723 0.117131 0.261337
0 2.35 0.743611 -1.75434 9.76245 -0.368487 -0.31084 1.64092 -1.04363 -2.58246 10.2291 -0.18581 0.0752244 0.13191
1 2.35 0.701866 -1.85764 10.1716 -0.377153 -0.306132 1.64495 -0.614876 -2.19094 8.71442 -0.593657 0.179803 0.218465
4 2.35 1.5 0 1.5 0 0 1.57075 0 0 0 0 0 0
5 2.35 50 0.000715256 1
6 2.35 -77.392 -0.455532 0.122019 0.27631
0 2.36 0.733451 -1.79752 9.90233 -0.371111 -0.309472 1.64215 -1.08896 -2.61464 10.2551 -0.176594 0.0818003 0.136105
1 2.36 0.689893 -1.90211 10.3125 -0.379417 -0.304448 1.64623 -0.651755 -2.2191 8.72622 -0.593001 0.17898 0.226126
4 2.36 1.5 0 1.5 0 0 1.57075 0 0 0 0 0 0
5 2.36 50 0.00088191 1
6 2.36 -78.4171 -0.46501 0.11349 0.287378
0 2.37 0.724351 -1.83024 10.0121 -0.372627 -0.308651 1.64293 -1.12551 -2.63838 10.2734 -0.172574 0.0850504 0.135443
1 2.37 0.67933 -1.93577 10.423 -0.380744 -0.30351 1.64692 -0.682313 -2.23954 8.73353 -0.592258 0.180155 0.229223
4 2.37 1.5 0 1.5 0 0 1.57075 0 0 0 0 0 0
5 2.37 50 0.000771523 1
6 2.37 -79.2048 -0.468646 0.111054 0.299373
0 2.38 0.716332 -1.86274 10.1153 -0.374657 -0.307507 1.64393 -1.16077 -2.66129 10.2861 -0.175545 0.0874053 0.13172
1 2.38 0.669902 -1.96919 10.5267 -0.38283 -0.302325 1.64773 -0.711333 -2.25977 8.73615 -0.592555 0.178971 0.230929
4 2.38 1.5 0 1.5 0 0 1.57075 0 0 0 0 0 0
5 2.38 50 0.000739574 1
6 2.38 -79.9314 -0.465654 0.106974 0.316707
0 2.39 0.707152 -1.89398 10.2184 -0.376671 -0.30633 1.645 -1.19626 -2.6822 10.2979 -0.172113 0.0871956 0.137802
1 2.39 0.659302 -2.00126 10.6303 -0.38477 -0.301059 1.64903 -0.740663 -2.2781 8.7382 -0.592109 0.178128 0.237975
4 2.39 1.5 0 1.5 0 0 1.57075 0 0 0 0 0 0
5 2.39 50 0.000824451 1
6 2.39 -80.6445 -0.468954 0.106296 0.319786
0 2.41 0.695499 -1.9354 10.3503 -0.380371 -0.303987 1.64685 -1.24032 -2.70903 10.3123 -0.168807 0.0909254 0.141848
1 2.41 0.645886 -2.04376 10.7628 -0.388353 -0.298503 1.65095 -0.775468 -2.30242 8.74005 -0.594684 0.173435 0.245958
4 2.41 1.5 0 1.5 0 0 1.57075 0 0 0 0 0 0
5 2.41 50 0.00102687 1
6 2.41 -81.5647 -0.475462 0.0966512 0.332354
0 2.42 0.682044 -1.9755 10.4835 -0.38261 -0.302589 1.64801 -1.2852 -2.73402 10.3257 -0.170911 0.0879872 0.142992
1 2.42 0.630636 -2.08486 10.8965 -0.390693 -0.297189 1.65219 -0.812675 -2.3241 8.74081 -0.59402 0.173372 0.251265
4 2.42 1.5 0 1.5 0 0 1.57075 0 0 0 0 0 0
5 2.42 50 0.000815153 1
6 2.42 -82.478 -0.47239 0.0999904 0.345643
0 2.43 0.666381 -2.02626 10.6431 -0.384634 -0.301329 1.64907 -1.33465 -2.76535 10.3468 -0.172827 0.0883561 0.144141
1 2.43 0.612995 -2.13687 11.0569 -0.392796 -0.295889 1.65328 -0.853423 -2.35095 8.74617 -0.59303 0.17442 0.257712
4 2.43 1.5 0 1.5 0 0 1.57075 0 0 0 0 0 0
5 2.43 50 0.000782251 1
6 2.43 -83.6033 -0.469127 0.10081 0.362557
0 2.44 0.654494 -2.06016 10.7532 -0.386698 -0.300109 1.65014 -1.3696 -2.78519 10.3593 -0.176116 0.0897626 0.146351
1 2.44 0.59971 -2.17157 11.1676 -0.395002 -0.294576 1.65439 -0.881604 -2.36804 8.74812 -0.593354 0.173912 0.263636
4 2.44 1.5 0 1.5 0 0 1.57075 0 0 0 0 0 0
5 2.44 50 0.000834227 1
6 2.44 -84.3751 -0.465777 0.0986844 0.374413
0 2.46 0.638436 -2.10917 10.9052 -0.390332 -0.297958 1.65214 -1.41874 -2.81251 10.3686 -0.171478 0.0783469 0.159445
1 2.46 0.581686 -2.22167 11.32 -0.398637 -0.292633 1.65706 -0.920784 -2.39216 8.74375 -0.596005 0.17099 0.277592
4 2.46 1.5 0 1.5 0 0 1.57075 0 0 0 0 0 0
5 2.46 50 0.000990629 1
6 2.46 -85.3918 -0.473984 0.108559 0.377168
0 2.47 0.623705 -2.14929 11.0341 -0.392374 -0.296747 1.65337 -1.4433 -2.8425 10.3751 -0.172305 0.077159 0.163578
1 2.47 0.565973 -2.26299 11.4491 -0.400754 -0.291393 1.65846 -0.938089 -2.41894 8.73846 -0.59827 0.168058 0.285796
4 2.47 1.5 0 1.5 0 0 1.57075 0 0 0 0 0 0
5 2.47 50 0.000754118 1
6 2.47 -86.2449 -0.475583 0.106628 0.390168
0 2.49 0.6083 -2.19497 11.1722 -0.39465 -0.295338 1.65493 -1.47243 -2.87271 10.3874 -0.173524 0.0856539 0.167377
1 2.49 0.549403 -2.30988 11.5877 -0.403071 -0.289601 1.66001 -0.959154 -2.44556 8.73771 -0.599814 0.165112 0.294248
4 2.49 1.5 0 1.5 0 0 1.57075 0 0 0 0 0 0
5 2.49 50 0.000757933 1
6 2.49 -87.1959 -0.475806 0.0935726 0.405017
0 2.49 0.591677 -2.23828 11.3084 -0.397041 -0.29392 1.65655 -1.50498 -2.89859 10.3967 -0.17212 0.0782474 0.173671
1 2.49 0.531478 -2.35423 11.7242 -0.405499 -0.288348 1.66197 -0.983657 -2.46801 8.73456 -0.602016 0.164059 0.304069
4 2.49 1.5 0 1.5 0 0 1.57075 0 0 0 0 0 0
5 2.49 50 0.000836134 1
6 2.49 -88.1131 -0.479902 0.100933 0.416281
0 2.51 0.577452 -2.27843 11.4283 -0.400141 -0.292118 1.6587 -1.53713 -2.91998 10.3938 -0.173527 0.0723192 0.17955
1 2.51 0.515967 -2.39523 11.844 -0.408733 -0.286656 1.66443 -1.00792 -2.48704 8.72174 -0.604821 0.16007 0.312763
4 2.51 1.5 0 1.5 0 0 1.57075 0 0 0 0 0 0
5 2.51 50 0.00112844 1
6 2.51 -88.8635 -0.481515 0.103262 0.425268
0 2.52 0.564839 -2.31011 11.5265 -0.40268 -0.29057 1.66053 -1.56434 -2.93535 10.392 -0.175376 0.0712087 0.184916
1 2.52 0.502266 -2.42752 11.9422 -0.411396 -0.285051 1.66647 -1.02864 -2.50052 8.71187 -0.608011 0.157203 0.320035
4 2.52 1.5 0 1.5 0 0 1.57075 0 0 0 0 0 0
5 2.52 50 0.000984907 1
6 2.52 -89.4808 -0.483001 0.101353 0.431355
0 2.53 0.546531 -2.35779 11.6693 -0.404724 -0.289351 1.66199 -1.6051 -2.9566 10.3844 -0.177002 0.0695844 0.190287
1 2.53 0.482327 -2.47605 12.0846 -0.413561 -0.283795 1.66814 -1.06209 -2.51858 8.69286 -0.607578 0.156739 0.32699
4 2.53 1.5 0 1.5 0 0 1.57075 0 0 0 0 0 0
5 2.53 50 0.000767708 1
6 2.53 -90.3189 -0.480692 0.102788 0.436411
0 2.55 0.529329 -2.39738 11.7927 -0.408597 -0.287053 1.66486 -1.6406 -2.97278 10.3786 -0.179619 0.065248 0.202923
1 2.55 0.463705 -2.51629 12.2079 -0.417674 -0.281433 1.67154 -1.08865 -2.53262 8.67739 -0.608852 0.151715 0.339976
4 2.55 1.5 0 1.5 0 0 1.57075 0 0 0 0 0 0
5 2.55 50 0.000714064 1
6 2.55 -91.0838 -0.479189 0.102229 0.437531
0 2.56 0.511548 -2.44256 11.925 -0.411398 -0.285455 1.66707 -1.67602 -2.99244 10.3801 -0.181918 0.0629515 0.211888
1 2.56 0.444507 -2.56226 12.3402 -0.420659 -0.279758 1.67412 -1.11578 -2.54911 8.66756 -0.611504 0.150038 0.350888
4 2.56 1.5 0 1.5 0 0 1.57075 0 0 0 0 0 0
5 2.56 50 0.000718355 1
6 2.56 -91.9401 -0.479576 0.103114 0.443742
0 2.57 0.495782 -2.47883 12.0349 -0.413715 -0.284159 1.669 -1.70592 -3.00694 10.3801 -0.180572 0.0565928 0.224853
1 2.57 0.427545 -2.59911 12.4501 -0.423077 -0.278471 1.67663 -1.13889 -2.56095 8.65841 -0.61323 0.14934 0.362892
4 2.57 1.5 0 1.5 0 0 1.57075 0 0 0 0 0 0
5 2.57 50 0.00124431 1
6 2.57 -92.6381 -0.483063 0.109779 0.440678
0 2.58 0.47899 -2.51996 12.1544 -0.416103 -0.282843 1.67108 -1.73899 -3.02235 10.3731 -0.181249 0.0502638 0.229913
1 2.58 0.409431 -2.64086 12.5693 -0.425561 -0.277287 1.67899 -1.16501 -2.57358 8.6421 -0.612869 0.148693 0.370015
4 2.58 1.5 0 1.5 0 0 1.57075 0 0 0 0 0 0
5 2.58 50 0.000806093 1
6 2.58 -93.3497 -0.481997 0.116387 0.447264
0 2.59 0.46323 -2.55483 12.2594 -0.41791 -0.28182 1.67264 -1.76837 -3.03458 10.3674 -0.185494 0.0535288 0.238636
1 2.59 0.392495 -2.67622 12.6741 -0.427604 -0.275989 1.68082 -1.18854 -2.58332 8.62802 -0.613912 0.148258 0.378361
4 2.59 1.5 0 1.5 0 0 1.57075 0 0 0 0 0 0
5 2.59 50 0.000764847 1
6 2.59 -93.9772 -0.478315 0.112357 0.446058
0 2.6 0.44124 -2.6057 12.4064 -0.420903 -0.280112 1.67519 -1.80525 -3.05588 10.3776 -0.188611 0.0468692 0.254981
1 2.6 0.36903 -2.72793 12.8215 -0.430905 -0.274233 1.68408 -1.21576 -2.6006 8.62476 -0.616704 0.147299 0.395462
4 2.6 1.5 0 1.5 0 0 1.57075 0 0 0 0 0 0
5 2.6 50 0.000801563 1
6 2.6 -95 -0.478019 0.119214 0.448478
0 2.62 0.418635 -2.65342 12.5492 -0.426059 -0.277694 1.67983 -1.84244 -3.0736 10.3827 -0.194297 0.0329356 0.270102
1 2.62 0.344937 -2.77636 12.9645 -0.43648 -0.272029 1.68949 -1.24105 -2.61414 8.61764 -0.624905 0.144885 0.414215
4 2.62 1.5 0 1.5 0 0 1.57075 0 0 0 0 0 0
5 2.62 50 0.00135589 1
6 2.62 -96.0082 -0.481083 0.132795 0.460073
0 2.63 0.402931 -2.68957 12.6517 -0.42883 -0.276344 1.68242 -1.87019 -3.08547 10.3756 -0.196704 0.0277583 0.281224
1 2.63 0.328124 -2.81299 13.0667 -0.439468 -0.270657 1.69257 -1.26081 -2.62255 8.60039 -0.627472 0.142973 0.426452
4 2.63 1.5 0 1.5 0 0 1.57075 0 0 0 0 0 0
5 2.63 50 0.0010066 1
6 2.63 -96.8 -0.481351 0.136777 0.463633
