3 1.04 -10 0 0 0 0 0 0 0 0 0 0 0 0
0 1.04 -0.00508279 -0.131771 1.72709 -0.00330855 0.00901313 1.48378 -0.0392064 0.327033 0.117038 0.0424158 -0.107126 0.00795898
1 1.04 -0.00665105 -0.11869 1.73177 -0.00160892 0.00472919 1.48411 -0.0401265 0.330426 0.0907863 0.621107 -0.120347 0.0382286
4 1.04 1.5 0 1.5 0 0 1.57075 0 0 0 0 0 0
5 1.04 50 0.00780106 20
6 1.04 22.4276 0.647432 -0.0151977 0.0966307
0 1.06 -0.00563408 -0.129045 1.72746 -0.00249983 0.00693426 1.48394 -0.0379913 0.322259 0.114466 0.0415899 -0.0983491 0.00683941
1 1.06 -0.00715373 -0.116155 1.73203 -0.000834273 0.00300099 1.48423 -0.0386835 0.32487 0.0885263 0.618578 -0.113067 0.0374499
4 1.06 1.5 0 1.5 0 0 1.57075 0 0 0 0 0 0
5 1.06 50 0.00713944 20
6 1.06 22.4463 0.645542 -0.0169097 0.0977195
0 1.07 -0.00617132 -0.126956 1.72728 -0.00206929 0.00587654 1.48407 -0.0367332 0.31765 0.11213 0.0413195 -0.0956082 0.00932724
1 1.07 -0.00764065 -0.11425 1.73177 -0.00041427 0.002053 1.48445 -0.0373025 0.319863 0.0864643 0.61686 -0.108746 0.0392981
4 1.07 1.5 0 1.5 0 0 1.57075 0 0 0 0 0 0
5 1.07 50 0.00781751 20
6 1.07 22.4629 0.643903 -0.0151057 0.0956773
0 1.08 -0.00669367 -0.124287 1.72751 -0.00144004 0.00494959 1.48412 -0.0346219 0.312946 0.107649 0.0985534 -0.107042 0.00686221
1 1.08 -0.00807854 -0.111769 1.73181 0.00250349 0.000668327 1.4844 -0.0349914 0.314802 0.0824923 0.617999 -0.106086 0.0375689
4 1.08 1.5 0 1.5 0 0 1.57075 0 0 0 0 0 0
5 1.08 50 0.00714803 20
6 1.08 22.494 0.581151 0.00104025 0.0980191
0 1.09 -0.00707597 -0.122702 1.72724 -9.36773e-05 0.00396889 1.48418 -0.0319634 0.308348 0.101218 0.187262 -0.12464 0.0113548
1 1.09 -0.00835451 -0.110369 1.73129 0.00739859 -0.00101667 1.48464 -0.0318714 0.309806 0.0768842 0.619028 -0.10352 0.0401629
4 1.09 1.5 0 1.5 0 0 1.57075 0 0 0 0 0 0
5 1.09 50 0.00803471 20
6 1.09 22.5442 0.482991 0.0240555 0.0919432
0 1.11 -0.00752824 -0.119881 1.7273 0.00796197 0.000808633 1.48443 -0.0269849 0.302528 0.0872435 0.537732 -0.153995 0.0222756
1 1.11 -0.00860764 -0.10778 1.73078 0.0294719 -0.00535805 1.48528 -0.0240197 0.302572 0.0653915 0.620446 -0.0961566 0.0442303
4 1.11 1.5 0 1.5 0 0 1.57075 0 0 0 0 0 0
5 1.11 50 0.00742459 20
6 1.11 22.6968 0.0922689 0.0653654 0.0699961
0 1.12 -0.00787174 -0.117917 1.72672 0.0145793 -0.000800907 1.48475 -0.0222272 0.297085 0.0711153 0.724186 -0.158352 0.0321892
1 1.12 -0.00876082 -0.106034 1.72957 0.0435458 -0.00715308 1.48594 -0.0168362 0.29632 0.0515942 0.613467 -0.0903482 0.0491693
4 1.12 1.5 0 1.5 0 0 1.57075 0 0 0 0 0 0
5 1.12 50 0.00815725 20
6 1.12 22.8413 -0.124302 0.0760887 0.0540786
0 1.13 -0.00810852 -0.115965 1.72641 0.0224863 -0.00240151 1.48503 -0.0183573 0.29272 0.0555718 0.831285 -0.161116 0.0349575
1 1.13 -0.00884281 -0.104256 1.72863 0.0557347 -0.00887594 1.48629 -0.0100292 0.2911 0.0382806 0.598284 -0.0846154 0.0496006
4 1.13 1.5 0 1.5 0 0 1.57075 0 0 0 0 0 0
5 1.13 50 0.00779581 20
6 1.13 22.9813 -0.261167 0.0853601 0.0465957
0 1.14 -0.00831665 -0.114403 1.72551 0.0311623 -0.00408397 1.48542 -0.014461 0.283321 0.0327523 0.887333 -0.165988 0.0421208
1 1.14 -0.00889509 -0.10307 1.72682 0.0666496 -0.0107728 1.48689 -0.00285452 0.280778 0.0182796 0.576585 -0.0760409 0.0540891
4 1.14 1.5 0 1.5 0 0 1.57075 0 0 0 0 0 0
5 1.14 50 0.00764418 20
6 1.14 23.1595 -0.34827 0.100098 0.0380416
0 1.15 -0.00847905 -0.11229 1.72467 0.0403654 -0.00588222 1.48579 -0.0099913 0.275136 0.00653157 0.900719 -0.16305 0.0429217
1 1.15 -0.0088787 -0.101285 1.72493 0.0763856 -0.0124682 1.48724 0.00514767 0.271597 -0.00494419 0.549997 -0.0673502 0.0541959
4 1.15 1.5 0 1.5 0 0 1.57075 0 0 0 0 0 0
5 1.15 50 0.00910759 20
6 1.15 23.351 -0.392997 0.106592 0.035826
0 1.17 -0.00855998 -0.110564 1.72312 0.0575561 -0.00901607 1.48653 -0.0048334 0.266209 -0.0290089 0.837081 -0.142558 0.0474121
1 1.17 -0.00875331 -0.0999152 1.72196 0.0910253 -0.0148181 1.4881 0.016981 0.260883 -0.0363951 0.497189 -0.0527586 0.0559321
4 1.17 1.5 0 1.5 0 0 1.57075 0 0 0 0 0 0
5 1.17 50 0.0079329 20
6 1.17 23.6222 -0.380861 0.0997375 0.0270645
0 1.18 -0.0085781 -0.108666 1.72173 0.0635229 -0.0100843 1.48685 -0.000297283 0.259533 -0.0625267 0.771093 -0.12928 0.0462488
1 1.18 -0.00858999 -0.0982845 1.71923 0.0943513 -0.0153626 1.48837 0.0239765 0.253563 -0.0668077 0.471909 -0.0457851 0.0556249
4 1.18 1.5 0 1.5 0 0 1.57075 0 0 0 0 0 0
5 1.18 50 0.00712824 20
6 1.18 23.8215 -0.335249 0.092838 0.0298198
0 1.19 -0.00849069 -0.107166 1.71932 0.0726556 -0.0115758 1.48743 0.00493282 0.253108 -0.10211 0.665689 -0.0942223 0.049034
1 1.19 -0.00829337 -0.0970414 1.71523 0.0992637 -0.0154771 1.48911 0.0329765 0.246213 -0.102684 0.435066 -0.0354997 0.0578378
4 1.19 1.5 0 1.5 0 0 1.57075 0 0 0 0 0 0
5 1.19 50 0.00887728 20
6 1.19 24.0644 -0.258424 0.0646664 0.0280351
0 1.21 -0.00836258 -0.105376 1.71694 0.0839634 -0.0131305 1.48838 0.0101749 0.247713 -0.142509 0.512458 -0.0526805 0.0497398
1 1.21 -0.00795559 -0.0954672 1.71124 0.104438 -0.0153971 1.49018 0.0429214 0.239797 -0.139428 0.389521 -0.025091 0.0581695
4 1.21 1.5 0 1.5 0 0 1.57075 0 0 0 0 0 0
5 1.21 50 0.00730848 20
6 1.21 24.3109 -0.137769 0.0295399 0.026881
0 1.22 -0.00817565 -0.104197 1.71409 0.0886623 -0.0135765 1.48875 0.0157474 0.241989 -0.189483 0.461653 -0.0301828 0.0492792
1 1.22 -0.00754575 -0.0945171 1.70651 0.107103 -0.0149536 1.49061 0.0507121 0.233669 -0.18225 0.366371 -0.0190618 0.0587124
4 1.22 1.5 0 1.5 0 0 1.57075 0 0 0 0 0 0
5 1.22 50 0.00866437 20
6 1.22 24.5763 -0.106733 0.0108724 0.0300996
0 1.23 -0.00796778 -0.102833 1.71136 0.0919079 -0.0137518 1.48913 0.0207419 0.237591 -0.233743 0.40775 -0.0089416 0.0438623
1 1.23 -0.00713811 -0.0933292 1.70201 0.108194 -0.0142689 1.49084 0.0573573 0.229027 -0.222655 0.347277 -0.0147022 0.0559265
4 1.23 1.5 0 1.5 0 0 1.57075 0 0 0 0 0 0
5 1.23 50 0.00746083 20
6 1.23 24.8208 -0.0676959 -0.00809273 0.0385108
0 1.24 -0.00760468 -0.101527 1.70683 0.0957767 -0.0138632 1.4895 0.0266487 0.232744 -0.287529 0.389505 -0.00270744 0.0416544
1 1.24 -0.00653873 -0.0922174 1.69533 0.111334 -0.0141303 1.49115 0.0652915 0.223916 -0.271601 0.327643 -0.0115008 0.0548841
4 1.24 1.5 0 1.5 0 0 1.57075 0 0 0 0 0 0
5 1.24 50 0.00790262 20
6 1.24 25.1276 -0.0692271 -0.0114345 0.0422347
0 1.25 -0.00716179 -0.0997435 1.70165 0.100366 -0.0138441 1.49011 0.0328549 0.227574 -0.351579 0.347812 0.016105 0.0489503
1 1.25 -0.00584759 -0.0906405 1.68759 0.11425 -0.0133993 1.49212 0.073954 0.2185 -0.329967 0.303519 -0.0074705 0.0602436
4 1.25 1.5 0 1.5 0 0 1.57075 0 0 0 0 0 0
5 1.25 50 0.00860476 20
6 1.25 25.489 -0.0494942 -0.0284609 0.0360603
0 1.27 -0.00671443 -0.0986057 1.69614 0.106793 -0.0134289 1.49116 0.0388675 0.222395 -0.421426 0.3103 0.0390464 0.0502435
1 1.27 -0.00515973 -0.0897099 1.67928 0.119176 -0.0120901 1.49332 0.083325 0.213186 -0.393634 0.274882 -0.0039172 0.0615047
4 1.27 1.5 0 1.5 0 0 1.57075 0 0 0 0 0 0
5 1.27 50 0.00747466 20
6 1.27 25.8866 -0.0394686 -0.0505862 0.0359649
0 1.28 -0.00609131 -0.096735 1.68871 0.109966 -0.0130749 1.49182 0.0456884 0.216779 -0.511052 0.307316 0.0426428 0.0596742
1 1.28 -0.00426377 -0.0880638 1.66826 0.122225 -0.0116414 1.49438 0.0923792 0.207468 -0.475273 0.254387 -0.00181489 0.0681491
4 1.28 1.5 0 1.5 0 0 1.57075 0 0 0 0 0 0
5 1.28 50 0.00779223 20
6 1.28 26.3876 -0.0590143 -0.0525284 0.027071
0 1.29 -0.00547461 -0.095613 1.68057 0.112947 -0.012715 1.49245 0.0515216 0.211638 -0.592793 0.308513 0.0470756 0.0611035
1 1.29 -0.00341375 -0.0871475 1.65686 0.125254 -0.0111194 1.49509 0.100345 0.202249 -0.549642 0.236331 5.61826e-05 0.0695665
4 1.29 1.5 0 1.5 0 0 1.57075 0 0 0 0 0 0
5 1.29 50 0.00785875 20
6 1.29 26.8508 -0.0805298 -0.0555101 0.0270347
0 1.31 -0.0047862 -0.0941087 1.67171 0.119241 -0.0121377 1.49388 0.05732 0.207072 -0.67844 0.313633 0.0426071 0.0690704
1 1.31 -0.0024934 -0.0858258 1.64458 0.131751 -0.0107741 1.49683 0.109859 0.197627 -0.627593 0.210245 0.000191661 0.0739801
4 1.31 1.5 0 1.5 0 0 1.57075 0 0 0 0 0 0
5 1.31 50 0.00801611 20
6 1.31 27.3451 -0.115441 -0.050461 0.0156896
0 1.32 -0.00419603 -0.0932417 1.66338 0.122336 -0.0118246 1.4946 0.0632651 0.20214 -0.76597 0.309118 0.0432493 0.0697222
1 1.32 -0.00166542 -0.0851561 1.63274 0.134666 -0.0104478 1.49758 0.118158 0.1926 -0.707327 0.19146 0.00188026 0.0747285
4 1.32 1.5 0 1.5 0 0 1.57075 0 0 0 0 0 0
5 1.32 50 0.0077951 20
6 1.32 27.8364 -0.131402 -0.0492513 0.0159979
0 1.33 -0.00350101 -0.091979 1.65391 0.125295 -0.0115274 1.49542 0.0686333 0.197724 -0.854313 0.296034 0.0402155 0.0695385
1 1.33 -0.000755676 -0.0840701 1.61974 0.137102 -0.010279 1.49838 0.12539 0.188178 -0.791699 0.174843 0.00536111 0.11013
4 1.33 1.5 0 1.5 0 0 1.57075 0 0 0 0 0 0
5 1.33 50 0.00040102 0
6 1.33 27.8364 -0.131402 -0.0492513 0.0159979
0 1.34 -0.00282391 -0.0911673 1.64315 0.127518 -0.0113056 1.49591 0.0729505 0.190768 -0.932695 0.287073 0.0371068 0.0670794
1 1.34 9.41083e-05 -0.0835366 1.60584 0.138969 -0.0101746 1.49876 0.132583 0.180971 -0.855609 0.156415 0.00280977 0.0461664
4 1.34 1.5 0 1.5 0 0 1.57075 0 0 0 0 0 0
5 1.34 50 0.00115919 1
6 1.34 28.9932 -0.145991 -0.0409469 -0.0667526
0 1.35 -0.00199714 -0.0899904 1.63057 0.130391 -0.01109 1.49669 0.0776297 0.184193 -1.02056 0.275067 0.0377704 0.0732996
1 1.35 0.00110805 -0.0826227 1.58975 0.14136 -0.00997327 1.49979 0.141901 0.173922 -0.918427 0.135288 -0.00585183 -0.0645787
4 1.35 1.5 0 1.5 0 0 1.57075 0 0 0 0 0 0
5 1.35 50 0.000731707 1
6 1.35 30.5515 -0.156173 -0.0517211 -0.440165
0 1.36 -0.00125457 -0.089146 1.61808 0.133548 -0.010797 1.49766 0.0819893 0.178473 -1.10378 0.253049 0.0420718 0.0790961
1 1.36 0.002025 -0.0820071 1.57393 0.143634 -0.00955039 1.50102 0.150646 0.167862 -0.980769 0.114755 -0.000912361 -0.084355
4 1.36 1.5 0 1.5 0 0 1.57075 0 0 0 0 0 0
5 1.36 50 0.00142694 3
6 1.36 31.8545 -0.154466 -0.0509768 -0.521805
0 1.38 -0.000320242 -0.0879153 1.60326 0.13785 -0.0102478 1.49939 0.0873282 0.172818 -1.19445 0.211773 0.0454801 0.0858945
1 1.38 0.00317288 -0.0810026 1.55548 0.146284 -0.00891799 1.50305 0.162327 0.161856 -1.04201 0.092601 0.0034646 -0.115356
4 1.38 1.5 0 1.5 0 0 1.57075 0 0 0 0 0 0
5 1.38 50 0.00120592 2
6 1.38 33.6926 -0.133022 -0.0497141 -0.642482
0 1.39 0.000361965 -0.0872318 1.59116 0.139541 -0.00999436 1.50017 0.0923043 0.167995 -1.2639 0.188786 0.043188 0.0823326
1 1.39 0.00405414 -0.080512 1.54061 0.147058 -0.0087417 1.50368 0.175168 0.156178 -1.06189 0.0775722 -0.0368191 -0.391079
4 1.39 1.5 0 1.5 0 0 1.57075 0 0 0 0 0 0
5 1.39 50 0.000733137 1
6 1.39 36.7667 -0.124147 -0.0930831 -1.51136
0 1.4 0.00133911 -0.0861281 1.5756 0.141438 -0.00981522 1.50133 0.0998569 0.162162 -1.33486 0.158641 0.0188255 0.0685437
1 1.4 0.00533338 -0.0796416 1.52221 0.147756 -0.00945622 1.50415 0.186874 0.150052 -1.11173 0.0648092 -0.0225231 -0.346734
4 1.4 1.5 0 1.5 0 0 1.57075 0 0 0 0 0 0
5 1.4 50 0.00118637 2
6 1.4 38.0828 -0.104884 -0.0483421 -1.32577
0 1.41 0.00228992 -0.0852951 1.55958 0.142518 -0.00984356 1.50176 0.110331 0.155732 -1.38727 0.141164 -0.000177156 0.0537367
1 1.41 0.00670314 -0.0790658 1.50409 0.148143 -0.0101559 1.50389 0.202201 0.143017 -1.13486 0.0584961 0.0055354 -0.253993
4 1.41 1.5 0 1.5 0 0 1.57075 0 0 0 0 0 0
5 1.41 50 0.00118089 2
6 1.41 39.9009 -0.0924985 0.00592496 -0.982427
0 1.43 0.00375866 -0.0839904 1.53969 0.144708 -0.0105569 1.50237 0.127226 0.147958 -1.41569 0.103547 -0.0560994 0.00269112
1 1.43 0.00884771 -0.0780721 1.48306 0.148852 -0.0127929 1.50216 0.221748 0.134566 -1.15473 0.0486249 -0.0025873 -0.293749
4 1.43 1.5 0 1.5 0 0 1.57075 0 0 0 0 0 0
5 1.43 50 0.0012331 2
6 1.43 40.4429 -0.0614646 0.0613725 -0.946391
0 1.44 0.00547508 -0.0829312 1.51608 0.145504 -0.0113397 1.50189 0.148547 0.138968 -1.42428 0.0818114 -0.0887428 -0.0449817
1 1.44 0.0114169 -0.0773725 1.4591 0.148802 -0.014591 1.49959 0.244546 0.124838 -1.15652 0.0336605 -0.000391696 -0.316781
4 1.44 1.5 0 1.5 0 0 1.57075 0 0 0 0 0 0
5 1.44 50 0.00149465 2
6 1.44 40.8691 -0.0535499 0.101672 -0.867729
0 1.45 0.00712875 -0.0819405 1.49789 0.146251 -0.0125987 1.50073 0.166774 0.131873 -1.42233 0.0628261 -0.129476 -0.104557
1 1.45 0.0137997 -0.0766656 1.44099 0.148825 -0.017113 1.49584 0.263723 0.116686 -1.15102 0.0101652 -0.00637535 -0.353505
4 1.45 1.5 0 1.5 0 0 1.57075 0 0 0 0 0 0
5 1.45 50 0.00115156 2
6 1.45 41.0945 -0.0578152 0.141781 -0.794775
0 1.47 0.0090276 -0.0812653 1.47724 0.147172 -0.0147932 1.49773 0.186591 0.124352 -1.4172 0.0541102 -0.159592 -0.173836
1 1.47 0.0164912 -0.0762912 1.42055 0.149452 -0.0200883 1.48992 0.285819 0.107061 -1.13359 0.00380487 -0.00176692 -0.395174
4 1.47 1.5 0 1.5 0 0 1.57075 0 0 0 0 0 0
5 1.47 50 0.00157571 3
6 1.47 41.8628 -0.0540174 0.181857 -0.706631
0 1.48 0.0107792 -0.0806051 1.46124 0.147788 -0.0161813 1.49546 0.20255 0.118506 -1.41175 0.062008 -0.167346 -0.203088
1 1.48 0.0188813 -0.0758649 1.40477 0.150414 -0.021606 1.48644 0.303026 0.0998485 -1.12181 0.00374978 -0.00264747 -0.410226
4 1.48 1.5 0 1.5 0 0 1.57075 0 0 0 0 0 0
5 1.48 50 0.00149989 3
6 1.48 42.2595 -0.0624053 0.190006 -0.6613
0 1.49 0.0129313 -0.0801156 1.44241 0.148735 -0.0178994 1.4922 0.221936 0.11096 -1.40584 0.0765625 -0.175066 -0.247816
1 1.49 0.0218087 -0.0756772 1.38618 0.151991 -0.0233558 1.48136 0.331649 0.0890071 -1.05693 0.00281988 0.016062 -0.309842
4 1.49 1.5 0 1.5 0 0 1.57075 0 0 0 0 0 0
5 1.49 50 0.00140762 2
6 1.49 45.9198 -0.078962 0.220859 -0.198033
0 1.5 0.0154608 -0.0794515 1.42402 0.14965 -0.0192929 1.48922 0.241132 0.104102 -1.40156 0.0910082 -0.177431 -0.286767
1 1.5 0.0251061 -0.0752874 1.36795 0.153529 -0.0246006 1.47681 0.352321 0.0805386 -1.04638 -0.00731373 0.00138893 -0.338578
4 1.5 1.5 0 1.5 0 0 1.57075 0 0 0 0 0 0
5 1.5 50 0.00104189 2
6 1.5 46.3155 -0.105851 0.207329 -0.165424
0 1.51 0.0178795 -0.0792026 1.4069 0.150736 -0.0205888 1.48596 0.256408 0.0982242 -1.40295 0.107727 -0.178232 -0.316934
1 1.51 0.0281358 -0.0752737 1.35078 0.155325 -0.0257335 1.47235 0.369341 0.0730221 -1.04059 -0.0158143 -0.0116843 -0.358632
4 1.51 1.5 0 1.5 0 0 1.57075 0 0 0 0 0 0
5 1.51 50 0.00115132 2
6 1.51 46.769 -0.133611 0.193916 -0.133142
0 1.52 0.0211816 -0.078699 1.38632 0.151992 -0.0218647 1.48235 0.273795 0.09179 -1.41519 0.11322 -0.175259 -0.337032
1 1.52 0.0321334 -0.0750274 1.32971 0.156835 -0.026753 1.46795 0.389017 0.0647838 -1.0429 -0.0229245 -0.0237428 -0.371498
4 1.52 1.5 0 1.5 0 0 1.57075 0 0 0 0 0 0
5 1.52 50 0.00121164 2
6 1.52 47.3948 -0.1475 0.177002 -0.110055
0 1.54 0.0242535 -0.0785651 1.36745 0.154721 -0.0240627 1.47484 0.287684 0.0828429 -1.43104 0.130068 -0.154052 -0.371087
1 1.54 0.0357608 -0.0752514 1.3102 0.1603 -0.0278637 1.45922 0.406312 0.052677 -1.04804 -0.0267714 -0.0441788 -0.378406
4 1.54 1.5 0 1.5 0 0 1.57075 0 0 0 0 0 0
5 1.54 50 0.00173616 2
6 1.54 48.0814 -0.170812 0.130063 -0.0233864
0 1.55 0.027128 -0.0783245 1.35115 0.156316 -0.0250301 1.47085 0.298392 0.0757537 -1.45551 0.138716 -0.147801 -0.381139
1 1.55 0.0390637 -0.0752944 1.29293 0.162265 -0.0284966 1.45486 0.420971 0.0434811 -1.05382 -0.0352361 -0.0710103 -0.40796
4 1.55 1.5 0 1.5 0 0 1.57075 0 0 0 0 0 0
5 1.55 50 0.00154901 3
6 1.55 49.2533 -0.190028 0.0924884 -0.0856502
0 1.56 0.030262 -0.078308 1.3332 0.157893 -0.0259214 1.46671 0.309147 0.0684157 -1.4948 0.134547 -0.143604 -0.389836
1 1.56 0.0426279 -0.0755714 1.2734 0.163698 -0.0291422 1.45041 0.461155 0.0270898 -0.911021 -0.052833 -0.70194 -0.997434
4 1.56 1.5 0 1.5 0 0 1.57075 0 0 0 0 0 0
5 1.56 50 0.00384974 8
6 1.56 60.5645 -0.205081 -0.636242 -1.93978
0 1.57 0.0344215 -0.0780747 1.31079 0.159384 -0.0267595 1.4626 0.320151 0.0613067 -1.55692 0.133205 -0.143168 -0.39516
1 1.57 0.0472275 -0.0756224 1.24851 0.165154 -0.029905 1.44608 0.479353 0.0167086 -0.935126 0.183643 -0.656448 -1.00077
4 1.57 1.5 0 1.5 0 0 1.57075 0 0 0 0 0 0
5 1.57 50 0.00317931 7
6 1.57 62.9393 0.0610638 -0.584532 -1.93343
0 1.58 0.0375728 -0.0781894 1.29317 0.16088 -0.0276384 1.45841 0.327449 0.0561486 -1.6045 0.129329 -0.151051 -0.401793
1 1.58 0.0506708 -0.0759434 1.22899 0.166519 -0.0310279 1.44157 0.498606 0.00673557 -0.915133 -0.0849364 -0.654137 -0.808008
4 1.58 1.5 0 1.5 0 0 1.57075 0 0 0 0 0 0
5 1.58 50 0.00272346 6
6 1.58 67.1507 -0.234778 -0.572892 -1.29686
0 1.59 0.0412292 -0.0781786 1.27344 0.162409 -0.0287688 1.45344 0.337066 0.0499611 -1.64573 0.116814 -0.172918 -0.417878
1 1.59 0.0547118 -0.0761802 1.20761 0.167588 -0.0328917 1.43582 0.513982 -0.0030523 -0.928404 0.0227008 -0.626377 -0.746213
4 1.59 1.5 0 1.5 0 0 1.57075 0 0 0 0 0 0
5 1.59 50 0.00321865 6
6 1.59 68.9057 -0.099393 -0.516215 -1.04824
0 1.61 0.0457544 -0.0783665 1.249 0.164278 -0.0311727 1.44453 0.353126 0.0413631 -1.67107 0.0754413 -0.224463 -0.472964
1 1.61 0.0598794 -0.076712 1.18216 0.167923 -0.0369364 1.42439 0.535482 -0.0174761 -0.928039 0.0452641 -0.561168 -0.720403
4 1.61 1.5 0 1.5 0 0 1.57075 0 0 0 0 0 0
5 1.61 50 0.00328803 7
6 1.61 70.5287 -0.0250807 -0.38335 -0.789968
0 1.62 0.0509219 -0.0784342 1.22333 0.164874 -0.0328201 1.43919 0.373604 0.0305509 -1.67384 0.0453734 -0.263031 -0.507295
1 1.62 0.065866 -0.0772122 1.15638 0.167403 -0.0398683 1.41743 0.557374 -0.0316424 -0.922862 -0.117778 -0.481492 -0.554047
4 1.62 1.5 0 1.5 0 0 1.57075 0 0 0 0 0 0
5 1.62 50 0.00312138 6
6 1.62 71.0328 -0.171636 -0.248736 -0.14927
0 1.64 0.0552966 -0.0788427 1.2011 0.164828 -0.0370047 1.42866 0.392128 0.0201049 -1.66505 -0.0561646 -0.38481 -0.584869
1 1.64 0.0709817 -0.0780385 1.1345 0.163529 -0.0483498 1.40304 0.575351 -0.0490678 -0.90892 -0.168011 -0.421728 -0.472194
4 1.64 1.5 0 1.5 0 0 1.57075 0 0 0 0 0 0
5 1.64 50 0.0031004 5
6 1.64 71.3631 -0.106734 -0.0450809 0.35974
0 1.65 0.0591402 -0.0791244 1.18314 0.164011 -0.0403022 1.42185 0.406983 0.0114172 -1.659 -0.122769 -0.456232 -0.618755
1 1.65 0.0754195 -0.0786677 1.11678 0.160205 -0.0542655 1.39443 0.589262 -0.0630309 -0.896384 -0.135597 -0.313135 -0.40279
4 1.65 1.5 0 1.5 0 0 1.57075 0 0 0 0 0 0
5 1.65 50 0.00250554 5
6 1.65 71.7655 0.00874015 0.157877 0.689531
0 1.66 0.0647682 -0.0798213 1.15723 0.16216 -0.0454104 1.41299 0.425403 -0.000572866 -1.66751 -0.221945 -0.556805 -0.657108
1 1.66 0.0817843 -0.0798442 1.09053 0.154624 -0.0631468 1.38342 0.606696 -0.0833846 -0.887164 -0.0184024 -0.231183 -0.465287
4 1.66 1.5 0 1.5 0 0 1.57075 0 0 0 0 0 0
5 1.66 50 0.00381947 6
6 1.66 72.8606 0.257677 0.361497 0.61253
0 1.67 0.0688041 -0.0802537 1.13974 0.160033 -0.0501966 1.4054 0.436633 -0.00838397 -1.67998 -0.283625 -0.609678 -0.672217
1 1.67 0.0862694 -0.080589 1.07254 0.150217 -0.0699874 1.37493 0.616043 -0.0987919 -0.885333 0.0420645 -0.121165 -0.439182
4 1.67 1.5 0 1.5 0 0 1.57075 0 0 0 0 0 0
5 1.67 50 0.00258064 6
6 1.67 73.7406 0.397944 0.544668 0.744161
0 1.68 0.0735927 -0.0810871 1.11911 0.158152 -0.0540779 1.39964 0.447508 -0.0164281 -1.69985 -0.305492 -0.627947 -0.665212
1 1.68 0.0914931 -0.0817442 1.05112 0.147569 -0.0746917 1.36936 0.626072 -0.113497 -0.887078 -0.0242551 -0.106634 -0.389093
4 1.68 1.5 0 1.5 0 0 1.57075 0 0 0 0 0 0
5 1.68 50 0.00206995 5
6 1.68 74.8592 0.348851 0.581259 0.881728
0 1.7 0.0809506 -0.0821796 1.08895 0.151724 -0.066176 1.38306 0.461805 -0.0282912 -1.73907 -0.360948 -0.660319 -0.643473
1 1.7 0.0994228 -0.0833113 1.01938 0.139237 -0.0883951 1.35356 0.633873 -0.144986 -0.886163 -0.0199212 0.113539 0.168986
4 1.7 1.5 0 1.5 0 0 1.57075 0 0 0 0 0 0
5 1.7 50 0.00106072 2
6 1.7 77.3309 0.416337 0.8686 2.59405
0 1.71 0.0867389 -0.083326 1.06481 0.148459 -0.0718885 1.37581 0.472681 -0.0393197 -1.77877 -0.394017 -0.676385 -0.624411
1 1.71 0.105646 -0.0848987 0.993657 0.134765 -0.0949519 1.34704 0.642195 -0.166245 -0.898097 -0.116456 0.258814 0.497667
4 1.71 1.5 0 1.5 0 0 1.57075 0 0 0 0 0 0
5 1.71 50 0.00154614 3
6 1.71 79.0473 0.345116 1.05257 3.58254
0 1.72 0.0909848 -0.0840906 1.04758 0.144808 -0.0778105 1.36863 0.479764 -0.0468024 -1.80852 -0.424966 -0.678118 -0.605699
1 1.72 0.110175 -0.0859627 0.975235 0.129984 -0.101155 1.34066 0.645182 -0.183855 -0.904916 -0.0428767 0.339593 0.625962
4 1.72 1.5 0 1.5 0 0 1.57075 0 0 0 0 0 0
5 1.72 50 0.00154233 3
6 1.72 80.4633 0.461124 1.14629 3.93241
0 1.73 0.0975866 -0.0856472 1.02048 0.141056 -0.0836208 1.36193 0.488244 -0.0602705 -1.83453 -0.442689 -0.684041 -0.590181
1 1.73 0.117116 -0.088058 0.947102 0.12563 -0.107392 1.33461 0.650925 -0.208981 -0.8937 0.0608479 0.664934 0.853404
4 1.73 1.5 0 1.5 0 0 1.57075 0 0 0 0 0 0
5 1.73 50 0.00152183 3
6 1.73 82.7685 0.596438 1.52604 4.60899
0 1.75 0.104833 -0.087284 0.991745 0.133592 -0.0945403 1.35055 0.499096 -0.0768949 -1.84376 -0.494458 -0.714393 -0.529758
1 1.75 0.124797 -0.0903598 0.917995 0.116166 -0.120039 1.32563 0.649399 -0.242098 -0.88231 0.0532022 0.771886 1.05257
4 1.75 1.5 0 1.5 0 0 1.57075 0 0 0 0 0 0
5 1.75 50 0.00220132 5
6 1.75 84.0441 0.643742 1.68352 5.052
0 1.76 0.110976 -0.0889531 0.967254 0.127917 -0.102572 1.34329 0.509931 -0.0951293 -1.83382 -0.530206 -0.74059 -0.471481
1 1.76 0.131373 -0.0927583 0.893901 0.109023 -0.129548 1.32069 0.648142 -0.269246 -0.881112 -0.149025 0.46864 -0.249273
4 1.76 1.5 0 1.5 0 0 1.57075 0 0 0 0 0 0
5 1.76 50 0.00150084 3
6 1.76 83.5055 0.45507 1.36664 0.709846
0 1.78 0.118174 -0.0909308 0.94036 0.117625 -0.116722 1.33319 0.522085 -0.117676 -1.80844 -0.586406 -0.792717 -0.373007
1 1.78 0.139058 -0.0956378 0.868023 0.0963422 -0.146461 1.31452 0.641272 -0.309873 -0.847026 -0.14059 0.67026 -0.021225
4 1.78 1.5 0 1.5 0 0 1.57075 0 0 0 0 0 0
5 1.78 50 0.00144172 3
6 1.78 84.0704 0.523016 1.66036 1.12359
0 1.79 0.125005 -0.093203 0.914722 0.112131 -0.124209 1.32882 0.532354 -0.13685 -1.78816 -0.609772 -0.801293 -0.33684
1 1.79 0.146299 -0.098677 0.843195 0.0898594 -0.154551 1.31172 0.641809 -0.33925 -0.816724 -0.030852 0.736541 0.0323249
4 1.79 1.5 0 1.5 0 0 1.57075 0 0 0 0 0 0
5 1.79 50 0.00212216 3
6 1.79 84.7157 0.669839 1.74736 1.17912
0 1.8 0.130614 -0.0950807 0.894565 0.10626 -0.131401 1.32496 0.539682 -0.151435 -1.77858 -0.645322 -0.719025 -0.301502
1 1.8 0.152202 -0.101138 0.823422 0.0824349 -0.15872 1.30979 0.638706 -0.363188 -0.799276 -0.015083 0.841836 0.10459
4 1.8 1.5 0 1.5 0 0 1.57075 0 0 0 0 0 0
5 1.8 50 0.00165057 3
6 1.8 85.2282 0.722914 1.77467 1.29698
0 1.81 0.136679 -0.097368 0.872794 0.100016 -0.137577 1.32136 0.546094 -0.167663 -1.77047 -0.680736 -0.565493 -0.289178
1 1.81 0.158523 -0.104075 0.801975 0.0746931 -0.158929 1.30746 0.63445 -0.387428 -0.78223 -0.159993 0.899566 0.408488
4 1.81 1.5 0 1.5 0 0 1.57075 0 0 0 0 0 0
5 1.81 50 0.00152278 3
6 1.81 85.7999 0.596042 1.66457 2.22773
0 1.83 0.14444 -0.100332 0.846302 0.0876725 -0.144171 1.31619 0.551938 -0.187846 -1.75673 -0.828561 -0.320264 -0.247331
1 1.83 0.166517 -0.107846 0.776033 0.0561237 -0.156066 1.3051 0.620465 -0.413815 -0.76169 -0.165385 0.954992 0.625003
4 1.83 1.5 0 1.5 0 0 1.57075 0 0 0 0 0 0
5 1.83 50 0.00158763 3
6 1.83 86.2024 0.748513 1.44613 2.78523
0 1.84 0.150261 -0.102908 0.826416 0.0746578 -0.147331 1.31287 0.555687 -0.20276 -1.7451 -0.953591 -0.199036 -0.177478
1 1.84 0.172489 -0.111019 0.756612 0.0376529 -0.154741 1.30512 0.60485 -0.429729 -0.74321 -0.00325238 0.981069 0.668514
4 1.84 1.5 0 1.5 0 0 1.57075 0 0 0 0 0 0
5 1.84 50 0.00155115 3
6 1.84 86.5767 1.06623 1.33992 2.70104
0 1.85 0.158878 -0.106791 0.798218 0.0699618 -0.148174 1.31202 0.559451 -0.227838 -1.71551 -0.970122 -0.19093 -0.160702
1 1.85 0.181256 -0.115904 0.729598 0.0321937 -0.155343 1.305 0.60177 -0.454727 -0.711054 -0.0562527 1.18616 0.705214
4 1.85 1.5 0 1.5 0 0 1.57075 0 0 0 0 0 0
5 1.85 50 0.00194287 4
6 1.85 86.7172 1.02505 1.56704 2.76465
0 1.86 0.165401 -0.110063 0.776843 0.0578018 -0.150363 1.31011 0.560749 -0.250004 -1.68223 -1.0074 -0.192772 -0.111551
1 1.86 0.187831 -0.120063 0.709554 0.018248 -0.157803 1.30515 0.585295 -0.476505 -0.6719 0.0764445 1.21025 0.663703
4 1.86 1.5 0 1.5 0 0 1.57075 0 0 0 0 0 0
5 1.86 50 0.00404382 4
6 1.86 87.0429 1.21449 1.6004 2.47522
0 1.88 0.172022 -0.113516 0.756091 0.0372466 -0.154368 1.30894 0.560471 -0.273186 -1.64398 -1.06377 -0.224248 -0.00920104
1 1.88 0.194441 -0.124443 0.690331 -0.00519486 -0.163318 1.30823 0.555042 -0.498563 -0.628347 -0.214764 1.12641 0.986516
4 1.88 1.5 0 1.5 0 0 1.57075 0 0 0 0 0 0
5 1.88 50 0.0019486 4
6 1.88 87.3407 0.950126 1.54883 3.1791
0 1.89 0.17981 -0.118073 0.73191 0.0265669 -0.156706 1.30905 0.559085 -0.297577 -1.60522 -1.07963 -0.242442 0.0292115
1 1.89 0.202174 -0.129976 0.667701 -0.0167622 -0.166431 1.30997 0.538014 -0.523268 -0.583349 -0.140465 1.1222 0.947106
4 1.89 1.5 0 1.5 0 0 1.57075 0 0 0 0 0 0
5 1.89 50 0.00174189 3
6 1.89 87.7297 1.05026 1.56831 2.93068
0 1.9 0.186143 -0.121901 0.712838 0.0154174 -0.159402 1.30977 0.556395 -0.318021 -1.57025 -1.11692 -0.279923 0.0862518
1 1.9 0.208399 -0.134621 0.650028 -0.0297863 -0.170651 1.31308 0.518983 -0.543818 -0.545662 -0.123791 1.2242 0.973355
4 1.9 1.5 0 1.5 0 0 1.57075 0 0 0 0 0 0
5 1.9 50 0.00157666 3
6 1.9 87.9155 1.10924 1.73371 2.83243
0 1.91 0.194179 -0.127229 0.688905 0.00383597 -0.162363 1.31099 0.548847 -0.346655 -1.51607 -1.13616 -0.297991 0.126033
1 1.91 0.216133 -0.141095 0.628262 -0.0424285 -0.174302 1.31605 0.494722 -0.571647 -0.496147 0.176942 1.4882 0.801317
4 1.91 1.5 0 1.5 0 0 1.57075 0 0 0 0 0 0
5 1.91 50 0.0015285 3
6 1.91 87.6581 1.46616 2.06121 2.15623
0 1.93 0.200766 -0.131841 0.66994 -0.0198873 -0.169013 1.31516 0.540554 -0.370537 -1.46921 -1.19535 -0.365609 0.236934
1 1.93 0.222388 -0.146662 0.611172 -0.0693678 -0.183446 1.32507 0.451977 -0.59667 -0.448226 0.216906 1.8165 0.992265
4 1.93 1.5 0 1.5 0 0 1.57075 0 0 0 0 0 0
5 1.93 50 0.00154257 3
6 1.93 87.8386 1.5731 2.52708 2.41189
0 1.94 0.207155 -0.136826 0.651614 -0.0293414 -0.17187 1.31734 0.530534 -0.390996 -1.4334 -1.2163 -0.39097 0.277436
1 1.94 0.228376 -0.152466 0.594278 -0.0799986 -0.187177 1.32907 0.428135 -0.618213 -0.410721 0.295009 1.82321 0.913075
4 1.94 1.5 0 1.5 0 0 1.57075 0 0 0 0 0 0
5 1.94 50 0.00123405 2
6 1.94 88.0076 1.68214 2.56836 2.02982
0 1.95 0.215919 -0.144093 0.626995 -0.042172 -0.175852 1.32062 0.513276 -0.42102 -1.37791 -1.23856 -0.415686 0.314626
1 1.95 0.23645 -0.160933 0.571878 -0.0940729 -0.191934 1.3341 0.392186 -0.64977 -0.354294 0.195111 1.86656 0.956165
4 1.95 1.5 0 1.5 0 0 1.57075 0 0 0 0 0 0
5 1.95 50 0.00132608 2
6 1.95 88.1681 1.59344 2.65079 2.0487
0 1.96 0.224305 -0.151845 0.603945 -0.0591423 -0.181308 1.32556 0.497322 -0.447928 -1.33112 -1.27568 -0.460407 0.371692
1 1.96 0.244198 -0.169762 0.5507 -0.11309 -0.198814 1.34176 0.35179 -0.678763 -0.309275 0.301508 1.94443 0.770578
4 1.96 1.5 0 1.5 0 0 1.57075 0 0 0 0 0 0
5 1.96 50 0.00107718 2
6 1.96 88.2203 1.75073 2.79845 1.27411
0 1.98 0.231912 -0.159305 0.583172 -0.0862616 -0.190478 1.33492 0.479035 -0.474791 -1.28223 -1.32292 -0.530859 0.468654
1 1.98 0.251074 -0.178296 0.531883 -0.143132 -0.210019 1.3558 0.29428 -0.710727 -0.260949 0.3467 1.902 0.455512
4 1.98 1.5 0 1.5 0 0 1.57075 0 0 0 0 0 0
5 1.98 50 0.00104189 2
6 1.98 88.5118 1.84779 2.8427 -0.0411575
0 1.99 0.23961 -0.16763 0.562288 -0.0981493 -0.194633 1.33956 0.453396 -0.505282 -1.22251 -1.34733 -0.556374 0.502702
1 1.99 0.257746 -0.187842 0.513388 -0.156417 -0.214811 1.36218 0.251616 -0.743802 -0.202554 0.0338008 2.56896 1.54822
4 1.99 1.5 0 1.5 0 0 1.57075 0 0 0 0 0 0
5 1.99 50 0.00107837 2
6 1.99 88.598 1.52247 3.64194 3.33868
0 2 0.24524 -0.17424 0.546921 -0.115572 -0.200851 1.34689 0.431578 -0.528512 -1.17767 -1.37402 -0.60624 0.559754
1 2 0.262504 -0.195381 0.499814 -0.17563 -0.222357 1.37244 0.199416 -0.77727 -0.125556 -0.525288 3.03485 -1.81545
4 2 1.5 0 1.5 0 0 1.57075 0 0 0 0 0 0
5 2 50 0.00210977 5
6 2 90.898 0.921894 4.2413 -7.58189
0 2.02 0.251746 -0.1827 0.529293 -0.144636 -0.209966 1.36045 0.408675 -0.55239 -1.13679 -1.25584 -0.405937 0.607319
1 2.02 0.268093 -0.204796 0.483821 -0.200491 -0.222532 1.38743 0.144591 -0.798666 -0.140276 0.55782 2.37164 1.99272
4 2.02 1.5 0 1.5 0 0 1.57075 0 0 0 0 0 0
5 2.02 50 0.00212455 5
6 2.02 87.8993 2.00915 3.25004 4.42347
0 2.03 0.256565 -0.189415 0.515991 -0.155228 -0.211741 1.36592 0.387759 -0.571671 -1.10204 -1.19071 -0.302877 0.612584
1 2.03 0.272075 -0.212282 0.47191 -0.208463 -0.219922 1.39259 0.1104 -0.817835 -0.110744 -0.0614424 2.48742 2.81817
4 2.03 1.5 0 1.5 0 0 1.57075 0 0 0 0 0 0
5 2.03 50 0.00350428 8
6 2.03 87.7425 1.24837 3.26187 7.04173
0 2.04 0.262183 -0.197975 0.500377 -0.170695 -0.213653 1.37376 0.357817 -0.596496 -1.05386 -1.1584 -0.254421 0.597525
1 2.04 0.276495 -0.221835 0.458222 -0.222516 -0.219622 1.39963 0.0638523 -0.839693 -0.0818024 0.124426 2.53995 2.90686
4 2.04 1.5 0 1.5 0 0 1.57075 0 0 0 0 0 0
5 2.04 50 0.0023222 4
6 2.04 86.7789 1.42292 3.26346 7.3729
0 2.05 0.267135 -0.206501 0.485992 -0.180297 -0.214748 1.37863 0.3239 -0.621799 -1.0001 -1.15941 -0.261844 0.578555
1 2.05 0.280091 -0.231372 0.445988 -0.232049 -0.220902 1.40385 0.0191525 -0.863751 -0.0367674 -0.107336 2.42409 2.73426
4 2.05 1.5 0 1.5 0 0 1.57075 0 0 0 0 0 0
5 2.05 50 0.00232863 5
6 2.05 86.3914 1.16478 3.13727 6.88243
0 2.06 0.272652 -0.217238 0.46974 -0.196479 -0.216738 1.38674 0.287158 -0.649362 -0.943814 -1.18132 -0.288127 0.582167
1 2.06 0.284138 -0.243213 0.431987 -0.249256 -0.223495 1.41243 -0.0515893 -0.901552 0.0712887 -0.355163 3.3327 -2.68812
4 2.06 1.5 0 1.5 0 0 1.57075 0 0 0 0 0 0
5 2.06 50 0.00365186 8
6 2.06 90.0065 0.910669 4.2113 -10.44
0 2.08 0.27789 -0.229398 0.453001 -0.223305 -0.220349 1.40043 0.239546 -0.682105 -0.87415 -1.21365 -0.335095 0.630792
1 2.08 0.287472 -0.256682 0.418035 -0.278027 -0.227833 1.42868 -0.135554 -0.936478 0.136606 -0.58609 3.28762 -1.88498
4 2.08 1.5 0 1.5 0 0 1.57075 0 0 0 0 0 0
5 2.08 50 0.00156903 3
6 2.08 90.3153 0.684895 4.21993 -8.03114
0 2.09 0.281727 -0.239066 0.44067 -0.234106 -0.221933 1.40628 0.194729 -0.709736 -0.810358 -1.23436 -0.371769 0.660923
1 2.09 0.289516 -0.267455 0.408255 -0.290062 -0.230265 1.43618 -0.191826 -0.963472 0.187081 -0.605274 3.52673 -1.98754
4 2.09 1.5 0 1.5 0 0 1.57075 0 0 0 0 0 0
5 2.09 50 0.00228691 3
6 2.09 89.7153 0.683784 4.5405 -8.45471
0 2.1 0.28448 -0.2481 0.430404 -0.250919 -0.224691 1.41549 0.150369 -0.735398 -0.750333 -1.26419 -0.427471 0.661289
1 2.1 0.290495 -0.277516 0.400391 -0.308313 -0.234687 1.44613 -0.252491 -0.988114 0.222348 -0.51078 4.00715 -2.82605
4 2.1 1.5 0 1.5 0 0 1.57075 0 0 0 0 0 0
5 2.1 50 0.00297046 7
6 2.1 88.5398 0.819867 5.15728 -11.1327
0 2.12 0.287287 -0.258433 0.419737 -0.276255 -0.229756 1.42865 0.109942 -0.759685 -0.698816 -1.30329 -0.508508 0.602552
1 2.12 0.291685 -0.28882 0.391784 -0.335107 -0.242751 1.45816 -0.334227 -1.02268 0.29097 -0.666843 3.93601 -2.41376
4 2.12 1.5 0 1.5 0 0 1.57075 0 0 0 0 0 0
5 2.12 50 0.00399327 9
6 2.12 90.3701 0.687063 5.16443 -9.62883
0 2.13 0.289547 -0.270357 0.408726 -0.294664 -0.234292 1.43774 0.0586849 -0.788419 -0.637845 -1.32909 -0.5714 0.549448
1 2.13 0.291894 -0.301894 0.383213 -0.354432 -0.24978 1.46618 -0.41007 -1.05676 0.34468 -0.835661 3.07764 -2.50851
4 2.13 1.5 0 1.5 0 0 1.57075 0 0 0 0 0 0
5 2.13 50 0.00175524 3
6 2.13 90.4793 0.526419 4.24719 -9.76168
0 2.14 0.291397 -0.281395 0.39917 -0.310315 -0.23872 1.44503 0.00914524 -0.815086 -0.59012 -1.35017 -0.622098 0.496607
1 2.14 0.291763 -0.313998 0.375565 -0.370775 -0.25635 1.47232 -0.449673 -1.07149 0.299259 -0.283166 4.25673 -2.48945
4 2.14 1.5 0 1.5 0 0 1.57075 0 0 0 0 0 0
5 2.14 50 0.0035603 8
6 2.14 84.8532 1.16861 5.6532 -9.53203
0 2.15 0.292244 -0.290674 0.391938 -0.325174 -0.243279 1.45168 -0.0334101 -0.837521 -0.549543 -1.35721 -0.648258 0.465146
1 2.15 0.290907 -0.324175 0.369956 -0.385894 -0.261906 1.47838 -0.47591 -1.07999 0.239935 0.142653 3.20765 0.770915
4 2.15 1.5 0 1.5 0 0 1.57075 0 0 0 0 0 0
5 2.15 50 0.00284028 6
6 2.15 78.7112 1.65354 4.47633 0.977169
0 2.16 0.293109 -0.302919 0.383225 -0.339705 -0.248132 1.45782 -0.0883155 -0.865903 -0.500627 -1.36981 -0.69528 0.401721
1 2.16 0.289576 -0.337555 0.3632 -0.400684 -0.268999 1.48301 -0.549112 -1.11426 0.28606 0.00570598 3.24694 1.38983
4 2.16 1.5 0 1.5 0 0 1.57075 0 0 0 0 0 0
5 2.16 50 0.00203609 4
6 2.16 79.0164 1.51623 4.56864 3.15561
0 2.17 0.293028 -0.312675 0.377045 -0.358673 -0.255072 1.46544 -0.133563 -0.888383 -0.462339 -1.38481 -0.735415 0.342954
1 2.17 0.287686 -0.34821 0.358552 -0.420107 -0.277801 1.48938 -0.59329 -1.13185 0.259218 -0.0480862 3.038 1.02899
4 2.17 1.5 0 1.5 0 0 1.57075 0 0 0 0 0 0
5 2.17 50 0.00441813 9
6 2.17 75.3033 1.47503 4.36871 2.19133
0 2.18 0.292426 -0.328556 0.368194 -0.370071 -0.259462 1.46993 -0.192334 -0.919091 -0.416252 -1.39048 -0.7528 0.316323
1 2.18 0.284733 -0.36532 0.351544 -0.431712 -0.282959 1.4934 -0.65674 -1.16289 0.281326 0.349668 3.26298 0.586866
4 2.18 1.5 0 1.5 0 0 1.57075 0 0 0 0 0 0
5 2.18 50 0.00345993 8
6 2.18 74.0888 1.92758 4.64388 0.8649
0 2.19 0.291166 -0.34069 0.362117 -0.385423 -0.265566 1.47594 -0.242298 -0.943599 -0.377708 -1.39507 -0.789831 0.31424
1 2.19 0.281474 -0.378434 0.347009 -0.447624 -0.290116 1.50032 -0.711624 -1.18754 0.28616 0.114833 2.95029 0.173579
4 2.19 1.5 0 1.5 0 0 1.57075 0 0 0 0 0 0
5 2.19 50 0.00553203 10
6 2.19 72.3548 1.66913 4.32748 -0.447807
0 2.21 0.289392 -0.355813 0.355157 -0.416716 -0.278023 1.48918 -0.306888 -0.97472 -0.329173 -1.41127 -0.845327 0.362928
1 2.21 0.277116 -0.394802 0.34199 -0.480862 -0.303067 1.51722 -0.81756 -1.23632 0.3378 0.378201 3.46435 0.769979
4 2.21 1.5 0 1.5 0 0 1.57075 0 0 0 0 0 0
5 2.21 50 0.00136018 3
6 2.21 73.7927 1.97715 4.98708 1.30087
0 2.22 0.286334 -0.370424 0.349512 -0.428656 -0.282591 1.49466 -0.373499 -1.00475 -0.282441 -1.40781 -0.825329 0.386701
1 2.22 0.271394 -0.410614 0.338214 -0.493037 -0.306188 1.5236 -0.844541 -1.24505 0.273735 0.606935 3.31782 0.754795
4 2.22 1.5 0 1.5 0 0 1.57075 0 0 0 0 0 0
5 2.22 50 0.00484133 11
6 2.22 66.5181 2.2282 4.79869 1.17646
0 2.23 0.282332 -0.388595 0.343235 -0.444683 -0.287466 1.50193 -0.442647 -1.03578 -0.238627 -1.3966 -0.662348 0.407638
1 2.23 0.264626 -0.430026 0.33369 -0.508269 -0.304369 1.52917 -0.915869 -1.27489 0.285944 0.528823 3.38317 0.786525
4 2.23 1.5 0 1.5 0 0 1.57075 0 0 0 0 0 0
5 2.23 50 0.00417709 9
6 2.23 64.8773 2.13228 4.68873 1.21065
0 2.24 0.278171 -0.402803 0.339041 -0.460794 -0.289781 1.50819 -0.501259 -1.06095 -0.203113 -1.37642 -0.35039 0.433123
1 2.24 0.25812 -0.445241 0.330917 -0.522337 -0.294631 1.53088 -1.00975 -1.31267 0.353728 0.184735 3.64486 1.24021
4 2.24 1.5 0 1.5 0 0 1.57075 0 0 0 0 0 0
5 2.24 50 0.00265455 5
6 2.24 67.7354 1.73438 4.63328 2.57717
0 2.26 0.272211 -0.422204 0.333857 -0.492631 -0.285519 1.51813 -0.584388 -1.09632 -0.156518 -1.29719 0.112948 0.510605
1 2.26 0.248835 -0.466057 0.327597 -0.549174 -0.271879 1.53466 -1.08295 -1.32532 0.319515 0.276633 3.78455 0.151946
4 2.26 1.5 0 1.5 0 0 1.57075 0 0 0 0 0 0
5 2.26 50 0.00189662 4
6 2.26 62.9172 1.76568 4.26745 -1.14519
0 2.27 0.267015 -0.435575 0.330974 -0.507364 -0.281426 1.52269 -0.644666 -1.12093 -0.125245 -1.27633 0.149708 0.5597
1 2.27 0.241228 -0.480412 0.325965 -0.563233 -0.265315 1.54003 -1.16203 -1.349 0.356425 -0.196526 3.48746 0.587492
4 2.27 1.5 0 1.5 0 0 1.57075 0 0 0 0 0 0
5 2.27 50 0.00206733 4
6 2.27 63.7613 1.21505 3.88873 0.0885082
0 2.28 0.262339 -0.448978 0.327955 -0.520324 -0.277472 1.52699 -0.706475 -1.14562 -0.0956128 -1.26753 0.1541 0.602495
1 2.28 0.23408 -0.494803 0.324131 -0.576108 -0.260142 1.54554 -1.15247 -1.33531 0.245909 0.424743 3.16403 -0.751192
4 2.28 1.5 0 1.5 0 0 1.57075 0 0 0 0 0 0
5 2.28 50 0.00440693 11
6 2.28 53.8697 1.9011 3.5167 -4.32187
0 2.29 0.255569 -0.463845 0.325498 -0.534115 -0.273041 1.53181 -0.775974 -1.17155 -0.0661099 -1.25752 0.160132 0.628734
1 2.29 0.22453 -0.510707 0.322853 -0.589564 -0.254725 1.5509 -1.23819 -1.36089 0.281433 0.593407 3.76207 0.0833931
4 2.29 1.5 0 1.5 0 0 1.57075 0 0 0 0 0 0
5 2.29 50 0.00470257 8
6 2.29 54.681 2.07925 4.19816 -1.74123
0 2.3 0.245969 -0.484825 0.322289 -0.54772 -0.267742 1.53647 -0.849303 -1.19875 -0.042048 -1.20985 0.326104 0.658193
1 2.3 0.211997 -0.532775 0.320607 -0.600416 -0.242896 1.55274 -1.41718 -1.42222 0.450719 -0.148096 5.65414 -1.62638
4 2.3 1.5 0 1.5 0 0 1.57075 0 0 0 0 0 0
5 2.3 50 0.00251055 6
6 2.3 65.8528 1.20557 6.17903 -7.29395
0 2.31 0.23529 -0.50438 0.320092 -0.560075 -0.260132 1.53942 -0.924102 -1.22345 -0.0185637 -1.14342 0.594594 0.660496
1 2.31 0.198326 -0.553318 0.31935 -0.608407 -0.225946 1.54951 -1.37197 -1.39095 0.270815 0.5223 3.75373 -0.0363351
4 2.31 1.5 0 1.5 0 0 1.57075 0 0 0 0 0 0
5 2.31 50 0.00300121 7
6 2.31 51.0057 1.89591 3.68719 -2.22541
0 2.32 0.227738 -0.519581 0.318073 -0.571383 -0.249889 1.54086 -0.983988 -1.24172 -0.00136282 -1.06588 0.864644 0.646804
1 2.32 0.188378 -0.56925 0.318019 -0.614799 -0.206805 1.54402 -1.55463 -1.44183 0.456837 -0.182452 6.10133 -2.45055
4 2.32 1.5 0 1.5 0 0 1.57075 0 0 0 0 0 0
5 2.32 50 0.00483918 7
6 2.32 63.9232 1.03423 6.06535 -9.88936
0 2.34 0.214595 -0.5409 0.316079 -0.588223 -0.227706 1.53928 -1.07027 -1.26668 0.0122534 -0.95339 1.17943 0.573753
1 2.34 0.171784 -0.591567 0.316569 -0.624717 -0.175723 1.53201 -1.6174 -1.43284 0.410937 -0.087241 6.20279 -2.37741
4 2.34 1.5 0 1.5 0 0 1.57075 0 0 0 0 0 0
5 2.34 50 0.00357294 7
6 2.34 59.7861 1.0245 5.80878 -9.42286
0 2.35 0.201234 -0.563142 0.314029 -0.599211 -0.211615 1.53655 -1.14813 -1.28896 0.0259073 -0.954943 1.21124 0.531153
1 2.35 0.155309 -0.6147 0.315065 -0.635308 -0.159624 1.52654 -1.78378 -1.46086 0.534485 -0.330415 6.46445 -3.43898
4 2.35 1.5 0 1.5 0 0 1.57075 0 0 0 0 0 0
5 2.35 50 0.00374627 9
6 2.35 68.3522 0.75142 6.0692 -12.676
0 2.37 0.185831 -0.585019 0.312775 -0.616674 -0.186986 1.53089 -1.23396 -1.30922 0.0424496 -0.980138 1.20064 0.461238
1 2.37 0.136473 -0.637388 0.314473 -0.653472 -0.137137 1.51795 -1.90787 -1.45749 0.57518 -0.424633 6.68018 -2.85022
4 2.37 1.5 0 1.5 0 0 1.57075 0 0 0 0 0 0
5 2.37 50 0.00486326 11
6 2.37 70.6901 0.666861 6.3243 -10.5732
0 2.38 0.174415 -0.602517 0.311492 -0.625915 -0.17495 1.52759 -1.31047 -1.32375 0.0575502 -1.00291 1.17894 0.394251
1 2.38 0.121997 -0.655467 0.313794 -0.663407 -0.127493 1.51251 -1.70965 -1.4018 0.203838 -0.00526782 4.36266 -2.03519
4 2.38 1.5 0 1.5 0 0 1.57075 0 0 0 0 0 0
5 2.38 50 0.00270104 5
6 2.38 41.3437 1.15429 3.68555 -7.75733
0 2.39 0.160438 -0.620385 0.310896 -0.632894 -0.166361 1.52464 -1.39278 -1.33621 0.0732304 -1.01954 1.1608 0.353133
1 2.39 0.104727 -0.673834 0.313825 -0.670976 -0.120567 1.50834 -2.05183 -1.45333 0.558653 -0.954317 7.70041 -3.97431
4 2.39 1.5 0 1.5 0 0 1.57075 0 0 0 0 0 0
5 2.39 50 0.00939918 16
6 2.39 67.6151 0.10651 7.5329 -13.8167
0 2.4 0.146401 -0.639479 0.309982 -0.644725 -0.152679 1.51942 -1.47627 -1.34714 0.0879478 -1.03176 1.1281 0.304951
1 2.4 0.0873503 -0.693365 0.3135 -0.683322 -0.109282 1.50185 -2.06816 -1.4355 0.466574 -0.0333617 6.79381 -5.02983
4 2.4 1.5 0 1.5 0 0 1.57075 0 0 0 0 0 0
5 2.4 50 0.00832725 20
6 2.4 59.7814 1.14526 6.5265 -17.0326
0 2.41 0.133709 -0.654417 0.309737 -0.654443 -0.142215 1.51489 -1.54448 -1.35388 0.099404 -1.04829 1.10235 0.255388
1 2.41 0.07193 -0.708572 0.313713 -0.693693 -0.101013 1.49596 -2.25143 -1.44398 0.611199 -0.753462 8.72929 -5.30446
4 2.41 1.5 0 1.5 0 0 1.57075 0 0 0 0 0 0
5 2.41 50 0.00736332 20
6 2.41 70.5164 0.352921 8.77276 -17.7511
0 2.42 0.113461 -0.678767 0.309162 -0.664151 -0.132433 1.51011 -1.63322 -1.36346 0.112323 -1.06001 1.08682 0.213643
1 2.42 0.0481321 -0.733306 0.313654 -0.703878 -0.0929335 1.48986 -2.35377 -1.44044 0.624776 -0.544681 7.43717 -3.53156
4 2.42 1.5 0 1.5 0 0 1.57075 0 0 0 0 0 0
5 2.42 50 0.00510383 10
6 2.42 71.0044 0.595599 7.30468 -11.9579
0 2.43 0.0964556 -0.697047 0.30917 -0.674108 -0.123167 1.5048 -1.70564 -1.36825 0.12216 -1.07049 1.05298 0.145988
1 2.43 0.0282301 -0.751777 0.314056 -0.714238 -0.0866158 1.48291 -2.50431 -1.43758 0.713988 -0.982069 7.91232 -3.6762
4 2.43 1.5 0 1.5 0 0 1.57075 0 0 0 0 0 0
5 2.43 50 0.00579 13
6 2.43 77.7511 0.111514 7.88284 -12.2036
0 2.45 0.0742348 -0.721376 0.308932 -0.691566 -0.108274 1.49499 -1.80378 -1.37106 0.133443 -1.07362 1.02294 0.0848958
1 2.45 0.00208373 -0.776218 0.31427 -0.731958 -0.0745917 1.47137 -2.63299 -1.41586 0.729751 -0.716612 7.95534 -3.29362
4 2.45 1.5 0 1.5 0 0 1.57075 0 0 0 0 0 0
5 2.45 50 0.00633955 16
6 2.45 79.0849 0.40656 7.96126 -10.7872
0 2.46 0.0546218 -0.740205 0.309267 -0.704244 -0.0984352 1.4871 -1.88537 -1.37039 0.142038 -1.08015 1.00174 0.0144406
1 2.46 -0.0207928 -0.795021 0.314948 -0.744932 -0.0675243 1.46148 -2.71962 -1.39666 0.720861 -0.494704 7.59585 -3.49904
4 2.46 1.5 0 1.5 0 0 1.57075 0 0 0 0 0 0
5 2.46 50 0.00806022 15
6 2.46 78.4368 0.656248 7.56687 -11.218
0 2.47 0.0303919 -0.764349 0.309285 -0.714306 -0.0912176 1.48072 -1.99309 -1.3651 0.150585 -1.07916 0.983253 -0.0243805
1 2.47 -0.0493316 -0.818953 0.315309 -0.755048 -0.0621406 1.4541 -2.81704 -1.37713 0.699454 -0.650695 7.92903 -3.73016
4 2.47 1.5 0 1.5 0 0 1.57075 0 0 0 0 0 0
5 2.47 50 0.00826049 17
6 2.47 76.6244 0.477448 7.96687 -11.8319
0 2.49 0.00327695 -0.786974 0.310112 -0.734448 -0.0781992 1.46693 -2.10211 -1.35579 0.15815 -1.08561 0.950052 -0.115722
1 2.49 -0.0808075 -0.841205 0.316438 -0.775608 -0.0530961 1.43793 -2.92273 -1.34137 0.668546 -0.602885 8.10118 -4.04889
4 2.49 1.5 0 1.5 0 0 1.57075 0 0 0 0 0 0
5 2.49 50 0.00894761 18
6 2.49 74.7315 0.531135 8.19423 -12.5578
0 2.5 -0.0207487 -0.809409 0.31013 -0.745104 -0.0722468 1.45912 -2.19622 -1.34772 0.162457 -1.08471 0.930018 -0.183106
1 2.5 -0.108597 -0.863317 0.316628 -0.786277 -0.0498698 1.42843 -3.00716 -1.32047 0.644662 -0.346669 8.24873 -4.34697
4 2.5 1.5 0 1.5 0 0 1.57075 0 0 0 0 0 0
5 2.5 50 0.00697136 17
6 2.5 73.0726 0.811864 8.38045 -13.2943
0 2.51 -0.0458249 -0.829434 0.310733 -0.754916 -0.0672817 1.45174 -2.28766 -1.33694 0.165643 -1.08457 0.916391 -0.215827
1 2.51 -0.137331 -0.882911 0.317359 -0.796182 -0.0464999 1.42026 -2.70934 -1.3168 0.219804 0.581615 5.00766 -2.52063
4 2.51 1.5 0 1.5 0 0 1.57075 0 0 0 0 0 0
5 2.51 50 0.00421643 10
6 2.51 37.6394 1.84812 4.67459 -7.35923
0 2.53 -0.0841714 -0.860479 0.311146 -0.772838 -0.0593387 1.43734 -2.4114 -1.32343 0.166126 -1.07563 0.896787 -0.302979
1 2.53 -0.180628 -0.913416 0.317791 -0.81386 -0.0421184 1.40356 -3.31037 -1.25794 0.694681 -0.271892 8.79516 -3.76047
4 2.53 1.5 0 1.5 0 0 1.57075 0 0 0 0 0 0
5 2.53 50 0.00765109 17
6 2.53 78.9292 0.877085 9.03495 -11.0391
0 2.54 -0.114594 -0.882305 0.311722 -0.783639 -0.0551978 1.42827 -2.49989 -1.31414 0.157196 -1.07043 0.889398 -0.330971
1 2.54 -0.214589 -0.934871 0.318009 -0.824551 -0.0393424 1.39373 -2.88606 -1.28038 0.152618 0.682485 5.35041 -1.55649
4 2.54 1.5 0 1.5 0 0 1.57075 0 0 0 0 0 0
5 2.54 50 0.00622773 14
6 2.54 33.5855 1.93727 5.08884 -3.91354
0 2.55 -0.144682 -0.905442 0.311773 -0.795403 -0.0512566 1.41797 -2.58901 -1.30291 0.14866 -1.07075 0.874659 -0.398412
1 2.55 -0.248242 -0.957559 0.317719 -0.836379 -0.0381472 1.38178 -3.54806 -1.20412 0.698851 -0.693302 9.18976 -4.39055
4 2.55 1.5 0 1.5 0 0 1.57075 0 0 0 0 0 0
5 2.55 50 0.0069015 18
6 2.55 82.5856 0.393817 9.50472 -12.746
0 2.56 -0.169494 -0.922419 0.312082 -0.805457 -0.0485123 1.40877 -2.66141 -1.29112 0.142376 -1.06631 0.863949 -0.437885
1 2.56 -0.275951 -0.974064 0.317777 -0.84631 -0.0372023 1.37167 -3.66196 -1.17506 0.715435 -0.17821 9.44456 -3.44994
4 2.56 1.5 0 1.5 0 0 1.57075 0 0 0 0 0 0
5 2.56 50 0.00673699 17
6 2.56 85.4584 0.962752 9.806 -9.61703
0 2.58 -0.197749 -0.942468 0.31211 -0.823073 -0.0446402 1.39194 -2.74297 -1.27691 0.135207 -1.05294 0.857789 -0.508618
1 2.58 -0.307468 -0.993544 0.317518 -0.863449 -0.0362269 1.35291 -3.68212 -1.14696 0.620398 -0.572423 8.48975 -3.97927
4 2.58 1.5 0 1.5 0 0 1.57075 0 0 0 0 0 0
5 2.58 50 0.00692916 18
6 2.58 79.1299 0.501964 8.7119 -11.0811
0 2.59 -0.22991 -0.962354 0.312476 -0.835457 -0.0425011 1.37956 -2.83377 -1.25795 0.126904 -1.04478 0.85426 -0.551487
1 2.59 -0.343261 -1.01267 0.317552 -0.875541 -0.0359377 1.33938 -3.81978 -1.10609 0.635467 -0.0662043 9.11476 -2.50482
4 2.59 1.5 0 1.5 0 0 1.57075 0 0 0 0 0 0
5 2.59 50 0.00855374 18
6 2.59 82.3355 1.05639 9.42966 -6.23702
0 2.6 -0.255073 -0.979084 0.312402 -0.847078 -0.0412084 1.36766 -2.9106 -1.23987 0.118683 -1.0399 0.846735 -0.611367
1 2.6 -0.371497 -1.02868 0.317149 -0.88696 -0.037106 1.32606 -3.55332 -1.13169 0.30136 -0.147961 6.4844 -2.69634
4 2.6 1.5 0 1.5 0 0 1.57075 0 0 0 0 0 0
5 2.6 50 0.00566483 13
6 2.6 53.2387 0.955649 6.41549 -6.65729
0 2.61 -0.282605 -0.99496 0.312567 -0.852601 -0.0408108 1.36178 -2.99071 -1.21929 0.10962 -1.03693 0.845901 -0.636958
1 2.61 -0.402233 -1.04373 0.316952 -0.892353 -0.0377308 1.3195 -3.84905 -1.06896 0.477602 0.175008 8.38716 -2.77922
4 2.61 1.5 0 1.5 0 0 1.57075 0 0 0 0 0 0
5 2.61 50 0.00635266 16
6 2.61 70.8364 1.31196 8.59747 -6.84017
0 2.62 -0.324839 -1.01932 0.312415 -0.862319 -0.0403932 1.35106 -3.10545 -1.18968 0.0943863 -1.02886 0.841302 -0.667996
1 2.62 -0.449057 -1.06691 0.316191 -0.901738 -0.0387863 1.30808 -3.77293 -1.06467 0.283062 0.420078 7.98912 -2.63818
4 2.62 1.5 0 1.5 0 0 1.57075 0 0 0 0 0 0
5 2.62 50 0.00895095 19
6 2.62 54.7429 1.57525 8.14384 -6.29079
0 2.63 -0.367096 -1.04009 0.312527 -0.875323 -0.040569 1.3362 -3.21631 -1.15756 0.0782654 -1.01182 0.840152 -0.725955
1 2.63 -0.495748 -1.08639 0.315658 -0.913993 -0.04133 1.29175 -3.67936 -1.06333 0.0796893 -1.35941 5.41558 -2.77582
4 2.63 1.5 0 1.5 0 0 1.57075 0 0 0 0 0 0
5 2.63 50 0.00477147 11
6 2.63 37.6771 -0.43882 5.18857 -6.54517
0 2.65 -0.394154 -1.05556 0.312094 -0.890862 -0.0418184 1.3175 -3.30308 -1.12752 0.0631119 -0.99587 0.838279 -0.796573
1 2.65 -0.526277 -1.10066 0.314618 -0.928768 -0.0455131 1.27135 -3.60627 -1.05988 -0.0784805 -1.52908 4.94805 -2.77446
4 2.65 1.5 0 1.5 0 0 1.57075 0 0 0 0 0 0
5 2.65 50 0.00698996 16
6 2.65 24.4542 -0.651245 4.64943 -6.31536
0 2.66 -0.437276 -1.07485 0.311746 -0.901071 -0.0432446 1.30462 -3.42425 -1.08388 0.0409828 -0.990539 0.834972 -0.835567
1 2.66 -0.574246 -1.1182 0.313385 -0.938661 -0.0487146 1.25764 -3.48132 -1.0704 -0.305051 1.55247 4.20904 -1.54915
4 2.66 1.5 0 1.5 0 0 1.57075 0 0 0 0 0 0
5 2.66 50 0.00996256 20
6 2.66 4.57914 2.78831 3.8025 -2.27906
0 2.68 -0.483786 -1.0978 0.310691 -0.918245 -0.0470792 1.28172 -3.53763 -1.04792 0.0194032 -0.964775 0.834504 -0.925966
1 2.68 -0.625291 -1.13972 0.311467 -0.954527 -0.0562389 1.23266 -3.70441 -1.00478 -0.241567 -0.313882 5.09152 -2.48296
4 2.68 1.5 0 1.5 0 0 1.57075 0 0 0 0 0 0
5 2.68 50 0.0083406 20
6 2.68 13.272 0.665075 4.81007 -4.97162
0 2.69 -0.518485 -1.11265 0.310019 -0.928119 -0.0501249 1.26795 -3.61989 -1.01966 0.0030194 -0.958944 0.832357 -0.966609
1 2.69 -0.663281 -1.15344 0.31014 -0.963977 -0.0611208 1.21806 -4.54393 -0.768545 0.326147 -0.465838 7.44986 -1.54823
4 2.69 1.5 0 1.5 0 0 1.57075 0 0 0 0 0 0
5 2.69 50 0.00742197 15
6 2.69 73.2157 0.485921 7.51553 -1.85774
0 2.7 -0.559467 -1.13166 0.30875 -0.940248 -0.0540478 1.25385 -3.68626 -0.99828 -0.000800605 -0.983102 0.645102 -0.832089
1 2.7 -0.706917 -1.17159 0.308718 -0.977383 -0.0657173 1.21332 -4.3049 -0.822036 0.0752979 -0.254765 6.6877 -1.93772
4 2.7 1.5 0 1.5 0 0 1.57075 0 0 0 0 0 0
5 2.7 50 0.00876021 20
6 2.7 48.7417 0.771029 6.86496 -3.53045
0 2.71 -0.609048 -1.15161 0.307786 -0.946731 -0.055699 1.24861 -3.73455 -0.975476 0.0280347 -0.931138 0.473 -0.590707
1 2.71 -0.75843 -1.19063 0.308907 -0.98235 -0.0638179 1.2194 -4.61294 -0.72087 0.292614 -0.667569 7.16462 -2.39752
4 2.71 1.5 0 1.5 0 0 1.57075 0 0 0 0 0 0
5 2.71 50 0.00794697 20
6 2.71 68.971 0.272051 7.63183 -5.76876
0 2.72 -0.65718 -1.1723 0.306985 -0.957377 -0.0566616 1.24281 -3.75744 -0.956439 0.0840603 -0.713558 0.253742 -0.111917
1 2.72 -0.807477 -1.21056 0.310348 -0.985302 -0.0544792 1.23191 -4.79602 -0.648613 0.452458 1.15608 10.8198 -3.41641
4 2.72 1.5 0 1.5 0 0 1.57075 0 0 0 0 0 0
5 2.72 50 0.0088408 19
6 2.72 81.0777 2.08963 12.1161 -10.5498
0 2.74 -0.714509 -1.19377 0.30747 -0.968322 -0.0523878 1.24544 -3.75503 -0.946735 0.147657 -0.529858 -0.130762 0.509897
1 2.74 -0.86471 -1.23164 0.313376 -0.990348 -0.0385469 1.26133 -3.8994 -0.903753 -0.141349 0.268413 4.83895 -1.92932
4 2.74 1.5 0 1.5 0 0 1.57075 0 0 0 0 0 0
5 2.74 50 0.00876617 20
6 2.74 11.1907 0.887737 5.72427 -7.78713
0 2.75 -0.759004 -1.21274 0.307909 -0.976488 -0.0476558 1.25531 -3.75947 -0.939338 0.184544 -0.64474 -0.544558 0.817882
1 2.75 -0.909383 -1.25031 0.315291 -1.00401 -0.0327467 1.29172 -5.06706 -0.558652 0.710997 4.43972 11.4482 -1.95884
4 2.75 1.5 0 1.5 0 0 1.57075 0 0 0 0 0 0
5 2.75 50 0.00609446 15
6 2.75 100.625 5.65261 13.8033 -8.8643
0 2.76 -0.797414 -1.22743 0.308876 -0.981795 -0.0454265 1.2632 -3.7678 -0.930559 0.207594 -0.819628 -0.8521 0.954331
1 2.76 -0.948126 -1.26465 0.317179 -1.01683 -0.0326203 1.3128 -3.49393 -1.0085 -0.374765 1.56948 1.81836 -0.243103
4 2.76 1.5 0 1.5 0 0 1.57075 0 0 0 0 0 0
5 2.76 50 0.00667119 15
6 2.76 -20.9655 2.60666 3.12876 -3.82201
0 2.77 -0.83704 -1.24385 0.310012 -0.994911 -0.0423356 1.28271 -3.7791 -0.920983 0.224227 -1.11639 -1.30078 1.09968
1 2.77 -0.988204 -1.28069 0.318982 -1.04243 -0.033778 1.35037 -3.52683 -0.988258 -0.337484 1.60008 1.76217 -0.0668288
4 2.77 1.5 0 1.5 0 0 1.57075 0 0 0 0 0 0
5 2.77 50 0.0036993 7
6 2.77 -19.06 2.92247 3.61602 -3.72243
0 2.78 -0.880865 -1.2598 0.311814 -1.00414 -0.0410931 1.29633 -3.79213 -0.909533 0.241557 -1.27722 -1.5622 1.19253
1 2.78 -1.03255 -1.29618 0.321476 -1.05845 -0.0343923 1.37473 -3.52984 -0.976039 -0.322804 1.5128 1.43562 0.278315
4 2.78 1.5 0 1.5 0 0 1.57075 0 0 0 0 0 0
5 2.78 50 0.00238299 5
6 2.78 -19.6371 2.96936 3.5658 -2.91636
0 2.79 -0.915909 -1.27409 0.313383 -1.01881 -0.0396688 1.31849 -3.79462 -0.899342 0.282553 -1.41308 -1.85989 1.33178
1 2.79 -1.06769 -1.31006 0.324685 -1.07895 -0.033321 1.40984 -3.51955 -0.963137 -0.283558 1.61931 1.1065 0.283265
4 2.79 1.5 0 1.5 0 0 1.57075 0 0 0 0 0 0
5 2.79 50 0.00343752 6
6 2.79 -20.3061 3.19033 3.5595 -3.34441
0 2.8 -0.961562 -1.29016 0.316707 -1.03462 -0.0346662 1.35054 -3.79362 -0.880878 0.382027 -0.692539 -1.82366 1.94273
1 2.8 -1.11331 -1.32539 0.331988 -1.06587 -0.00512726 1.45301 -3.37919 -0.964745 -0.26144 1.41734 1.2306 0.181542
4 2.8 1.5 0 1.5 0 0 1.57075 0 0 0 0 0 0
5 2.8 50 0.00309277 6
6 2.8 -30.1203 2.07092 3.61581 -5.62115
0 2.82 -1.01243 -1.30922 0.320663 -1.02933 -0.0055934 1.4001 -3.83341 -0.853497 0.443234 0.394298 -1.27561 2.67595
1 2.82 -1.16577 -1.34336 0.338392 -1.01411 0.059836 1.499 -3.28501 -0.946125 -0.283647 1.68123 1.07633 0.650878
4 2.82 1.5 0 1.5 0 0 1.57075 0 0 0 0 0 0
5 2.82 50 0.00370789 8
6 2.82 -39.751 1.16071 2.61092 -6.46562
0 2.83 -1.05746 -1.32357 0.325027 -1.02422 0.00757375 1.41868 -3.88865 -0.826105 0.467839 0.490778 -1.11254 2.64863
1 2.83 -1.21301 -1.35662 0.343741 -1.00389 0.0749537 1.51177 -3.25766 -0.925814 -0.313198 1.72057 1.64336 0.291697
4 2.83 1.5 0 1.5 0 0 1.57075 0 0 0 0 0 0
5 2.83 50 0.00336885 5
6 2.83 -45.7992 1.13496 3.05409 -7.52514
0 2.85 -1.11322 -1.34371 0.330953 -1.00504 0.0460142 1.46575 -3.97523 -0.797622 0.474478 0.845621 -0.686082 2.52119
1 2.85 -1.27223 -1.37561 0.349933 -0.967662 0.116437 1.54305 -3.35499 -0.881393 -0.314758 1.70059 1.48887 0.102652
4 2.85 1.5 0 1.5 0 0 1.57075 0 0 0 0 0 0
5 2.85 50 0.00230432 5
6 2.85 -45.391 0.815129 2.31853 -7.72184
0 2.86 -1.16673 -1.35986 0.336709 -0.994104 0.0638977 1.48442 -4.06472 -0.769098 0.465332 0.95702 -0.562352 2.48942
1 2.86 -1.32932 -1.39062 0.355322 -0.951143 0.135105 1.55772 -3.49513 -0.842339 -0.299525 1.91571 0.799525 0.320413
4 2.86 1.5 0 1.5 0 0 1.57075 0 0 0 0 0 0
5 2.86 50 0.00324368 5
6 2.86 -41.9248 0.958161 1.3649 -6.92516
0 2.87 -1.23229 -1.38169 0.343566 -0.98075 0.0838645 1.50413 -4.17888 -0.740667 0.443587 1.0553 -0.442145 2.44617
1 2.87 -1.39944 -1.41131 0.36131 -0.932727 0.155326 1.57352 -3.61181 -0.810594 -0.329469 1.83169 0.53139 0.420833
4 2.87 1.5 0 1.5 0 0 1.57075 0 0 0 0 0 0
5 2.87 50 0.00327945 5
6 2.87 -42.0515 0.780237 0.902845 -6.46641
0 2.89 -1.29616 -1.39913 0.349825 -0.959568 0.112445 1.53117 -4.29396 -0.712289 0.416257 1.13745 -0.293359 2.3213
1 2.89 -1.46792 -1.42762 0.366475 -0.906968 0.181751 1.59446 -3.72696 -0.779565 -0.37251 2.17676 0.582678 0.217254
4 2.89 1.5 0 1.5 0 0 1.57075 0 0 0 0 0 0
5 2.89 50 0.00272751 5
6 2.89 -42.5735 1.10719 0.786096 -6.71754
0 2.9 -1.35427 -1.41769 0.354984 -0.945067 0.130665 1.54791 -4.40004 -0.689984 0.388738 1.14905 -0.267464 2.27016
1 2.9 -1.53027 -1.44529 0.370533 -0.890977 0.198001 1.6103 -3.82019 -0.757996 -0.420098 1.6941 0.941011 -0.289553
4 2.9 1.5 0 1.5 0 0 1.57075 0 0 0 0 0 0
5 2.9 50 0.00441861 7
6 2.9 -43.9244 0.560184 1.17015 -8.17222
0 2.91 -1.40683 -1.43169 0.3593 -0.928936 0.14988 1.56619 -4.495 -0.670164 0.362729 1.15094 -0.231397 2.18871
1 2.91 -1.58663 -1.4585 0.373809 -0.873863 0.214463 1.62669 -3.92709 -0.7362 -0.449614 1.98678 0.781144 -0.320153
4 2.91 1.5 0 1.5 0 0 1.57075 0 0 0 0 0 0
5 2.91 50 0.00344324 8
6 2.91 -43.4503 0.893804 0.952771 -8.00984
0 2.93 -1.46721 -1.44934 0.36372 -0.902731 0.179088 1.59405 -4.60806 -0.646537 0.328271 1.14655 -0.189964 2.07521
1 2.93 -1.65153 -1.4752 0.376851 -0.84648 0.239544 1.65237 -4.05568 -0.711125 -0.491765 1.54976 1.39049 -0.893518
4 2.93 1.5 0 1.5 0 0 1.57075 0 0 0 0 0 0
5 2.93 50 0.00308752 7
6 2.93 -42.9698 0.418905 1.61594 -9.4779
0 2.94 -1.52051 -1.4624 0.367124 -0.886816 0.195545 1.61034 -4.69759 -0.641374 0.296031 1.14403 -0.164326 2.00238
1 2.94 -1.70841 -1.48806 0.378966 -0.830021 0.25347 1.66712 -4.25208 -0.693992 -0.450714 2.26294 -0.142661 0.5324
4 2.94 1.5 0 1.5 0 0 1.57075 0 0 0 0 0 0
5 2.94 50 0.0031209 7
6 2.94 -35.0149 1.22504 -0.16515 -4.69312
0 2.95 -1.56744 -1.47608 0.369818 -0.876183 0.205894 1.62096 -4.77178 -0.636801 0.27112 1.14461 -0.156862 1.96574
1 2.95 -1.75831 -1.50155 0.380663 -0.818881 0.262289 1.6773 -4.30639 -0.692228 -0.498074 2.03288 0.0711296 0.188934
4 2.95 1.5 0 1.5 0 0 1.57075 0 0 0 0 0 0
5 2.95 50 0.00330687 7
6 2.95 -36.8333 0.968666 0.0749556 -5.67267
0 2.96 -1.6272 -1.49047 0.372859 -0.858257 0.222679 1.63833 -4.86328 -0.626353 0.241786 1.14819 -0.12896 1.88678
1 2.96 -1.82173 -1.51553 0.38253 -0.800273 0.276416 1.69292 -4.36364 -0.687107 -0.56721 1.90226 0.583862 -1.92647
4 2.96 1.5 0 1.5 0 0 1.57075 0 0 0 0 0 0
5 2.96 50 0.00400972 9
6 2.96 -40.0185 0.823835 0.63815 -12.174
0 2.97 -1.67277 -1.50292 0.374952 -0.843704 0.235614 1.65163 -4.93352 -0.617335 0.219354 1.15541 -0.108751 1.82014
1 2.97 -1.87011 -1.52761 0.383727 -0.785089 0.287116 1.70474 -4.5094 -0.670172 -0.53507 2.08653 -0.772256 0.19117
4 2.97 1.5 0 1.5 0 0 1.57075 0 0 0 0 0 0
5 2.97 50 0.00369477 7
6 2.97 -34.3072 1.02565 -0.935685 -5.20063
0 2.99 -1.73173 -1.51606 0.377302 -0.814221 0.260032 1.67794 -5.02012 -0.602831 0.192847 1.15969 -0.0855395 1.72368
1 2.99 -1.93254 -1.54017 0.385016 -0.754579 0.307821 1.72949 -4.45623 -0.677102 -0.703752 2.00856 2.39303 -1.59666
4 2.99 1.5 0 1.5 0 0 1.57075 0 0 0 0 0 0
5 2.99 50 0.00532508 8
6 2.99 -46.5543 0.937743 2.67792 -10.6003
0 3 -1.78986 -1.53052 0.379172 -0.799593 0.271449 1.69041 -5.09558 -0.593177 0.172498 1.15546 -0.0668743 1.65103
1 3 -1.99369 -1.55424 0.386072 -0.74003 0.316941 1.74019 -4.49309 -0.675215 -0.770881 2.03299 3.28394 -2.01829
4 3 1.5 0 1.5 0 0 1.57075 0 0 0 0 0 0
5 3 50 0.00387502 6
6 3 -50.2586 0.972842 3.68623 -11.7144
0 3.01 -1.8515 -1.54368 0.380949 -0.78729 0.280673 1.70078 -5.17362 -0.580424 0.151301 1.15744 -0.058887 1.61397
1 3.01 -2.05845 -1.5669 0.387001 -0.727377 0.324747 1.74994 -4.83536 -0.62784 -0.556275 2.12073 -0.846733 0.799607
4 3.01 1.5 0 1.5 0 0 1.57075 0 0 0 0 0 0
5 3.01 50 0.00334573 7
6 3.01 -28.4664 1.07006 -1.05886 -2.59993
0 3.02 -1.91188 -1.55779 0.382371 -0.773664 0.290395 1.71189 -5.25035 -0.5667 0.129507 1.16409 -0.0584447 1.56014
1 3.02 -2.12189 -1.58045 0.387551 -0.713271 0.332329 1.76019 -4.91344 -0.615567 -0.58333 2.03619 -1.17545 0.895377
4 3.02 1.5 0 1.5 0 0 1.57075 0 0 0 0 0 0
5 3.02 50 0.00405192 9
6 3.02 -28.6353 0.968342 -1.4322 -2.12233
0 3.03 -1.97838 -1.57061 0.38369 -0.758685 0.300441 1.7236 -5.33024 -0.549319 0.106895 1.17237 -0.0522098 1.51531
1 3.03 -2.19159 -1.59258 0.387965 -0.697716 0.340625 1.77115 -4.89034 -0.615715 -0.713424 2.39401 -0.108115 -0.722699
4 3.03 1.5 0 1.5 0 0 1.57075 0 0 0 0 0 0
5 3.03 50 0.0029552 6
6 3.03 -37.8084 1.36043 -0.211491 -7.14491
0 3.05 -2.05719 -1.58736 0.384756 -0.727764 0.319011 1.74683 -5.41879 -0.528196 0.08018 1.2459 -0.0842944 1.41381
1 3.05 -2.27395 -1.60849 0.387963 -0.66324 0.354112 1.79366 -4.97084 -0.601615 -0.768575 1.63882 1.44263 -1.36884
4 3.05 1.5 0 1.5 0 0 1.57075 0 0 0 0 0 0
5 3.05 50 0.00176001 3
6 3.05 -39.4246 0.42989 1.60577 -8.88374
0 3.06 -2.13458 -1.60046 0.385527 -0.707056 0.329038 1.76143 -5.50031 -0.505373 0.0574154 1.32936 -0.144223 1.33942
1 3.06 -2.35459 -1.62068 0.387823 -0.638693 0.359456 1.80843 -5.19761 -0.557624 -0.653218 2.36099 -0.053377 -0.0801629
4 3.06 1.5 0 1.5 0 0 1.57075 0 0 0 0 0 0
5 3.06 50 0.00275731 6
6 3.06 -27.0911 1.1385 -0.0434567 -4.53222
0 3.07 -2.18871 -1.61258 0.385747 -0.694161 0.334358 1.77004 -5.5549 -0.491862 0.0427573 1.35951 -0.163404 1.29027
1 3.07 -2.41091 -1.63226 0.387457 -0.624547 0.362351 1.81646 -5.04242 -0.583161 -0.899236 1.90631 1.9472 -1.57998
4 3.07 1.5 0 1.5 0 0 1.57075 0 0 0 0 0 0
5 3.07 50 0.00261736 5
6 3.07 -46.3655 0.594578 2.27605 -9.16352
0 3.08 -2.25722 -1.62492 0.385907 -0.672403 0.342425 1.78422 -5.62019 -0.473051 0.0260073 1.38867 -0.173331 1.22574
1 3.08 -2.48202 -1.64384 0.386947 -0.601644 0.367539 1.82952 -5.12452 -0.566157 -0.916172 1.88539 2.12441 -1.83226
4 3.08 1.5 0 1.5 0 0 1.57075 0 0 0 0 0 0
5 3.08 50 0.0020349 3
6 3.08 -45.6963 0.538402 2.49507 -9.76295
0 3.09 -2.30917 -1.63597 0.385815 -0.654647 0.348298 1.79525 -5.66782 -0.458887 0.0133547 1.4193 -0.179867 1.16224
1 3.09 -2.53588 -1.65433 0.386349 -0.582893 0.370897 1.83914 -5.3614 -0.519073 -0.728477 2.57326 -0.615272 -0.261679
4 3.09 1.5 0 1.5 0 0 1.57075 0 0 0 0 0 0
5 3.09 50 0.00200105 4
6 3.09 -28.7041 1.27407 -0.636371 -4.54614
0 3.11 -2.37625 -1.64729 0.38562 -0.623182 0.357053 1.81405 -5.72515 -0.439489 -0.000939411 1.45581 -0.190461 1.08475
1 3.11 -2.60525 -1.66487 0.385582 -0.550147 0.37619 1.8564 -5.5098 -0.485248 -0.651435 2.33649 -0.529653 -0.255301
4 3.11 1.5 0 1.5 0 0 1.57075 0 0 0 0 0 0
5 3.11 50 0.00201654 4
6 3.11 -20.7783 0.968497 -0.520148 -4.27844
0 3.12 -2.42788 -1.65775 0.385279 -0.600408 0.362402 1.82672 -5.76701 -0.424897 -0.0116672 1.4836 -0.194221 1.00682
1 3.12 -2.65856 -1.67475 0.384812 -0.526801 0.378745 1.86695 -5.5065 -0.483652 -0.727922 2.48482 -0.341419 -0.504009
4 3.12 1.5 0 1.5 0 0 1.57075 0 0 0 0 0 0
5 3.12 50 0.00306201 7
6 3.12 -25.7107 1.10428 -0.292778 -4.82364
0 3.13 -2.4949 -1.66839 0.384798 -0.581719 0.366007 1.83654 -5.81735 -0.404391 -0.023676 1.51248 -0.200235 0.916232
1 3.13 -2.72759 -1.68457 0.383851 -0.507796 0.379452 1.87405 -5.41618 -0.49944 -0.93025 2.43328 1.09593 -1.62653
4 3.13 1.5 0 1.5 0 0 1.57075 0 0 0 0 0 0
5 3.13 50 0.00234342 5
6 3.13 -40.3667 1.01529 1.37218 -8.11811
0 3.14 -2.57701 -1.68343 0.383731 -0.568203 0.368267 1.84325 -5.86643 -0.40602 -0.0444736 1.52342 -0.204793 0.886254
1 3.14 -2.81167 -1.69967 0.381952 -0.494035 0.380438 1.88 -5.48796 -0.499032 -0.932957 2.58949 -1.96589 0.992356
4 3.14 1.5 0 1.5 0 0 1.57075 0 0 0 0 0 0
5 3.14 50 0.00201297 4
6 3.14 -38.6403 1.17799 -2.13253 0.338376
0 3.15 -2.65654 -1.69553 0.382621 -0.544468 0.371345 1.85474 -5.91222 -0.39994 -0.060683 1.54273 -0.220983 0.834952
1 3.15 -2.89303 -1.71153 0.380194 -0.469851 0.381083 1.89031 -5.58307 -0.486072 -0.902206 2.51718 0.00574217 -1.31675
4 3.15 1.5 0 1.5 0 0 1.57075 0 0 0 0 0 0
5 3.15 50 0.00182533 4
6 3.15 -34.5111 1.07523 0.153287 -6.86968
0 3.17 -2.73474 -1.70909 0.381446 -0.512535 0.374252 1.86937 -5.95166 -0.387731 -0.0751287 1.57235 -0.238373 0.751514
1 3.17 -2.97281 -1.7246 0.378441 -0.437515 0.380683 1.90254 -6.41983 -0.254331 0.207725 0.807116 16.1209 -9.09475
4 3.17 1.5 0 1.5 0 0 1.57075 0 0 0 0 0 0
5 3.17 50 0.00673556 14
6 3.17 50.9866 -0.870877 18.6714 -31.4346
0 3.18 -2.79505 -1.71772 0.380469 -0.491481 0.375789 1.87831 -5.97795 -0.375322 -0.0882707 1.6677 -0.193173 0.706738
1 3.18 -3.03417 -1.73274 0.376938 -0.413501 0.382318 1.90902 -5.08812 -0.644252 -1.81299 1.19634 3.49623 -5.33741
4 3.18 1.5 0 1.5 0 0 1.57075 0 0 0 0 0 0
5 3.18 50 0.00196624 4
6 3.18 -99.5041 -0.538578 4.13517 -19.2963
0 3.19 -2.85144 -1.72761 0.379473 -0.469206 0.377784 1.88628 -5.99801 -0.361479 -0.100315 1.79111 -0.122365 0.673775
1 3.19 -3.09136 -1.74207 0.37546 -0.387144 0.385605 1.91452 -5.48211 -0.528739 -1.29675 0.957698 5.0935 -8.38794
4 3.19 1.5 0 1.5 0 0 1.57075 0 0 0 0 0 0
5 3.19 50 0.00145578 3
6 3.19 -59.4029 -0.939259 5.88418 -28.9298
0 3.2 -2.91849 -1.73677 0.378184 -0.453674 0.379133 1.89127 -6.02017 -0.342569 -0.111044 1.85006 -0.0997235 0.641215
1 3.2 -3.15929 -1.75047 0.373743 -0.36979 0.386788 1.91797 -6.02396 -0.341278 -0.497373 8.49619 2.36283 -7.75478
4 3.2 1.5 0 1.5 0 0 1.57075 0 0 0 0 0 0
5 3.2 50 0.00495481 10
6 3.2 0.445267 7.43118 2.72695 -26.8044
0 3.21 -3.00146 -1.74972 0.376402 -0.427192 0.381056 1.89917 -6.05069 -0.323935 -0.119055 1.90046 -0.108486 0.587907
1 3.21 -3.24349 -1.76268 0.371639 -0.341879 0.38685 1.92416 -6.35049 -0.212244 -0.00623307 7.38775 4.2455 -6.7751
4 3.21 1.5 0 1.5 0 0 1.57075 0 0 0 0 0 0
5 3.21 50 0.00488257 11
6 3.21 36.6275 6.13455 4.90275 -23.5066
0 3.23 -3.0823 -1.7599 0.374639 -0.389965 0.382591 1.90905 -6.07639 -0.301868 -0.124497 1.95025 -0.13622 0.504719
1 3.23 -3.32535 -1.77197 0.369659 -0.303607 0.385226 1.93141 -5.97274 -0.345583 -0.704843 1.82324 5.58522 -9.97187
4 3.23 1.5 0 1.5 0 0 1.57075 0 0 0 0 0 0
5 3.23 50 0.00316286 7
6 3.23 -13.4161 -0.14774 6.48269 -33.4468
0 3.24 -3.13933 -1.76896 0.373311 -0.36315 0.382762 1.91564 -6.08894 -0.284255 -0.126904 1.98568 -0.16835 0.432876
1 3.24 -3.38288 -1.78033 0.368235 -0.276243 0.382618 1.93567 -5.21956 -0.684974 -2.18595 2.4541 5.25152 -5.41138
4 3.24 1.5 0 1.5 0 0 1.57075 0 0 0 0 0 0
5 3.24 50 0.000748873 1
6 3.24 -117.723 0.518154 6.14704 -18.6582
0 3.25 -3.20034 -1.77667 0.371917 -0.346769 0.382421 1.91924 -6.10045 -0.263855 -0.127869 2.00643 -0.189752 0.389441
1 3.25 -3.44435 -1.78723 0.366803 -0.259582 0.380577 1.93781 -5.3737 -0.617618 -1.96385 2.02427 4.51325 -5.36592
4 3.25 1.5 0 1.5 0 0 1.57075 0 0 0 0 0 0
5 3.25 50 0.00083065 1
6 3.25 -101.336 0.0139185 5.33105 -18.3744
0 3.26 -3.28499 -1.78821 0.369907 -0.319789 0.38127 1.92451 -6.11129 -0.235299 -0.126867 2.03474 -0.230478 0.320016
1 3.26 -3.52944 -1.79762 0.364833 -0.232367 0.376543 1.94072 -6.15813 -0.210326 -0.420361 4.50981 6.2852 -5.37764
4 3.26 1.5 0 1.5 0 0 1.57075 0 0 0 0 0 0
5 3.26 50 0.00574851 12
6 3.26 6.87522 2.76334 7.42157 -18.1903
0 3.27 -3.34443 -1.79468 0.36855 -0.303476 0.380053 1.92738 -6.11658 -0.213652 -0.125498 2.05779 -0.259665 0.27996
1 3.27 -3.5891 -1.80323 0.36353 -0.215655 0.373487 1.94223 -5.90055 -0.335376 -0.992211 2.68324 2.23069 -6.28074
4 3.27 1.5 0 1.5 0 0 1.57075 0 0 0 0 0 0
5 3.27 50 0.00261188 5
6 3.27 -32.782 0.693879 2.80946 -20.9456
0 3.28 -3.41762 -1.8046 0.366774 -0.281448 0.37801 1.93091 -6.12677 -0.192226 -0.123157 2.07635 -0.290978 0.244208
1 3.28 -3.66269 -1.81229 0.361848 -0.193384 0.369542 1.94448 -6.08511 -0.217553 -0.612216 3.60596 2.62245 -5.10763
4 3.28 1.5 0 1.5 0 0 1.57075 0 0 0 0 0 0
5 3.28 50 0.00299644 6
6 3.28 -6.63098 1.70568 3.30058 -17.0864
0 3.3 -3.51266 -1.81424 0.364639 -0.232567 0.371413 1.93673 -6.1324 -0.160146 -0.117595 2.14464 -0.389157 0.116221
1 3.3 -3.75795 -1.82065 0.359935 -0.143622 0.357337 1.94544 -6.00813 -0.250121 -0.839881 1.11543 8.42292 -8.9321
4 3.3 1.5 0 1.5 0 0 1.57075 0 0 0 0 0 0
5 3.3 50 0.00274301 5
6 3.3 -22.2839 -1.1553 10.0896 -28.8877
0 3.31 -3.57344 -1.8223 0.363202 -0.210364 0.367392 1.93843 -6.12655 -0.137507 -0.112603 2.17719 -0.443102 0.0629339
1 3.31 -3.81851 -1.8278 0.358698 -0.120905 0.350584 1.94504 -5.99919 -0.237749 -0.866996 3.70752 3.00618 -7.28749
4 3.31 1.5 0 1.5 0 0 1.57075 0 0 0 0 0 0
5 3.31 50 0.00514245 11
6 3.31 -24.293 1.71001 3.94608 -23.4673
0 3.32 -3.64365 -1.82913 0.361709 -0.188354 0.362852 1.93973 -6.11682 -0.109751 -0.105962 2.2052 -0.486765 0.000723162
1 3.32 -3.88832 -1.83352 0.357471 -0.098751 0.343732 1.94366 -6.12858 -0.0996589 -0.462393 3.93357 4.19946 -6.52047
4 3.32 1.5 0 1.5 0 0 1.57075 0 0 0 0 0 0
5 3.32 50 0.0044682 10
6 3.32 2.39896 1.93386 5.37648 -20.8201
0 3.33 -3.74035 -1.83977 0.359642 -0.166015 0.357645 1.94014 -6.11309 -0.0791749 -0.0972035 2.24164 -0.547229 -0.0505551
1 3.33 -3.98488 -1.84294 0.355754 -0.0757431 0.335723 1.94188 -6.20955 0.0115948 -0.169924 3.48803 -4.70501 10.8867
4 3.33 1.5 0 1.5 0 0 1.57075 0 0 0 0 0 0
5 3.33 50 0.00904918 20
6 3.33 21.1945 1.39686 -4.76092 34.9159
0 3.35 -3.83372 -1.84772 0.357888 -0.12708 0.346914 1.93946 -6.09684 -0.0649268 -0.0871849 2.27523 -0.628105 -0.11682
1 3.35 -4.07759 -1.85032 0.354401 -0.0365956 0.3214 1.93792 -6.12973 -0.02804 -0.351631 4.46813 2.28073 -5.34678
4 3.35 1.5 0 1.5 0 0 1.57075 0 0 0 0 0 0
5 3.35 50 0.00204897 4
6 3.35 8.40138 2.45965 3.35942 -16.6983
0 3.36 -3.91641 -1.85643 0.356311 -0.104528 0.339737 1.93863 -6.05982 -0.0420632 -0.0731519 2.30189 -0.687912 -0.160486
1 3.36 -4.1588 -1.85812 0.353385 -0.0136947 0.311701 1.9349 -5.74338 -0.439168 -1.83588 1.87639 2.17378 -3.55164
4 3.36 1.5 0 1.5 0 0 1.57075 0 0 0 0 0 0
5 3.36 50 0.00103712 1
6 3.36 -89.5097 -0.467064 3.31393 -10.8281
0 3.37 -3.98635 -1.86154 0.355268 -0.0765673 0.330044 1.93665 -6.02548 -0.0174828 -0.0570235 2.34918 -0.779819 -0.202582
1 3.37 -4.22737 -1.86224 0.352987 0.0154495 0.298322 1.93064 -5.93483 -0.150477 -0.906622 3.92488 1.82299 -6.96687
4 3.37 1.5 0 1.5 0 0 1.57075 0 0 0 0 0 0
5 3.37 50 0.00144529 2
6 3.37 -29.688 1.77599 3.02574 -21.5971
0 3.39 -4.06016 -1.86882 0.354115 -0.0350105 0.314191 1.93327 -5.98775 0.009117 -0.0368651 2.40707 -0.898399 -0.218047
1 3.39 -4.29967 -1.86845 0.352641 0.0588484 0.277971 1.92542 -5.9754 -0.0148795 -0.511789 3.12931 1.89709 -5.99308
4 3.39 1.5 0 1.5 0 0 1.57075 0 0 0 0 0 0
5 3.39 50 0.00300121 5
6 3.39 -5.31804 0.824146 3.25087 -18.4393
0 3.4 -4.12972 -1.87353 0.353411 -0.0128163 0.305122 1.93086 -5.94797 0.0372898 -0.015572 2.43416 -0.957634 -0.241663
1 3.4 -4.36764 -1.87203 0.352788 0.0816604 0.266696 1.92124 -5.95053 0.043288 -0.38729 2.36066 3.55181 -8.75718
4 3.4 1.5 0 1.5 0 0 1.57075 0 0 0 0 0 0
5 3.4 50 0.00264192 5
6 3.4 1.32821 -0.0633042 5.22258 -27.1884
0 3.41 -4.20411 -1.87989 0.352646 0.0106537 0.294963 1.92782 -5.89662 0.0687588 0.00912954 2.46427 -1.02933 -0.276556
1 3.41 -4.43997 -1.87714 0.353011 0.105731 0.253911 1.9158 -5.96552 0.27641 0.336345 0.22174 3.5079 -24.8985
4 3.41 1.5 0 1.5 0 0 1.57075 0 0 0 0 0 0
5 3.41 50 0.00818872 20
6 3.41 46.0685 -2.4859 5.26218 -78.6085
0 3.42 -4.26951 -1.88348 0.352402 0.0351332 0.283775 1.92412 -5.84887 0.0977104 0.0312729 2.49315 -1.10183 -0.321488
1 3.42 -4.50347 -1.87957 0.353653 0.130659 0.240181 1.90912 -5.84046 0.0615342 -0.487485 2.44206 2.26069 -9.60264
4 3.42 1.5 0 1.5 0 0 1.57075 0 0 0 0 0 0
5 3.42 50 0.00190949 4
6 3.42 -8.06683 -0.0281858 3.92437 -29.6332
0 3.43 -4.34034 -1.88887 0.352138 0.0640089 0.269747 1.91891 -5.80761 0.123191 0.0517231 2.53157 -1.21914 -0.389933
1 3.43 -4.57264 -1.88394 0.354206 0.160106 0.222079 1.89952 -5.80709 0.118532 -0.357163 1.29778 2.70364 -18.6159
4 3.43 1.5 0 1.5 0 0 1.57075 0 0 0 0 0 0
5 3.43 50 0.00279927 6
6 3.43 -1.04979 -1.34161 4.58257 -58.1899
0 3.45 -4.41868 -1.89254 0.352353 0.112164 0.244235 1.9068 -5.75462 0.15362 0.0747626 2.57934 -1.37584 -0.482623
1 3.45 -4.64887 -1.88639 0.355343 0.209022 0.191708 1.88068 -5.75322 0.167632 -0.266417 0.866716 -3.01201 2.77505
4 3.45 1.5 0 1.5 0 0 1.57075 0 0 0 0 0 0
5 3.45 50 0.00277567 6
6 3.45 3.25368 -1.86195 -1.77396 10.3961
0 3.46 -4.48955 -1.89705 0.352561 0.135825 0.230929 1.89954 -5.69378 0.182271 0.0970233 2.58887 -1.44167 -0.520728
1 3.46 -4.7173 -1.88976 0.356442 0.232692 0.176613 1.87032 -5.69466 0.17813 -0.310839 2.34367 -1.71304 -2.72008
4 3.46 1.5 0 1.5 0 0 1.57075 0 0 0 0 0 0
5 3.46 50 0.00164485 3
6 3.46 -0.981959 -0.212948 -0.199532 -7.02568
0 3.47 -4.55982 -1.89934 0.35329 0.153786 0.220489 1.89368 -5.62888 0.211562 0.119198 2.60384 -1.52215 -0.562532
1 3.47 -4.78498 -1.89088 0.358058 0.250866 0.163768 1.86134 -5.61433 0.259658 -0.0902958 1.45976 -2.39307 1.95237
4 3.47 1.5 0 1.5 0 0 1.57075 0 0 0 0 0 0
5 3.47 50 0.00154996 3
6 3.47 11.6181 -1.21007 -0.877736 8.02432
0 3.48 -4.62651 -1.90297 0.353968 0.184207 0.202059 1.8825 -5.57605 0.234353 0.138257 2.62764 -1.63405 -0.611321
1 3.48 -4.84955 -1.89359 0.359499 0.281936 0.142282 1.84574 -5.53274 0.327169 0.11227 0.773214 -2.66145 3.40162
4 3.48 1.5 0 1.5 0 0 1.57075 0 0 0 0 0 0
5 3.48 50 0.00201845 4
6 3.48 23.3031 -1.99321 -1.04552 12.8064
0 3.5 -4.71486 -1.90495 0.355606 0.226576 0.17497 1.865 -5.49236 0.266762 0.168227 2.64892 -1.76897 -0.643048
1 3.5 -4.93455 -1.89428 0.362335 0.325291 0.111798 1.8234 -5.43611 0.343941 0.101384 -0.650873 -3.41486 7.50938
4 3.5 1.5 0 1.5 0 0 1.57075 0 0 0 0 0 0
5 3.5 50 0.00546074 12
6 3.5 20.7806 -3.5991 -1.74708 26.0213
0 3.51 -4.76564 -1.90755 0.356409 0.250919 0.158951 1.85404 -5.42273 0.287289 0.190401 2.65536 -1.84335 -0.641705
1 3.51 -4.98254 -1.89606 0.364025 0.350213 0.0938995 1.81031 -5.39909 0.313478 -0.0863585 -0.118914 -3.05046 4.94481
4 3.51 1.5 0 1.5 0 0 1.57075 0 0 0 0 0 0
5 3.51 50 0.00758862 18
6 3.51 7.40532 -3.00739 -1.24361 17.8294
0 3.52 -4.82229 -1.90861 0.357875 0.275683 0.142068 1.84292 -5.34295 0.310129 0.216885 2.67277 -1.97111 -0.611823
1 3.52 -5.03601 -1.8962 0.366551 0.376156 0.0728627 1.79745 -5.26951 0.376671 0.134598 1.39602 -1.45039 0.922355
4 3.52 1.5 0 1.5 0 0 1.57075 0 0 0 0 0 0
5 3.52 50 0.00854087 20
6 3.52 19.9407 -1.32991 0.733077 4.89188
0 3.53 -4.89897 -1.91075 0.360111 0.307086 0.119689 1.82848 -5.26905 0.331713 0.245919 2.68324 -2.08552 -0.562935
1 3.53 -5.10973 -1.89748 0.369948 0.408801 0.0469777 1.78146 -5.00488 0.51943 0.80307 2.07229 -0.714602 -0.615222
4 3.53 1.5 0 1.5 0 0 1.57075 0 0 0 0 0 0
5 3.53 50 0.00911379 20
6 3.53 61.454 -0.587553 1.69817 -0.173287
0 3.54 -4.96884 -1.91147 0.362724 0.333353 0.100202 1.81605 -5.19181 0.333553 0.27311 2.69105 -2.18159 -0.512902
1 3.54 -5.17651 -1.89813 0.373649 0.436175 0.0244555 1.76787 -5.02386 0.431165 0.416948 1.21472 -0.941894 0.378817
4 3.54 1.5 0 1.5 0 0 1.57075 0 0 0 0 0 0
5 3.54 50 0.00867319 20
6 3.54 34.9332 -1.56034 1.53681 2.84014
0 3.56 -5.04893 -1.91288 0.365987 0.379122 0.065229 1.79359 -5.07814 0.339653 0.308995 2.69127 -2.27741 -0.461175
1 3.56 -5.25206 -1.89929 0.378347 0.483451 -0.0125713 1.74263 -4.77877 0.460955 0.715034 1.83806 -0.337426 -0.666629
4 3.56 1.5 0 1.5 0 0 1.57075 0 0 0 0 0 0
5 3.56 50 0.00180864 3
6 3.56 52.7547 -0.868735 2.32873 -0.66288
0 3.57 -5.1137 -1.91245 0.369357 0.409316 0.0419525 1.77808 -4.97825 0.347467 0.340391 2.66839 -2.36213 -0.459306
1 3.57 -5.31283 -1.89855 0.382972 0.513765 -0.0374156 1.72357 -4.62378 0.458541 0.799547 1.80003 -0.268562 -0.799833
4 3.57 1.5 0 1.5 0 0 1.57075 0 0 0 0 0 0
5 3.57 50 0.00213742 4
6 3.57 56.9044 -0.882863 2.50365 -1.0943
0 3.58 -5.18281 -1.91317 0.373026 0.429347 0.0264428 1.76713 -4.87421 0.354651 0.371881 2.65459 -2.41347 -0.476335
1 3.58 -5.37778 -1.89899 0.387902 0.534009 -0.0534023 1.7096 -4.48213 0.456447 0.862476 1.77748 -0.226971 -0.797269
4 3.58 1.5 0 1.5 0 0 1.57075 0 0 0 0 0 0
5 3.58 50 0.0029068 6
6 3.58 59.503 -0.887361 2.6135 -1.03186
0 3.59 -5.24572 -1.9124 0.37711 0.461234 0.00178102 1.74815 -4.77246 0.36172 0.400309 2.63358 -2.4931 -0.514408
1 3.59 -5.43662 -1.89793 0.393122 0.566466 -0.0783647 1.68534 -4.39523 0.430728 0.779528 1.65209 -0.187979 -0.752067
4 3.59 1.5 0 1.5 0 0 1.57075 0 0 0 0 0 0
5 3.59 50 0.00130796 2
6 3.59 52.7767 -0.993283 2.75709 -0.76619
0 3.61 -5.30186 -1.91268 0.380689 0.513491 -0.0382837 1.71376 -4.66068 0.36558 0.425514 2.57872 -2.63069 -0.592498
1 3.61 -5.48829 -1.89805 0.39771 0.61941 -0.118299 1.64138 -4.2418 0.397141 0.775735 1.52922 -0.140916 -0.701859
4 3.61 1.5 0 1.5 0 0 1.57075 0 0 0 0 0 0
5 3.61 50 0.00244164 5
6 3.61 52.2584 -1.04678 2.98331 -0.356846
0 3.62 -5.35761 -1.91155 0.385032 0.539912 -0.0582277 1.69454 -4.54731 0.367682 0.448032 2.55406 -2.70668 -0.641066
1 3.62 -5.5395 -1.89684 0.402953 0.646601 -0.137912 1.61676 -4.11739 0.379269 0.768694 1.46504 -0.0925489 -0.685065
4 3.62 1.5 0 1.5 0 0 1.57075 0 0 0 0 0 0
5 3.62 50 0.00200963 4
6 3.62 51.0044 -1.07657 3.13505 -0.148323
0 3.63 -5.41934 -1.91128 0.389836 0.560121 -0.0733329 1.67904 -4.43846 0.365703 0.466827 2.53024 -2.76334 -0.670962
1 3.63 -5.59687 -1.89665 0.408509 0.667315 -0.152717 1.59736 -4.00187 0.362186 0.764072 1.41131 -0.0722686 -0.692582
4 3.63 1.5 0 1.5 0 0 1.57075 0 0 0 0 0 0
5 3.63 50 0.00231433 5
6 3.63 49.9942 -1.1003 3.22834 -0.0769684
0 3.65 -5.4892 -1.90936 0.396232 0.620057 -0.117293 1.62903 -4.30452 0.360154 0.484816 2.43487 -2.93168 -0.761964
1 3.65 -5.66138 -1.89495 0.415625 0.728405 -0.19502 1.53544 -3.83619 0.311166 0.738763 1.2556 0.049205 -0.668135
4 3.65 1.5 0 1.5 0 0 1.57075 0 0 0 0 0 0
5 3.65 50 0.00172758 3
6 3.65 48.9806 -1.13676 3.57392 0.291438
0 3.66 -5.54624 -1.90898 0.40121 0.647125 -0.136599 1.60489 -4.16051 0.34718 0.496096 2.38187 -3.01974 -0.811922
1 3.66 -5.71266 -1.89509 0.421054 0.755971 -0.213388 1.50523 -3.67234 0.276296 0.740148 1.18373 0.12511 -0.726572
4 3.66 1.5 0 1.5 0 0 1.57075 0 0 0 0 0 0
5 3.66 50 0.00117779 2
6 3.66 49.3209 -1.14004 3.76856 0.264305
0 3.67 -5.58572 -1.90799 0.405129 0.668325 -0.1513 1.58501 -4.06046 0.335512 0.501437 2.34414 -3.06404 -0.847991
1 3.67 -5.74814 -1.89457 0.425186 0.777729 -0.226475 1.48125 -3.56287 0.247831 0.730457 1.12322 0.173492 -0.743821
4 3.67 1.5 0 1.5 0 0 1.57075 0 0 0 0 0 0
5 3.67 50 0.00125432 2
6 3.67 49.0556 -1.15354 3.87937 0.3244
0 3.69 -5.64807 -1.90749 0.411117 0.727614 -0.190746 1.52496 -3.92306 0.311524 0.504181 2.17109 -3.25335 -0.950528
1 3.69 -5.80499 -1.89503 0.431285 0.836652 -0.262638 1.4079 -2.45106 -0.0730938 1.7523 0.374037 1.935 -8.01113
4 3.69 1.5 0 1.5 0 0 1.57075 0 0 0 0 0 0
5 3.69 50 0.00538468 9
6 3.69 137.041 -1.75775 6.12389 -22.549
0 3.7 -5.69662 -1.90641 0.416311 0.754619 -0.20819 1.49464 -3.80894 0.287867 0.503334 2.10652 -3.32555 -0.999434
1 3.7 -5.84898 -1.8949 0.436445 0.864282 -0.277717 1.37174 -2.49673 -0.107347 1.50371 -0.923322 2.04015 -1.02877
4 3.7 1.5 0 1.5 0 0 1.57075 0 0 0 0 0 0
5 3.7 50 0.00451303 10
6 3.7 119.679 -3.11822 6.33082 -0.101615
0 3.71 -5.7611 -1.90631 0.422831 0.782828 -0.225542 1.46188 -3.66213 0.248814 0.496204 2.06778 -3.36818 -1.02561
1 3.71 -5.90759 -1.89636 0.44268 0.894015 -0.292119 1.33455 -2.22919 -0.242044 1.5516 -0.246571 3.20679 -1.11311
4 3.71 1.5 0 1.5 0 0 1.57075 0 0 0 0 0 0
5 3.71 50 0.00616336 14
6 3.71 128.338 -2.30695 7.71951 -0.287254
0 3.72 -5.7999 -1.90591 0.427079 0.809504 -0.241285 1.42987 -3.56791 0.222291 0.490394 1.96315 -3.46346 -1.07524
1 3.72 -5.94262 -1.89702 0.446695 0.920012 -0.30572 1.29603 -2.20538 -0.298063 1.41389 0.0213948 0.991798 -2.92082
4 3.72 1.5 0 1.5 0 0 1.57075 0 0 0 0 0 0
5 3.72 50 0.00905371 17
6 3.72 120.319 -1.868 5.2867 -5.89975
0 3.74 -5.84144 -1.90667 0.431154 0.863879 -0.271539 1.35991 -3.44777 0.169602 0.478093 1.79 -3.60452 -1.1632
1 3.74 -5.97935 -1.89988 0.450277 0.974415 -0.329805 1.21474 -1.72789 -0.631913 1.60766 0.914663 2.49213 -1.19307
4 3.74 1.5 0 1.5 0 0 1.57075 0 0 0 0 0 0
5 3.74 50 0.00510907 12
6 3.74 148.987 -0.636423 7.16752 -0.1027
0 3.75 -5.8834 -1.90722 0.435749 0.891243 -0.285714 1.32242 -3.32128 0.11338 0.461514 1.70541 -3.66846 -1.19783
1 3.75 -6.01625 -1.90268 0.454209 1.00183 -0.340662 1.17208 -1.66361 -0.733385 1.47602 6.0775 6.81637 5.69598
4 3.75 1.5 0 1.5 0 0 1.57075 0 0 0 0 0 0
5 3.75 50 0.00475764 9
6 3.75 142.914 5.25144 12.1989 22.0014
0 3.76 -5.92854 -1.90882 0.440069 0.911807 -0.295786 1.29349 -3.1987 0.0538477 0.440911 1.61549 -3.7309 -1.23451
1 3.76 -6.05649 -1.90667 0.457706 1.02159 -0.348125 1.13854 -0.149447 -1.60936 2.55859 7.90793 -1.18684 1.67977
4 3.76 1.5 0 1.5 0 0 1.57075 0 0 0 0 0 0
5 3.76 50 0.00434542 10
6 3.76 262.481 7.41744 3.08428 9.297
0 3.77 -5.96382 -1.91014 0.44371 0.941055 -0.309337 1.2505 -3.09653 0.00234374 0.421582 1.48425 -3.81579 -1.28416
1 3.77 -6.08768 -1.91005 0.460574 1.04952 -0.357714 1.08924 -1.9905 -0.65854 0.902297 -5.95387 7.20482 -2.40806
4 3.77 1.5 0 1.5 0 0 1.57075 0 0 0 0 0 0
5 3.77 50 0.00666428 12
6 3.77 95.3298 -7.9217 12.8023 -3.59448
0 3.78 -6.00009 -1.91238 0.446882 0.972714 -0.322758 1.20192 -2.97546 -0.0615424 0.395803 1.39159 -3.86873 -1.31342
1 3.78 -6.11911 -1.91484 0.462714 1.08104 -0.366473 1.03587 -1.35527 -1.12701 1.2281 2.13851 5.32728 1.29767
4 3.78 1.5 0 1.5 0 0 1.57075 0 0 0 0 0 0
5 3.78 50 0.00569654 10
6 3.78 140.477 1.25141 10.7024 8.32978
0 3.8 -6.03898 -1.91526 0.45061 1.0256 -0.342308 1.11701 -2.83679 -0.140706 0.364378 1.20584 -3.98903 -1.35193
1 3.8 -6.15246 -1.92089 0.465185 1.13244 -0.378817 0.942407 -1.83484 -0.909731 0.679085 -8.1913 7.55624 -9.16221
4 3.8 1.5 0 1.5 0 0 1.57075 0 0 0 0 0 0
5 3.8 50 0.00740194 16
6 3.8 88.6604 -10.0733 13.3814 -24.9398
0 3.81 -6.06803 -1.91825 0.452713 1.05431 -0.351404 1.06842 -2.71225 -0.215996 0.333732 1.11915 -4.03158 -1.37321
1 3.81 -6.17652 -1.92689 0.466063 1.16044 -0.383276 0.890173 -0.675687 -1.9155 1.32937 -3.40874 1.36091 -1.26511
4 3.81 1.5 0 1.5 0 0 1.57075 0 0 0 0 0 0
5 3.81 50 0.00396657 9
6 3.81 183.367 -4.61339 6.31439 0.339985
0 3.82 -6.10402 -1.92312 0.455589 1.07775 -0.357893 1.0276 -2.55576 -0.321106 0.290008 1.02147 -4.0734 -1.3997
1 3.82 -6.20625 -1.93596 0.467189 1.1822 -0.385693 0.846069 -0.792455 -1.89671 1.06714 11.7869 -1.00617 11.3005
4 3.82 1.5 0 1.5 0 0 1.57075 0 0 0 0 0 0
5 3.82 50 0.00248313 5
6 3.82 161.583 12.512 3.63769 40.5406
0 3.85 -6.13626 -1.92881 0.457095 1.1282 -0.368923 0.933963 -2.4286 -0.415841 0.248619 0.751466 -4.18123 -1.47761
1 3.85 -6.2334 -1.94544 0.467039 1.22648 -0.387145 0.744788 -1.71627 -1.15831 0.304568 -15.7876 9.49084 -9.58809
4 3.85 1.5 0 1.5 0 0 1.57075 0 0 0 0 0 0
5 3.85 50 0.00588727 13
6 3.85 68.7445 -18.0003 15.7784 -25.8963
0 3.85 -6.16756 -1.93565 0.458632 1.15198 -0.372518 0.886795 -2.29998 -0.519505 0.202404 0.660851 -4.20525 -1.50946
1 3.85 -6.25956 -1.95643 0.466728 1.24806 -0.385765 0.695445 -1.37688 -1.55897 0.37898 -3.10661 16.277 12.0778
4 3.85 1.5 0 1.5 0 0 1.57075 0 0 0 0 0 0
5 3.85 50 0.00933075 19
6 3.85 92.004 -3.69616 23.5825 43.3743
0 3.86 -6.1972 -1.94361 0.459036 1.17522 -0.374928 0.838645 -2.15485 -0.645468 0.145502 0.547521 -4.2312 -1.53558
1 3.86 -6.28339 -1.96943 0.464856 1.2679 -0.383466 0.645373 -2.04158 -0.783583 -0.178287 -15.3174 9.90503 -10.3748
4 3.86 1.5 0 1.5 0 0 1.57075 0 0 0 0 0 0
5 3.86 50 0.00498986 11
6 3.86 11.7201 -17.2198 16.2886 -28.2217
0 3.87 -6.21698 -1.9501 0.459245 1.19744 -0.376259 0.78973 -2.05643 -0.737527 0.105081 0.418363 -4.25788 -1.54141
1 3.87 -6.29924 -1.9796 0.463448 1.28571 -0.380971 0.59504 -1.57162 -1.37956 0.00279464 -7.0715 11.8017 -1.08625
4 3.87 1.5 0 1.5 0 0 1.57075 0 0 0 0 0 0
5 3.87 50 0.00620794 13
6 3.87 52.3825 -7.84355 18.479 1.45108
0 3.89 -6.23788 -1.95804 0.458436 1.21845 -0.37675 0.740782 -1.96104 -0.836021 0.062673 0.292805 -4.27931 -1.53154
1 3.89 -6.31632 -1.99148 0.460943 1.30209 -0.378324 0.545273 -1.63898 -1.30045 -0.138236 -0.244245 4.41998 -0.248087
4 3.89 1.5 0 1.5 0 0 1.57075 0 0 0 0 0 0
5 3.89 50 0.00351334 6
6 3.89 36.5499 -0.0647505 10.0181 4.096
0 3.89 -6.25798 -1.96715 0.457574 1.2383 -0.376502 0.691394 -1.86636 -0.941778 0.0182435 0.116587 -4.30605 -1.51625
1 3.89 -6.33264 -2.00482 0.458304 1.31516 -0.375393 0.495035 -1.87216 -0.932624 -0.377609 -4.3682 0.894418 -7.95415
4 3.89 1.5 0 1.5 0 0 1.57075 0 0 0 0 0 0
5 3.89 50 0.00628209 13
6 3.89 -0.696708 -4.48394 5.98128 -20.5536
0 3.91 -6.28621 -1.98313 0.454814 1.27474 -0.373893 0.58979 -1.73341 -1.10919 -0.0516107 -0.126226 -4.30973 -1.49087
1 3.91 -6.35555 -2.0275 0.45275 1.34122 -0.367146 0.393974 -1.49848 -1.56172 -0.300124 1.13651 3.03318 0.120271
4 3.91 1.5 0 1.5 0 0 1.57075 0 0 0 0 0 0
5 3.91 50 0.00323892 6
6 3.91 32.4498 1.93852 8.40908 5.14418
