2 18.7 0.148338
2 18.72 0.145422
2 18.74 0.143747
2 18.75 0.139115
2 18.76 0.135241
2 18.77 0.127238
2 18.79 0.11346
2 18.8 0.104895
2 18.81 0.0950999
2 18.82 0.073904
2 18.84 0.05
2 18.85 0.05
2 18.86 0.05
2 18.88 0.05
2 18.89 0.05
2 18.9 0.05
2 18.91 0.05
2 18.92 0.05
2 18.94 0.05
2 18.95 0.05
2 18.96 0.05
2 18.98 0.05
2 18.99 0.05
2 19 0.05
2 19.02 0.05
2 19.04 0.05
2 19.05 0.05
2 19.07 0.05
2 19.08 0.05
2 19.09 0.05
2 19.11 0.05
2 19.12 0.05
2 19.13 0.05
2 19.15 0.05
2 19.16 0.05
2 19.18 0.05
2 19.18 0.05
2 19.19 0.05
2 19.21 0.05
2 19.22 0.05
2 19.23 0.05
2 19.25 0.05
2 19.26 0.05
2 19.27 0.05
2 19.28 0.05
2 19.3 0.05
2 19.31 0.05
2 19.33 0.05
2 19.33 0.05
2 19.36 0.05
2 19.36 0.05
2 19.37 0.05
2 19.39 0.05
2 19.41 0.05
2 19.41 0.05
2 19.42 0.05
2 19.43 0.05
2 19.44 0.05
2 19.46 0.05
2 19.47 0.05
2 19.48 0.05
2 19.49 0.05
2 19.51 0.05
2 19.52 0.05
2 19.53 0.05
2 19.54 0.05
2 19.57 0.05
2 19.57 0.05
2 19.58 0.05
2 19.59 0.05
2 19.62 0.05
2 19.62 0.05
2 19.63 0.405239
2 19.64 0.350351
2 19.66 0.289011
2 19.67 0.361574
2 19.68 0.415325
2 19.7 0.45993
2 19.71 0.488965
2 19.71 0.502738
2 19.74 0.49289
2 19.74 0.411677
2 19.75 0.407603
2 19.76 0.401308
2 19.77 0.390647
2 19.79 0.351825
2 19.8 0.337614
2 19.81 0.312471
2 19.82 0.295808
2 19.83 0.275811
2 19.86 0.227034
2 19.86 0.18117
2 19.87 0.161569
2 19.88 0.157854
2 19.9 0.164372
2 19.91 0.12484
2 19.92 0.10757
2 19.93 0.0873539
2 19.95 0.0580303
2 19.95 0.05
2 19.97 0.05
2 19.98 0.05
2 20 0.05
2 20.01 0.05
2 20.03 0.05
2 20.03 0.05
2 20.05 0.05
2 20.07 0.05
2 20.08 0.05
2 20.08 0.05
2 20.1 0.05
2 20.11 0.05
2 20.12 0.05
2 20.14 0.05
2 20.15 0.05
2 20.16 0.05
2 20.17 0.05
2 20.19 0.05
2 20.21 0.05
2 20.22 0.05
2 20.23 0.05
2 20.24 0.05
2 20.25 0.05
2 20.26 0.05
2 20.28 0.05
2 20.3 0.05
2 20.31 0.05
2 20.31 0.05
2 20.33 0.05
2 20.35 0.05
2 20.36 0.05
2 20.37 0.05
2 20.38 0.05
2 20.4 0.05
2 20.41 0.05
2 20.42 0.05
2 20.44 0.05
2 20.45 0.05
2 20.46 0.05
2 20.47 0.05
2 20.49 0.05
2 20.5 0.05
2 20.51 0.05
2 20.52 0.05
2 20.53 0.05
2 20.54 0.05
2 20.56 0.05
2 20.57 0.05
2 20.58 0.05
2 20.59 0.05
2 20.6 0.05
2 20.61 0.05
2 20.63 0.05
2 20.64 0.05
2 20.65 0.05
2 20.67 0.05
2 20.68 0.05
2 20.69 0.05
2 20.7 0.05
2 20.72 0.05
2 20.73 0.05
2 20.74 0.05
2 20.75 0.05
2 20.77 0.05
2 20.79 0.05
2 20.79 0.05
2 20.81 0.532897
2 20.82 0.05
2 20.83 0.452124
2 20.85 0.489785
2 20.86 0.636957
2 20.87 0.734998
2 20.88 0.268176
2 20.89 0.05
2 20.91 0.786632
2 20.92 0.05
2 20.93 0.05
2 20.94 0.05
