2 4.2 0.224846
2 4.21 0.224075
2 4.22 0.226058
2 4.23 0.226157
2 4.25 0.220165
2 4.26 0.23961
2 4.27 0.237103
2 4.28 0.23274
2 4.29 0.232781
2 4.31 0.243043
2 4.32 0.252092
2 4.33 0.269714
2 4.35 0.292787
2 4.36 0.303105
2 4.37 0.323362
2 4.38 0.339442
2 4.39 0.358381
2 4.4 0.345071
2 4.42 0.364565
2 4.43 0.375578
2 4.44 0.393207
2 4.46 0.390314
2 4.47 0.393295
2 4.48 0.395676
2 4.5 0.412055
2 4.51 0.448441
2 4.53 0.494153
2 4.55 0.509412
2 4.56 0.528271
2 4.58 0.547114
2 4.59 0.61002
2 4.61 0.642235
2 4.63 0.689092
2 4.64 0.718649
2 4.66 0.773545
2 4.67 0.8
2 4.68 0.8
2 4.69 0.8
2 4.7 0.8
2 4.71 0.8
2 4.72 0.8
2 4.73 0.8
2 4.74 0.8
2 4.76 0.8
2 4.77 0.8
2 4.78 0.8
2 4.79 0.8
2 4.81 0.8
2 4.82 0.8
2 4.83 0.8
2 4.84 0.8
2 4.85 0.8
2 4.87 0.8
2 4.88 0.8
2 4.89 0.8
2 4.9 0.8
2 4.92 0.8
2 4.93 0.8
2 4.95 0.8
2 4.96 0.8
2 4.97 0.8
2 4.98 0.8
2 4.99 0.8
2 5.01 0.8
2 5.02 0.8
2 5.03 0.8
2 5.05 0.8
2 5.06 0.8
2 5.07 0.8
2 5.08 0.8
2 5.1 0.8
2 5.11 0.8
2 5.12 0.8
2 5.13 0.8
2 5.15 0.8
2 5.16 0.8
2 5.17 0.8
2 5.19 0.8
2 5.2 0.8
2 5.21 0.8
2 5.22 0.8
2 5.24 0.8
2 5.25 0.8
2 5.26 0.8
2 5.28 0.8
2 5.29 0.8
2 5.3 0.8
2 5.32 0.8
2 5.33 0.8
2 5.34 0.8
2 5.36 0.8
2 5.37 0.8
2 5.38 0.8
2 5.39 0.8
2 5.41 0.8
2 5.42 0.8
2 5.43 0.8
2 5.45 0.8
2 5.46 0.8
2 5.47 0.8
2 5.49 0.8
2 5.5 0.8
2 5.51 0.8
2 5.52 0.8
2 5.53 0.8
2 5.54 0.485841
2 5.56 0.8
2 5.57 0.8
2 5.59 0.8
2 5.6 0.8
2 5.62 0.8
