2 0.97 0.246431
2 0.99 0.244458
2 1 0.243492
2 1.01 0.244916
2 1.02 0.247269
2 1.03 0.244502
2 1.05 0.241796
2 1.06 0.248089
2 1.07 0.254348
2 1.09 0.264084
2 1.1 0.274454
2 1.11 0.283659
2 1.13 0.290711
2 1.14 0.297895
2 1.16 0.295262
2 1.17 0.298233
2 1.18 0.300413
2 1.2 0.288686
2 1.21 0.291978
2 1.22 0.293611
2 1.23 0.29495
2 1.24 0.300849
2 1.25 0.30706
2 1.27 0.326384
2 1.28 0.34074
2 1.29 0.357814
2 1.3 0.374761
2 1.31 0.389413
2 1.33 0.402836
2 1.34 0.379582
2 1.35 0.386159
2 1.37 0.381331
2 1.38 0.391935
2 1.39 0.418019
2 1.4 0.447055
2 1.41 0.474949
2 1.42 0.504348
2 1.44 0.540709
2 1.45 0.570762
2 1.46 0.603342
2 1.47 0.635327
2 1.49 0.67026
2 1.5 0.715579
2 1.51 0.762546
2 1.52 0.8
2 1.54 0.8
2 1.55 0.8
2 1.56 0.8
2 1.57 0.8
2 1.59 0.8
2 1.6 0.8
2 1.61 0.8
2 1.62 0.8
2 1.63 0.8
2 1.65 0.8
2 1.66 0.8
2 1.67 0.8
2 1.68 0.8
2 1.7 0.8
2 1.71 0.8
2 1.72 0.8
2 1.73 0.8
2 1.74 0.8
2 1.75 0.8
2 1.76 0.8
2 1.78 0.8
2 1.79 0.8
2 1.8 0.8
2 1.81 0.8
2 1.82 0.8
2 1.84 0.8
2 1.85 0.8
2 1.86 0.8
2 1.87 0.8
2 1.88 0.8
2 1.89 0.8
2 1.91 0.8
2 1.92 0.8
2 1.93 0.8
2 1.94 0.8
2 1.96 0.8
2 1.97 0.8
2 1.98 0.8
2 1.99 0.8
2 2.01 0.8
2 2.02 0.8
2 2.03 0.8
2 2.04 0.8
2 2.05 0.8
2 2.06 0.8
2 2.08 0.8
2 2.09 0.8
2 2.1 0.8
2 2.11 0.8
2 2.13 0.8
2 2.14 0.8
2 2.15 0.8
2 2.16 0.8
2 2.17 0.8
2 2.18 0.8
2 2.2 0.8
2 2.21 0.8
2 2.23 0.8
2 2.24 0.8
2 2.25 0.8
2 2.26 0.8
2 2.27 0.8
2 2.28 0.8
2 2.29 0.8
2 2.31 0.768714
2 2.32 0.8
2 2.33 0.8
2 2.34 0.8
2 2.36 0.8
2 2.37 0.8
2 2.38 0.8
2 2.4 0.645789
2 2.41 0.660005
