2 1.28 0.231036
2 1.29 0.231003
2 1.3 0.23098
2 1.31 0.231017
2 1.32 0.230995
2 1.34 0.230783
2 1.35 0.230622
2 1.36 0.230551
2 1.38 0.230355
2 1.39 0.230219
2 1.4 0.230193
2 1.41 0.23023
2 1.42 0.230211
2 1.44 0.230238
2 1.45 0.230167
2 1.46 0.230161
2 1.48 0.230127
2 1.49 0.230109
2 1.5 0.230093
2 1.51 0.230159
2 1.52 0.230177
2 1.53 0.23016
2 1.55 0.230127
2 1.56 0.230059
2 1.57 0.230102
2 1.58 0.229965
2 1.6 0.229909
2 1.61 0.229943
2 1.62 0.22996
2 1.63 0.229879
2 1.65 0.229818
2 1.66 0.229777
2 1.67 0.229702
2 1.68 0.229643
2 1.69 0.229631
2 1.7 0.229565
2 1.72 0.22952
2 1.73 0.229414
2 1.74 0.229324
2 1.75 0.229281
2 1.76 0.2292
2 1.78 0.229103
2 1.79 0.228981
2 1.8 0.228893
2 1.81 0.228884
2 1.82 0.2288
2 1.83 0.228761
2 1.84 0.228647
2 1.86 0.228581
2 1.88 0.228491
2 1.89 0.228445
2 1.9 0.228303
2 1.91 0.228248
2 1.92 0.228234
2 1.94 0.228106
2 1.95 0.22809
2 1.96 0.228004
2 1.97 0.227881
2 1.99 0.227767
2 2 0.227693
2 2.01 0.227531
2 2.02 0.227488
2 2.03 0.227414
2 2.04 0.227405
2 2.06 0.227303
2 2.07 0.227163
2 2.08 0.227068
2 2.09 0.227038
2 2.11 0.226936
2 2.12 0.226851
2 2.13 0.226801
2 2.15 0.226722
2 2.16 0.226659
2 2.17 0.226542
2 2.19 0.226433
2 2.2 0.226407
2 2.21 0.22646
2 2.22 0.226323
2 2.23 0.226279
2 2.25 0.226208
2 2.26 0.22615
2 2.27 0.226113
2 2.28 0.225996
2 2.29 0.225933
2 2.3 0.225871
2 2.31 0.225751
2 2.33 0.225701
2 2.34 0.225611
2 2.35 0.225553
2 2.36 0.225524
2 2.37 0.225436
2 2.38 0.225337
2 2.4 0.22525
2 2.41 0.225168
2 2.42 0.225105
2 2.43 0.22503
2 2.44 0.224986
2 2.45 0.224934
2 2.46 0.224855
2 2.47 0.224757
2 2.48 0.22471
2 2.49 0.224569
2 2.51 0.224561
2 2.52 0.224466
2 2.53 0.224346
2 2.54 0.224182
2 2.55 0.224079
2 2.57 0.224062
2 2.58 0.223977
2 2.59 0.223942
2 2.6 0.223774
2 2.61 0.223659
2 2.63 0.223616
2 2.64 0.223536
2 2.65 0.223459
2 2.66 0.22337
2 2.68 0.223183
2 2.69 0.223107
2 2.7 0.223034
2 2.71 0.222948
2 2.72 0.222879
2 2.74 0.222743
2 2.75 0.222583
2 2.76 0.222522
2 2.77 0.222454
2 2.78 0.222299
2 2.8 0.222242
2 2.81 0.222125
2 2.82 0.222026
2 2.83 0.221891
2 2.85 0.221792
2 2.86 0.221719
2 2.87 0.221532
2 2.88 0.221401
2 2.89 0.221271
2 2.91 0.221207
2 2.92 0.22106
2 2.93 0.220949
2 2.94 0.220824
2 2.96 0.220663
2 2.97 0.220503
2 2.98 0.220382
2 2.99 0.220286
2 3.01 0.220089
2 3.02 0.220003
2 3.03 0.219862
2 3.04 0.219785
2 3.05 0.225483
2 3.06 0.231576
2 3.07 0.235273
2 3.09 0.23791
2 3.1 0.240013
2 3.11 0.241647
2 3.12 0.24291
2 3.14 0.243681
2 3.15 0.244074
2 3.16 0.244324
2 3.17 0.244526
2 3.18 0.244549
2 3.19 0.244646
2 3.2 0.24465
2 3.22 0.244573
2 3.23 0.244516
2 3.24 0.244465
2 3.25 0.244441
2 3.27 0.244465
2 3.28 0.24447
2 3.29 0.244421
2 3.3 0.244371
2 3.32 0.244382
2 3.33 0.24437
2 3.34 0.244379
2 3.35 0.244254
2 3.36 0.244216
2 3.38 0.244111
2 3.39 0.244134
2 3.4 0.244109
2 3.41 0.244095
2 3.42 0.243987
2 3.43 0.244007
2 3.45 0.243939
2 3.46 0.24387
2 3.47 0.243744
2 3.48 0.243704
2 3.49 0.243655
2 3.5 0.243592
2 3.52 0.243483
2 3.53 0.243462
2 3.54 0.2431
2 3.55 0.242849
2 3.57 0.242615
2 3.58 0.242479
2 3.59 0.242282
2 3.6 0.24214
2 3.62 0.241969
2 3.63 0.241932
2 3.64 0.241803
2 3.65 0.241664
2 3.67 0.241572
2 3.68 0.241474
2 3.69 0.241383
2 3.7 0.241324
2 3.72 0.241222
2 3.73 0.241163
2 3.74 0.240816
2 3.76 0.240519
2 3.77 0.240259
2 3.78 0.240079
2 3.79 0.240021
2 3.8 0.239883
2 3.82 0.239778
2 3.83 0.239676
2 3.84 0.239624
2 3.85 0.239501
2 3.86 0.239442
2 3.87 0.239381
2 3.89 0.239314
2 3.9 0.239193
2 3.91 0.239125
2 3.92 0.239072
2 3.93 0.239026
2 3.94 0.238822
2 3.96 0.238533
2 3.97 0.238347
2 3.99 0.238263
2 4 0.238201
2 4.01 0.238112
2 4.02 0.238039
2 4.03 0.237952
2 4.04 0.237876
2 4.06 0.237827
2 4.07 0.23782
2 4.08 0.237733
2 4.09 0.237695
2 4.1 0.237648
2 4.12 0.237496
2 4.13 0.237456
2 4.14 0.237204
2 4.15 0.237062
2 4.16 0.236858
2 4.17 0.236848
2 4.19 0.23673
2 4.2 0.23663
2 4.21 0.236605
2 4.23 0.236511
2 4.24 0.236464
2 4.25 0.23636
2 4.27 0.236254
2 4.29 0.23625
2 4.3 0.236209
2 4.31 0.236144
2 4.32 0.236055
2 4.33 0.236008
2 4.34 0.23584
2 4.36 0.235737
2 4.37 0.235672
2 4.38 0.235551
2 4.39 0.235419
2 4.41 0.235419
2 4.42 0.235386
2 4.43 0.235344
2 4.44 0.235222
2 4.45 0.235177
2 4.47 0.235109
2 4.48 0.235089
2 4.49 0.235012
2 4.5 0.234978
2 4.52 0.234963
2 4.53 0.23487
2 4.54 0.234743
2 4.55 0.234594
2 4.57 0.234487
2 4.58 0.234484
2 4.59 0.234409
2 4.6 0.234265
2 4.61 0.23421
2 4.62 0.234178
2 4.64 0.234101
2 4.65 0.234009
2 4.66 0.234002
2 4.68 0.233978
2 4.69 0.233959
2 4.7 0.233946
2 4.71 0.233822
2 4.72 0.233823
2 4.74 0.233769
2 4.75 0.233685
2 4.76 0.233489
2 4.78 0.233404
2 4.79 0.233331
2 4.8 0.233311
2 4.82 0.23319
2 4.83 0.233173
2 4.85 0.233104
2 4.86 0.233081
2 4.87 0.233077
2 4.88 0.232992
2 4.89 0.233013
2 4.91 0.232971
2 4.92 0.232965
2 4.93 0.232926
2 4.94 0.232719
2 4.95 0.232649
2 4.96 0.232604
2 4.98 0.232546
2 4.99 0.232568
2 5 0.232546
2 5.01 0.232429
2 5.03 0.232334
2 5.04 0.232264
2 5.06 0.232303
2 5.07 0.232238
2 5.08 0.232215
2 5.09 0.232179
2 5.11 0.232106
2 5.12 0.232092
2 5.13 0.232025
2 5.14 0.231925
2 5.15 0.231887
2 5.16 0.231835
2 5.18 0.231696
2 5.2 0.231629
2 5.21 0.231572
2 5.23 0.231524
2 5.24 0.231441
2 5.25 0.231485
2 5.26 0.231418
2 5.27 0.231348
2 5.28 0.231318
2 5.3 0.231264
2 5.31 0.231286
2 5.32 0.231257
2 5.33 0.231208
2 5.34 0.231145
2 5.35 0.23101
2 5.36 0.230957
2 5.38 0.230932
2 5.39 0.230897
2 5.4 0.230888
2 5.41 0.230787
2 5.42 0.230737
2 5.44 0.230684
2 5.45 0.230663
2 5.46 0.230636
2 5.48 0.230572
2 5.49 0.230513
2 5.5 0.230476
2 5.51 0.230384
2 5.53 0.230328
2 5.54 0.230331
2 5.56 0.230265
2 5.57 0.230187
2 5.58 0.230124
2 5.59 0.230075
2 5.6 0.230003
2 5.62 0.229937
2 5.63 0.229927
2 5.64 0.229864
2 5.65 0.229734
2 5.66 0.229756
2 5.67 0.229822
2 5.68 0.229785
2 5.7 0.229667
2 5.71 0.229653
2 5.72 0.2296
2 5.73 0.229483
2 5.75 0.229546
2 5.76 0.229492
2 5.76 0.229395
2 5.78 0.229294
2 5.79 0.229201
2 5.8 0.229199
2 5.82 0.229156
2 5.83 0.229114
2 5.84 0.229097
2 5.86 0.228941
2 5.87 0.228897
2 5.88 0.228872
2 5.9 0.228849
2 5.91 0.22884
2 5.92 0.228781
2 5.93 0.228666
2 5.94 0.228603
2 5.96 0.228566
2 5.97 0.228541
2 5.98 0.228492
2 5.99 0.2284
2 6.01 0.228296
2 6.02 0.228268
2 6.03 0.228233
2 6.05 0.228194
2 6.06 0.228121
2 6.07 0.228063
2 6.08 0.228049
2 6.1 0.227947
2 6.11 0.227864
2 6.12 0.227838
2 6.13 0.227759
2 6.15 0.227731
2 6.16 0.22767
2 6.18 0.227491
2 6.19 0.227408
2 6.2 0.227349
2 6.21 0.227356
2 6.23 0.227309
2 6.24 0.227259
2 6.25 0.227146
2 6.27 0.227083
2 6.28 0.227035
2 6.29 0.226998
2 6.3 0.226945
2 6.32 0.226835
2 6.33 0.226791
2 6.34 0.226713
2 6.35 0.226624
2 6.37 0.226555
2 6.38 0.226473
2 6.39 0.2264
2 6.4 0.226355
2 6.41 0.226199
2 6.43 0.226214
2 6.44 0.226118
