2 0.8 0.121201
2 0.81 0.120976
2 0.82 0.120901
2 0.83 0.119196
2 0.84 0.113084
2 0.85 0.110084
2 0.87 0.0893088
2 0.88 0.0800836
2 0.89 0.0627877
2 0.9 0.05
2 0.91 0.05
2 0.92 0.05
2 0.93 0.05
2 0.95 0.05
2 0.96 0.05
2 0.97 0.05
2 0.98 0.05
2 0.99 0.05
2 1.01 0.05
2 1.02 0.05
2 1.03 0.05
2 1.05 0.05
2 1.06 0.05
2 1.07 0.05
2 1.08 0.05
2 1.1 0.05
2 1.11 0.05
2 1.12 0.05
2 1.13 0.05
2 1.15 0.05
2 1.16 0.05
2 1.17 0.05
2 1.18 0.05
2 1.2 0.05
2 1.21 0.05
2 1.22 0.05
2 1.24 0.05
2 1.25 0.05
2 1.26 0.05
2 1.28 0.05
2 1.29 0.05
2 1.3 0.05
2 1.31 0.05
2 1.32 0.05
2 1.33 0.05
2 1.35 0.05
2 1.36 0.05
2 1.37 0.05
2 1.39 0.05
2 1.4 0.05
2 1.41 0.05
2 1.42 0.05
2 1.44 0.05
2 1.45 0.05
2 1.46 0.05
2 1.47 0.05
2 1.49 0.05
2 1.5 0.05
2 1.51 0.05
2 1.53 0.0955558
2 1.54 0.123021
2 1.55 0.161153
2 1.56 0.195704
2 1.57 0.232247
2 1.59 0.277973
2 1.6 0.315076
2 1.61 0.337801
2 1.62 0.370644
2 1.63 0.405266
2 1.64 0.426977
2 1.65 0.453341
2 1.67 0.509087
2 1.68 0.530096
2 1.69 0.552302
2 1.7 0.582425
2 1.72 0.618867
2 1.73 0.639035
2 1.74 0.668305
2 1.75 0.691281
2 1.77 0.72128
2 1.78 0.741052
2 1.79 0.76252
2 1.8 0.789445
2 1.81 0.8
2 1.83 0.8
2 1.84 0.8
2 1.85 0.8
2 1.86 0.8
2 1.88 0.8
2 1.89 0.8
2 1.9 0.8
2 1.91 0.8
2 1.92 0.8
2 1.94 0.8
2 1.96 0.8
2 1.97 0.8
2 1.98 0.8
2 2 0.8
2 2.01 0.8
2 2.02 0.8
2 2.03 0.8
2 2.04 0.8
2 2.06 0.8
2 2.08 0.8
2 2.09 0.8
2 2.1 0.8
2 2.12 0.8
2 2.13 0.8
2 2.14 0.8
2 2.15 0.8
2 2.17 0.8
2 2.18 0.8
2 2.19 0.8
2 2.2 0.8
2 2.21 0.8
2 2.22 0.8
2 2.23 0.8
2 2.25 0.8
2 2.26 0.8
2 2.27 0.8
2 2.28 0.8
2 2.3 0.8
2 2.31 0.8
2 2.32 0.8
2 2.34 0.8
2 2.35 0.8
2 2.36 0.8
2 2.37 0.8
2 2.39 0.8
2 2.4 0.8
2 2.41 0.8
2 2.43 0.8
2 2.44 0.769076
2 2.45 0.756274
2 2.46 0.738434
2 2.47 0.735823
2 2.49 0.684696
2 2.5 0.637885
2 2.51 0.634103
2 2.52 0.593503
2 2.53 0.559356
2 2.54 0.52563
2 2.55 0.516608
2 2.57 0.44941
2 2.58 0.42033
2 2.6 0.392725
2 2.6 0.360012
2 2.62 0.348799
2 2.63 0.28579
2 2.64 0.232557
2 2.65 0.201908
2 2.66 0.165744
2 2.67 0.130127
2 2.68 0.0824925
2 2.7 0.05
2 2.71 0.05
2 2.72 0.05
2 2.74 0.05
2 2.75 0.05
2 2.76 0.05
2 2.77 0.05
2 2.79 0.05
2 2.8 0.05
2 2.81 0.05
2 2.83 0.05
2 2.84 0.05
2 2.85 0.05
2 2.86 0.05
2 2.87 0.05
2 2.89 0.05
2 2.9 0.05
2 2.91 0.05
2 2.92 0.05
2 2.93 0.05
2 2.95 0.05
2 2.96 0.05
2 2.97 0.05
2 2.98 0.05
2 3 0.05
2 3.01 0.05
2 3.02 0.05
2 3.03 0.05
2 3.04 0.05
2 3.05 0.05
2 3.06 0.05
2 3.08 0.05
2 3.09 0.05
2 3.1 0.05
2 3.11 0.05
2 3.13 0.05
2 3.14 0.05
2 3.15 0.05
2 3.16 0.05
2 3.18 0.05
2 3.19 0.05
2 3.2 0.05
2 3.21 0.05
2 3.22 0.05
2 3.24 0.05
2 3.25 0.05
2 3.26 0.05
2 3.27 0.05
2 3.29 0.05
2 3.3 0.05
2 3.31 0.05
2 3.32 0.05
2 3.33 0.05
2 3.35 0.05
2 3.36 0.05
2 3.37 0.05
2 3.38 0.05
2 3.39 0.05
2 3.4 0.05
2 3.42 0.05
2 3.43 0.05
2 3.44 0.05
2 3.45 0.05
2 3.47 0.05
2 3.48 0.05
2 3.49 0.05
2 3.5 0.05
2 3.51 0.05
2 3.53 0.05
2 3.54 0.05
2 3.55 0.05
2 3.56 0.05
2 3.58 0.05
2 3.59 0.05
2 3.6 0.05
2 3.61 0.05
2 3.62 0.05
2 3.64 0.05
2 3.65 0.05
2 3.66 0.05
2 3.68 0.05
2 3.69 0.05
2 3.7 0.05
2 3.71 0.05
2 3.73 0.05
2 3.74 0.05
2 3.75 0.05
2 3.76 0.05
2 3.78 0.05
2 3.79 0.05
2 3.8 0.05
2 3.82 0.05
